x y z obstacle 
85443.4 446900.0 7.636 0
85449.5 446896.0 7.845 1
85450.0 446896.0 7.873 1
85448.5 446895.0 5.048 2
85448.5 446895.0 4.865 2
85448.1 446895.0 5.04 2
85448.1 446895.0 4.732 2
85448.4 446894.0 3.54 2
85447.9 446894.0 3.458 2
85447.6 446894.0 3.414 2
85447.5 446894.0 3.364 2
85448.8 446894.0 5.051 2
85448.8 446894.0 4.776 2
85447.7 446895.0 4.664 2
85447.7 446895.0 4.986 2
85447.4 446895.0 4.986 2
85447.4 446895.0 4.664 2
85447.1 446895.0 4.934 2
85447.0 446895.0 4.682 2
85446.7 446895.0 4.95 2
85446.7 446895.0 4.69 2
85446.4 446895.0 4.709 2
85446.4 446895.0 4.905 2
85446.0 446895.0 4.875 2
85446.0 446895.0 4.7 2
85445.6 446895.0 4.896 2
85449.5 446895.0 7.86 3
85449.5 446895.0 7.231 4
85440.5 446897.0 7.892 5
85440.4 446896.0 7.89 5
85440.5 446897.0 7.895 5
85440.5 446897.0 7.884 5
85430.8 446897.0 7.814 6
85430.9 446898.0 7.905 6
85430.9 446898.0 7.815 6
85430.6 446898.0 7.823 6
85430.5 446897.0 7.741 6
85430.5 446898.0 7.886 6
85432.9 446896.0 3.516 7
85432.4 446896.0 3.514 7
85432.0 446896.0 3.503 7
85431.7 446896.0 3.44 7
85431.3 446896.0 3.491 7
85430.8 446897.0 5.699 7
85430.4 446897.0 5.745 7
85440.1 446896.0 7.894 8
85440.1 446897.0 7.901 8
85440.1 446897.0 7.897 8
85440.2 446897.0 7.902 8
85440.4 446896.0 7.273 9
85439.3 446896.0 4.868 9
85439.3 446896.0 5.076 9
85438.9 446896.0 5.038 9
85438.9 446896.0 4.837 9
85438.6 446896.0 5.029 9
85440.0 446896.0 6.883 9
85438.6 446896.0 4.703 10
85438.2 446896.0 4.668 10
85438.3 446896.0 4.954 10
85437.8 446896.0 4.697 10
85437.8 446896.0 5.1 10
85437.3 446896.0 4.99 10
85436.8 446896.0 4.821 10
85436.4 446896.0 4.761 10
85436.0 446896.0 4.686 10
85436.1 446896.0 5.108 10
85435.7 446896.0 5.044 10
85435.7 446896.0 4.718 10
85435.4 446896.0 4.989 10
85434.9 446896.0 3.481 10
85435.0 446896.0 3.473 10
85435.0 446896.0 3.458 10
85435.0 446896.0 4.843 10
85434.5 446896.0 3.498 10
85434.6 446896.0 4.72 10
85434.2 446896.0 4.696 10
85434.1 446896.0 3.132 10
85433.8 446896.0 4.695 10
85431.4 446903.0 5.972 11
85431.3 446902.0 6.486 11
85431.1 446901.0 7.217 11
85431.0 446900.0 6.617 11
85431.2 446901.0 7.257 11
85431.4 446904.0 5.222 11
85431.1 446900.0 6.834 11
85421.9 446912.0 7.484 12
85421.6 446912.0 7.855 12
85421.7 446912.0 7.977 12
85421.3 446912.0 7.732 12
85421.4 446912.0 7.886 12
85422.0 446913.0 7.861 12
85422.0 446912.0 7.865 12
85421.7 446913.0 7.873 12
85421.4 446913.0 7.865 12
85421.6 446912.0 6.099 13
85421.3 446912.0 5.83 13
85418.6 446912.0 3.452 14
85418.4 446912.0 3.527 14
85418.1 446912.0 3.506 14
85417.4 446913.0 5.011 14
85417.4 446913.0 4.744 14
85417.3 446913.0 3.62 14
85417.3 446912.0 3.746 14
85417.1 446913.0 5.021 14
85417.0 446913.0 3.562 14
85417.0 446913.0 4.677 14
85417.0 446913.0 3.408 14
85420.7 446911.0 3.565 14
85420.4 446911.0 3.608 14
85420.4 446911.0 3.778 14
85420.2 446912.0 5.153 14
85420.2 446912.0 4.734 14
85420.2 446912.0 4.915 14
85419.9 446912.0 4.72 14
85419.9 446912.0 4.947 14
85419.5 446912.0 4.919 14
85419.0 446912.0 3.431 14
85419.1 446912.0 4.853 14
85417.6 446913.0 4.663 14
85417.7 446913.0 5.055 14
85421.9 446912.0 6.787 15
85421.9 446912.0 6.15 15
85421.6 446912.0 7.333 15
85413.2 446917.0 7.857 16
85413.1 446916.0 7.895 16
85413.1 446916.0 7.838 16
85413.0 446916.0 6.952 16
85412.8 446916.0 7.93 16
85412.8 446917.0 7.853 16
85403.7 446920.0 7.913 17
85404.1 446920.0 7.919 17
85407.5 446917.0 4.725 18
85407.4 446917.0 3.435 18
85407.5 446917.0 3.206 18
85407.5 446917.0 4.938 18
85407.4 446917.0 3.575 18
85405.5 446918.0 5.11 18
85405.4 446918.0 4.949 18
85405.4 446918.0 4.736 18
85405.1 446918.0 4.94 18
85405.1 446918.0 4.725 18
85404.8 446918.0 4.969 18
85404.7 446918.0 3.566 18
85404.8 446918.0 4.709 18
85404.5 446918.0 4.671 18
85404.4 446918.0 3.275 18
85404.2 446918.0 4.101 18
85404.3 446918.0 4.666 18
85407.8 446917.0 4.903 18
85407.2 446917.0 4.95 18
85407.2 446917.0 4.722 18
85407.1 446917.0 3.723 18
85406.7 446917.0 4.716 18
85404.1 446919.0 7.886 19
85404.0 446919.0 7.338 19
85403.8 446918.0 3.659 20
85403.8 446918.0 3.833 20
85404.0 446919.0 5.583 20
85412.7 446916.0 7.929 21
85412.7 446916.0 7.947 21
85412.5 446916.0 7.847 21
85412.5 446916.0 7.882 21
85412.5 446916.0 7.915 21
85412.2 446916.0 7.86 21
85398.3 446932.0 7.944 22
85398.3 446932.0 7.927 22
85398.3 446932.0 6.347 22
85397.6 446932.0 6.664 22
85397.7 446932.0 6.03 22
85397.6 446932.0 7.325 22
85397.6 446932.0 7.863 22
85397.8 446932.0 7.91 22
85397.8 446932.0 7.911 22
85398.1 446932.0 7.906 22
85398.1 446932.0 7.974 22
85398.0 446932.0 7.626 22
85398.1 446932.0 7.987 22
85398.0 446932.0 6.087 22
85397.7 446932.0 7.828 22
85397.7 446932.0 6.398 22
85397.7 446932.0 7.9 22
85394.1 446933.0 5.037 23
85394.3 446933.0 5.074 23
85394.4 446933.0 4.709 23
85394.1 446933.0 4.737 23
85394.1 446933.0 5.06 23
85393.5 446933.0 5.054 23
85393.8 446933.0 4.971 23
85394.6 446932.0 3.506 23
85393.8 446933.0 5.063 23
85393.8 446933.0 4.863 23
85393.4 446933.0 4.849 23
85394.6 446935.0 7.472 23
85394.9 446935.0 7.36 23
85394.9 446935.0 7.429 23
85394.9 446935.0 7.432 23
85395.2 446935.0 7.418 23
85395.2 446935.0 7.432 23
85395.2 446935.0 7.42 23
85395.3 446935.0 7.421 23
85395.0 446935.0 7.495 23
85395.1 446935.0 7.412 23
85395.0 446935.0 7.411 23
85394.7 446935.0 7.495 23
85394.7 446935.0 7.5 23
85394.8 446935.0 7.485 23
85393.1 446935.0 7.437 23
85393.3 446935.0 7.472 23
85393.3 446935.0 7.456 23
85395.4 446934.0 7.439 23
85395.8 446934.0 7.439 23
85395.7 446934.0 7.474 23
85395.3 446934.0 7.492 23
85392.8 446935.0 7.454 23
85396.1 446934.0 7.418 23
85396.2 446934.0 7.486 23
85396.2 446934.0 7.42 23
85389.3 446936.0 8.323 24
85395.9 446932.0 5.033 25
85396.3 446932.0 5.025 25
85396.6 446932.0 5.08 25
85396.8 446932.0 5.042 25
85396.9 446932.0 4.986 25
85396.8 446932.0 4.738 25
85396.9 446932.0 5.144 25
85396.5 446932.0 4.99 25
85396.4 446932.0 4.71 25
85396.0 446932.0 4.981 25
85395.9 446932.0 4.725 25
85395.4 446932.0 4.737 25
85397.5 446934.0 7.439 25
85397.8 446934.0 7.475 25
85397.5 446934.0 7.486 25
85397.5 446934.0 7.456 25
85397.6 446934.0 7.397 25
85397.9 446933.0 6.928 25
85397.8 446933.0 7.582 25
85398.1 446933.0 7.044 25
85397.8 446933.0 7.885 25
85396.4 446934.0 7.416 25
85398.4 446933.0 6.962 26
85398.6 446933.0 7.648 26
85398.1 446933.0 7.721 26
85398.3 446933.0 7.698 26
85398.1 446933.0 7.966 26
85390.6 446936.0 7.446 27
85390.9 446936.0 7.43 27
85391.1 446936.0 7.46 27
85391.4 446936.0 7.456 27
85391.4 446936.0 7.386 27
85391.6 446936.0 7.391 27
85391.6 446936.0 7.427 27
85391.2 446936.0 7.403 27
85390.9 446936.0 7.397 27
85389.2 446935.0 6.569 27
85389.3 446935.0 7.488 27
85389.2 446935.0 6.041 27
85389.3 446935.0 5.523 27
85389.3 446936.0 7.94 27
85389.3 446936.0 7.901 27
85389.4 446936.0 8.058 27
85389.4 446936.0 7.918 27
85389.3 446936.0 7.892 27
85389.7 446936.0 6.495 27
85389.6 446936.0 7.902 27
85389.6 446936.0 7.298 27
85388.6 446936.0 6.337 27
85388.8 446936.0 6.74 27
85388.8 446936.0 6.103 27
85389.3 446937.0 7.36 27
85389.3 446937.0 6.555 27
85389.4 446937.0 7.935 27
85389.0 446937.0 7.066 27
85380.0 446940.0 7.269 28
85380.0 446940.0 7.893 28
85380.2 446940.0 8.153 28
85380.2 446940.0 8.003 28
85380.0 446940.0 8.031 28
85380.1 446940.0 8.002 28
85388.8 446936.0 7.428 29
85388.8 446936.0 7.888 29
85389.0 446936.0 8.268 29
85389.0 446936.0 7.953 29
85389.0 446936.0 7.907 29
85389.0 446936.0 7.903 29
85389.0 446936.0 7.93 29
85388.9 446936.0 8.262 29
85388.4 446937.0 7.401 29
85388.1 446937.0 7.488 29
85387.7 446937.0 7.475 29
85389.0 446937.0 7.688 29
85386.3 446938.0 7.413 29
85386.3 446938.0 7.495 29
85386.4 446938.0 7.408 29
85380.5 446940.0 6.929 30
85380.5 446940.0 8.053 30
85380.5 446940.0 7.631 30
85380.7 446940.0 7.895 30
85380.8 446940.0 6.412 30
85380.8 446940.0 7.165 30
85380.6 446940.0 8.021 30
85380.6 446940.0 7.997 30
85382.2 446941.0 7.374 30
85382.2 446941.0 7.484 30
85382.1 446941.0 7.543 30
85380.0 446940.0 6.614 30
85380.3 446940.0 7.36 30
85380.3 446940.0 6.664 30
85382.8 446939.0 7.532 31
85383.4 446939.0 7.431 31
85383.6 446939.0 7.453 31
85383.9 446939.0 7.498 31
85384.1 446939.0 7.52 31
85384.1 446939.0 7.461 31
85386.0 446938.0 7.487 31
85386.1 446938.0 7.414 31
85384.2 446939.0 7.478 31
85383.9 446939.0 7.442 31
85383.8 446939.0 7.513 31
85383.5 446939.0 7.519 31
85383.1 446939.0 7.513 31
85381.5 446938.0 5.047 31
85381.3 446938.0 4.969 31
85384.1 446937.0 5.003 31
85384.0 446937.0 4.784 31
85384.0 446937.0 4.983 31
85381.7 446938.0 4.843 31
85381.9 446938.0 4.857 31
85381.9 446938.0 5.167 31
85382.2 446938.0 5.118 31
85383.3 446937.0 4.819 31
85383.6 446937.0 4.823 31
85383.6 446937.0 4.777 31
85383.2 446937.0 4.723 31
85382.2 446938.0 5.123 31
85382.2 446938.0 4.955 31
85381.8 446938.0 4.944 31
85380.3 446939.0 8.023 32
85380.5 446939.0 8.011 32
85380.5 446939.0 6.289 32
85380.5 446939.0 7.565 32
85380.9 446938.0 4.809 32
