ncols 67 
nrows 58 
xllcorner 159483.445984
yllcorner 383864.621002
cellsize 0.25
nodata_value -9999 
2.3361 4.1582 4.176 4.1955 6.3926 6.4375 6.4857 12.4052 20.3401 20.7609 20.788 18.7289 18.6627 18.5886 17.1162 15.8945 10.9661 10.7986 10.6244 3.3713 3.8224 3.8464 4.2386 4.2311 4.6905 4.7096 4.5752 5.3348 5.3756 5.4201 6.454 5.4016 4.9209 4.8892 5.0767 5.0325 4.838 4.792 4.1264 4.1961 4.1308 4.5841 4.5996 4.6142 4.6293 5.0783 5.0896 5.1016 5.6723 5.6862 5.7022 5.7192 5.7361 5.7519 6.6357 6.6641 6.6892 6.7109 6.7294 6.7449 6.7579 6.7686 6.7775 6.7848 6.7907 6.7956 8.9439 
2.3382 2.3348 4.1641 4.1847 6.368 6.4161 6.4682 12.351 20.2678 20.4464 20.7931 20.8231 18.7058 18.6257 17.1767 17.0067 11.019 10.8335 10.6393 3.3705 3.8244 3.8143 4.6013 4.224 4.6772 4.6988 4.5472 5.3164 5.3621 5.4128 6.4499 5.4658 4.9496 4.9141 4.8717 5.0454 4.5813 4.7889 4.1219 4.1967 4.2024 4.1432 4.5946 4.6121 4.6305 5.0698 5.083 5.0969 5.6562 5.6735 5.6937 5.715 5.7358 6.602 6.639 6.6716 6.6995 6.7229 6.7422 6.7579 6.7707 6.781 6.7892 6.7958 8.9126 8.9436 8.9706 
2.3406 2.337 4.1503 4.1721 4.1963 6.3909 6.4472 12.2865 12.449 20.3746 20.7977 20.833 18.7573 18.671 18.5729 17.0631 16.8613 10.8788 10.6613 3.3696 3.3774 3.816 3.8313 4.2159 4.6611 4.6857 4.7124 4.5952 5.3439 5.4017 6.4438 6.4831 5.4263 4.9463 4.8972 5.0632 4.5873 4.7856 3.8149 3.8807 4.2044 4.1452 4.5872 4.6084 4.6314 5.0604 5.0748 5.091 5.6355 5.6576 5.6839 5.7114 5.7373 6.603 6.6469 6.684 6.7145 6.7391 6.7586 6.774 6.786 6.7954 6.8026 8.9108 8.9456 8.9754 9.3233 
2.3433 2.3396 2.3355 4.1574 4.1832 6.361 6.4219 6.4883 12.3862 20.2866 20.5163 20.8432 18.819 18.7265 18.619 17.1341 16.9083 10.9374 10.6925 3.3685 3.3777 3.8185 4.6853 4.5744 4.3439 4.6695 4.7005 4.5603 5.3193 5.3855 6.4349 6.4817 5.4621 4.9887 4.9318 5.0884 4.5962 4.5239 3.8088 4.1364 4.2067 4.1472 4.5736 4.602 4.6313 5.0539 5.0648 5.0831 5.6078 5.6371 5.6727 5.7093 6.5489 6.6104 6.6619 6.7033 6.7357 6.7605 6.7793 6.7934 6.804 8.8656 8.9119 8.9509 8.9838 9.3395 9.3785 
2.3465 2.3426 2.3382 4.1402 4.1676 6.3255 6.3914 6.464 12.3099 20.1786 20.4304 20.8531 20.9007 18.7947 18.6773 17.2241 16.9703 11.0133 10.7363 3.3671 3.3781 3.8224 4.6792 4.5718 4.3272 4.6491 4.6855 4.7241 5.2861 5.3618 5.4488 6.4784 6.479 5.0452 4.9795 4.8952 4.6097 4.517 3.7988 4.1291 4.2089 4.2222 4.5901 4.591 4.6292 5.0472 5.0526 5.546 5.5687 5.6093 5.6605 5.7109 6.5529 6.6287 6.6878 6.7321 6.7645 6.7879 6.8047 7.7007 8.8646 8.9176 8.9613 9.3126 9.3631 9.4053 9.4405 
2.3501 2.346 2.3413 2.3361 4.149 4.1821 6.3544 6.4338 6.521 12.4467 20.3216 20.8619 20.9205 18.8788 18.7512 18.5993 17.0522 16.7402 10.7967 10.4635 3.3786 3.3904 4.6728 4.6537 4.5333 4.3246 4.6663 4.7126 5.2411 5.3276 5.4303 6.4717 6.5101 5.5205 5.0473 4.9435 4.6308 4.5081 3.7831 4.1165 4.2106 4.2298 4.3867 4.85 4.6225 5.0412 5.2522 5.4848 5.5085 5.5688 5.649 6.4539 6.5743 6.6648 6.729 6.773 6.8026 7.6712 7.7052 8.8702 8.9308 8.9795 9.342 9.3973 11.3187 14.4635 14.515 
2.3544 2.3501 2.3451 2.3395 4.1268 4.1622 6.3094 6.3964 6.4932 12.3558 20.1836 20.5236 20.9411 18.9828 18.8456 18.6763 17.1609 16.8014 10.8794 10.4943 3.3793 3.394 3.8135 4.6426 4.5258 4.3008 4.641 4.6976 4.7548 5.2782 5.3995 6.4592 6.5512 6.5121 5.1463 5.018 4.849 4.4962 4.3573 4.0955 4.2106 4.2392 4.6266 4.801 4.8656 5.0366 5.2179 5.3946 5.4007 5.5042 5.6474 6.4755 6.6284 6.7285 6.7909 6.8286 7.6782 7.7175 8.8874 8.9564 9.01 9.3871 11.9728 14.4306 14.4976 14.5522 14.5969 
2.3592 2.3549 2.3496 2.3436 2.3366 4.138 3.9929 6.3497 6.4573 6.5761 20.0082 20.3866 20.9608 21.0473 18.9667 18.7792 18.5483 16.889 10.9925 10.5435 3.38 3.3991 3.8219 4.6301 5.2519 4.9112 4.6067 4.6774 4.7485 5.2075 5.3498 6.4368 6.5563 6.5685 6.1012 5.1386 4.9051 4.4792 4.29 4.0611 4.1556 4.2494 4.6022 4.6321 4.8048 5.0331 5.0354 5.276 5.1428 5.4033 6.2686 6.5665 6.738 6.8308 7.6354 7.701 8.822 8.9258 9.0027 11.8503 11.947 14.3871 14.4776 14.5489 14.6054 14.6504 14.6864 
2.3649 2.3604 2.355 2.3485 2.341 4.1085 4.1559 4.7133 6.4108 6.5454 13.0317 20.2052 20.6867 21.0908 19.1229 18.918 18.6524 17.0143 16.4743 10.6183 3.3804 3.4063 3.4243 4.616 5.2224 4.5139 4.2671 4.6494 4.7397 5.8892 5.272 6.3967 6.5557 7.4418 7.2026 6.1032 5.0096 4.4528 4.1857 3.8416 4.1353 4.2599 4.5621 4.5917 4.7044 4.9204 4.9864 5.4666 4.4103 5.7576 6.4683 6.7823 7.5549 7.6869 7.7584 8.8854 9.0031 11.7663 11.9132 14.3278 14.4558 14.5522 14.6254 14.6813 14.7241 14.7571 14.7826 
2.3714 2.367 2.3614 2.3546 2.3465 2.3369 4.1231 4.6829 6.3504 6.5033 12.8967 19.9641 20.5117 21.1355 19.3249 19.107 18.8032 17.1952 16.5411 10.7277 3.3793 3.4163 3.4421 5.2963 4.5482 5.1359 4.8606 4.6092 4.7268 5.8005 5.2333 6.3258 6.5423 7.4108 7.2547 7.2154 5.2186 4.4026 3.9689 4.0572 4.269 4.6269 4.5754 4.5769 4.7473 5.0418 4.9547 5.9316 6.5537 6.4657 7.0418 7.6941 7.8458 7.8927 10.0957 11.6248 11.8691 12.0345 14.4363 14.5724 14.6694 14.7391 14.7894 14.8257 14.852 18.0178 18.0512 
2.3789 2.3747 2.3691 2.3621 2.3533 2.3428 2.3305 3.9601 4.7184 6.4454 7.417 13.0398 20.2645 21.1747 21.371 19.3661 19.0251 22.213 16.6535 15.7845 10.0838 3.4297 3.4703 5.2342 5.2042 5.0661 4.4519 4.8845 4.7072 5.5719 5.7591 5.404 6.5054 8.0973 7.7843 7.3861 6.2554 4.3895 3.7637 3.8701 4.3575 4.9034 4.7819 3.9987 4.9688 6.4157 7.0117 7.9007 8.1749 7.7441 8.6526 9.4677 9.9397 10.2357 12.3497 12.6294 14.4365 14.637 14.7675 14.8525 17.1333 17.1685 17.1932 18.0475 18.0868 18.1173 18.1408 
2.6054 2.3837 2.3784 2.3712 2.3619 2.3504 2.3365 3.9137 4.6765 6.3654 7.3762 12.8429 19.9153 20.7655 21.4793 19.7227 19.357 22.3401 16.84 15.7178 10.4346 3.4454 3.5163 4.7613 5.0858 4.9529 5.3419 4.848 4.6779 6.7868 6.3058 6.7392 7.5084 8.1422 7.4582 7.8535 7.4912 5.064 3.5475 3.7508 4.9564 5.4452 5.2336 6.6455 6.8728 8.2117 10.3366 10.316 9.4622 9.7833 9.648 10.3713 12.2243 12.7602 14.5302 16.8743 17.0458 17.1472 17.2084 17.2457 17.2684 17.2819 18.1486 18.1815 18.3482 18.3655 19.2508 
2.6111 2.6074 2.3894 2.3824 2.3728 2.3603 2.3447 2.3261 4.619 4.7367 6.5257 7.3584 13.0749 20.414 24.1464 21.9713 19.8608 22.6211 21.3479 15.6438 10.3031 3.4559 3.592 6.4677 4.9271 4.7902 5.0685 5.4342 4.9407 6.3779 6.247 6.3585 7.6824 8.6465 7.1795 5.9063 8.2813 6.7288 4.9507 6.9732 7.842 8.92 8.2787 10.7411 11.6965 10.4864 12.7607 13.8225 12.7032 12.7671 14.4787 14.922 15.3721 17.0035 17.2349 17.3475 17.3983 17.4176 17.421 17.4164 19.9107 19.9348 19.952 20.896 21.8604 21.8817 21.8988 
2.6178 2.6144 2.6097 2.3961 2.3866 2.3734 2.356 2.3342 3.879 4.6763 4.8445 7.303 12.7676 19.8709 23.8343 22.2707 20.629 23.1993 21.4619 16.0925 13.5365 6.0945 3.7096 6.5787 4.4722 4.2762 4.2443 5.3696 5.6077 5.5828 5.0825 6.156 9.2088 9.9377 10.7517 8.1767 9.6155 12.2354 12.6929 11.0543 11.3276 14.2159 13.9623 12.6564 14.9684 15.2456 14.7259 15.3633 16.0177 17.0267 17.727 17.689 18.9663 17.9584 17.8993 17.8242 17.7507 19.8746 19.9258 20.8462 20.8807 20.9052 21.8018 21.8799 21.902 21.9191 21.9323 
2.6255 2.6228 2.6186 2.6124 2.4041 2.3907 2.3716 2.3463 3.7796 4.586 4.7907 7.2048 12.3196 13.1932 23.2869 24.6872 24.2572 24.3507 22.0138 15.7256 12.9807 9.2615 6.6669 6.9222 5.7524 3.2509 2.7608 5.7017 5.9597 3.5937 6.0619 10.2827 13.5273 14.3642 18.5181 18.5669 14.8905 18.7363 18.2556 19.4569 19.3758 15.8765 16.4949 17.0538 16.4817 17.688 18.1234 17.7487 18.249 18.4655 18.5677 19.2175 19.284 19.3274 19.8022 19.8649 20.7481 20.8337 20.8893 20.9251 21.7993 21.8814 21.9107 21.9322 21.948 22.6031 22.6095 
2.6343 2.6326 2.6294 2.624 2.6157 2.4135 2.3935 2.3646 2.3261 3.8155 4.6966 7.0324 7.5373 12.6785 22.3439 24.1222 25.0985 23.9586 23.8235 17.8058 10.4096 7.2778 6.8985 7.4833 6.364 3.9344 3.2899 7.5075 8.4884 10.45 19.0007 20.7225 21.569 21.5982 26.2463 26.2745 26.0696 22.5035 22.916 22.1723 22.4024 22.2449 19.1261 18.136 19.1182 20.9271 19.5383 19.0311 19.2132 19.3498 18.6978 19.4833 20.1261 20.4075 20.6529 20.8173 20.9171 21.6224 21.8075 21.8468 21.9324 21.959 22.6008 22.6109 22.6182 22.6234 22.6272 
2.6441 2.6439 2.6423 2.6384 2.6312 2.6192 2.4241 2.3922 2.3453 3.6338 4.5338 6.7296 7.3914 11.9059 15.3998 22.8873 26.9196 31.0267 28.9925 18.8969 5.4158 6.4909 12.63 10.8473 5.9392 5.1332 6.2533 10.1101 15.4708 20.2162 23.4731 25.044 28.7599 29.3339 27.8017 29.8673 30.0209 28.4106 26.6555 24.1095 24.0196 23.9708 24.3928 22.7071 21.5886 20.3888 21.6101 20.5047 20.6963 20.5429 20.5221 20.4589 20.6496 21.2156 21.5287 21.6673 21.7296 21.9069 22.5819 22.598 22.6159 22.6274 22.6347 22.6395 22.6425 22.6444 22.6455 
2.8141 2.6565 2.6573 2.656 2.6513 2.6411 2.6226 2.4343 2.3787 2.2963 4.2599 4.7367 7.0447 9.5744 11.2826 18.0273 25.326 32.0125 39.0297 29.9676 5.3071 7.2119 18.97 19.1397 10.153 6.2304 11.6563 17.1216 21.3865 25.385 28.9318 29.4116 30.2046 31.4019 31.5028 30.9539 31.0665 30.7864 30.6626 29.3776 27.4725 25.8118 25.2528 25.8827 24.8368 23.1083 22.5433 22.736 22.3468 21.0711 21.2126 22.0422 22.1308 22.2077 22.4459 22.5058 22.5308 22.5997 22.6549 22.6637 22.6678 22.6693 22.6693 22.6684 22.6671 22.6655 22.5111 
2.8195 2.8201 2.8199 2.6767 2.6765 2.6706 2.6546 2.6235 2.4372 2.3252 2.5968 4.2089 6.2087 9.2672 11.1504 15.8783 21.2637 30.2839 35.4628 40.6966 30.0024 15.3662 25.6147 21.4341 16.4189 12.6691 16.4829 21.0985 28.848 31.0777 33.5609 35.284 35.1946 35.6278 35.112 34.1023 33.4181 32.5946 30.3192 31.6736 29.6676 28.4037 26.5605 26.5944 25.311 24.5265 23.9307 23.0471 23.0298 22.3086 22.199 22.8258 22.8128 22.783 22.7418 23.0316 23.0307 23.0303 23.1088 23.108 23.1077 23.1076 23.1076 22.5408 22.5194 22.5023 22.4887 
2.8252 2.8273 2.8293 2.8307 2.8303 2.7096 2.7006 2.6705 2.6169 2.3862 2.4375 3.3679 3.795 8.1592 11.4342 14.5948 17.7594 19.295 32.7228 41.3617 43.3304 34.5374 23.1398 21.6524 17.8643 16.8848 23.8493 27.7032 32.8676 36.5217 40.6869 41.3853 40.1732 41.2651 38.9991 37.6455 35.2864 34.7542 33.3254 31.5031 29.9051 28.469 27.4199 26.2177 25.5624 24.5556 24.1706 23.6616 22.9995 22.5588 22.7643 22.7532 22.8851 23.0038 23.0802 23.1146 23.1103 23.1076 23.1063 23.1059 23.1059 22.5616 22.5301 22.506 22.4876 22.4736 22.4628 
2.8308 2.8346 2.8391 2.8445 2.8505 2.8554 2.85 2.7391 2.6766 2.5103 2.0491 2.0258 2.4959 5.9865 9.8228 13.6515 17.0276 19.6582 28.1147 39.7353 42.8278 32.4526 29.5203 23.8244 19.0186 17.2734 33.1489 39.0591 42.6041 40.5779 42.5443 45.3922 41.216 39.5724 39.5384 38.4087 35.5733 34.59 32.8136 31.2611 29.3228 27.6344 26.7541 25.9145 25.1916 24.3951 23.9516 23.6976 23.0891 22.8772 22.9729 23.0734 23.212 23.2844 23.1406 23.1119 23.1043 23.1026 23.1026 22.5945 22.5442 22.5079 22.4819 22.4634 22.45 21.7772 21.7584 
3.0572 3.0549 2.8481 2.8575 2.8711 2.8923 2.9284 2.9737 2.7718 2.4325 2.1215 1.8617 3.0534 6.0794 8.4056 10.8232 14.0623 19.6997 26.9004 34.451 39.0147 39.945 34.0665 32.5699 25.4413 25.4285 36.6514 46.7139 45.201 40.889 42.3031 41.6678 41.763 39.8416 37.2607 36.8842 35.6555 32.5258 31.7859 29.2982 28.0924 26.8335 25.8257 24.7583 24.2362 24.1159 23.6434 23.3524 23.021 22.8648 22.8721 22.9193 23.1356 23.1347 23.104 23.0871 23.0912 23.0952 22.5643 22.5031 22.4637 22.4388 21.2329 21.1946 21.1669 21.1465 21.1312 
3.0655 3.065 3.0645 3.064 3.0644 2.9151 2.9766 3.1228 3.059 2.6389 2.3449 2.2928 1.5453 3.8041 7.1055 10.8123 13.1655 13.1831 18.691 32.104 37.1962 40.5263 28.444 26.1595 28.5201 23.0917 26.4078 34.2854 43.0176 36.9664 35.6225 39.7839 40.4395 36.7443 35.5648 33.038 32.1615 30.0515 28.626 27.6415 26.8492 25.3602 24.5281 24.1816 23.3535 23.0599 23.1827 22.8896 22.7628 22.6756 22.6409 22.6045 22.4277 22.9138 22.9316 22.8739 22.3604 22.197 21.5674 21.4789 21.2277 21.1762 21.1421 21.1191 21.1034 21.0924 21.0848 
3.074 3.0755 3.0775 3.0804 3.0845 3.0907 3.0988 3.0969 3.0348 2.943 2.7062 2.3351 1.826 1.7722 4.0392 8.6873 10.8474 8.9252 10.9909 18.2992 32.1658 34.6801 20.2595 19.988 22.6455 20.4886 20.4889 24.4313 30.4822 41.9129 31.303 29.0786 34.7118 34.652 31.7272 29.4705 29.1681 27.7941 27.0961 25.8011 24.6984 24.1136 22.886 22.7639 22.5967 22.3845 22.1952 22.2052 22.0342 22.1795 22.2268 21.8658 21.7305 21.9532 22.1003 21.7532 21.599 21.3845 21.1528 21.099 21.0687 21.0517 21.0425 21.0379 21.0361 20.4596 20.4554 
3.0823 3.0857 3.0903 3.0965 3.105 3.1307 3.1329 3.1263 3.0735 2.8917 2.7932 2.5415 1.8812 1.5054 1.5971 6.1882 8.5771 9.1398 11.6167 15.5797 19.206 20.5129 18.8103 18.0862 18.0251 18.5279 18.1953 20.1264 21.5184 25.072 27.0809 24.8618 24.7884 28.8378 29.2379 27.2292 25.4117 24.8981 24.2342 23.4748 23.0071 22.209 21.7026 21.6022 21.4549 21.4346 21.6054 21.4273 21.2011 21.3744 21.3861 21.2917 21.3166 20.948 20.5572 20.5178 20.5621 20.4376 20.4558 20.8789 20.9034 20.9239 20.3511 20.3513 20.3523 19.8272 19.827 
3.09 3.0951 3.219 3.1273 3.1341 3.1452 3.1678 3.2493 3.421 3.1818 2.7844 2.6165 2.0079 1.5379 2.0384 3.6476 6.133 8.1882 11.5226 14.7982 20.5361 24.0692 22.6497 18.1293 17.9997 18.1052 18.207 18.463 20.182 20.9551 21.6297 22.5507 23.1324 24.6201 25.0898 23.6227 23.7005 22.8539 21.9004 22.0591 21.617 21.3201 21.1066 20.7179 20.7941 20.8202 20.8626 20.8398 20.8897 20.639 20.5703 20.5439 20.6443 20.6321 20.0344 19.9686 20.0486 20.078 20.0969 19.9586 19.8292 19.8283 19.8276 19.8272 19.8269 19.8267 19.8267 
3.2224 3.2249 3.2286 3.2341 3.243 3.2586 3.2273 3.2724 3.3507 3.2121 2.9118 2.6143 1.8103 1.7697 2.0949 2.2375 3.9393 4.8461 6.9349 11.9444 19.7823 28.1054 25.4825 24.2474 20.2777 18.4145 18.5129 18.7623 19.078 20.0836 20.1912 20.4449 21.2447 22.394 22.2896 22.2116 21.6301 21.4613 21.377 20.9428 20.6057 20.6014 20.5966 20.2267 20.1524 20.4708 20.3833 20.3235 20.2691 20.2439 20.1237 19.9443 19.8859 20.018 19.8403 19.8866 19.9081 19.8377 19.8309 19.8291 19.8279 19.8271 19.8266 19.8264 19.8264 19.8264 19.8264 
3.2279 3.2317 3.237 3.2447 3.2083 3.2245 3.2504 3.2689 3.2779 3.3584 3.0364 2.2532 1.9851 1.8577 1.5172 1.3767 2.2766 4.1685 5.9387 7.0261 9.114 27.8153 26.5737 28.3974 21.8279 18.7819 18.8756 18.9497 19.0707 19.2831 19.7231 19.8317 20.3327 20.475 20.9302 21.2708 20.9477 20.8022 20.7307 20.5585 20.3259 20.1792 20.1076 20.0559 20.0264 20.0358 20.0661 20.0392 19.9826 19.9882 19.8743 19.8769 19.8443 19.8377 19.8377 19.8377 19.8377 19.8377 19.8288 19.8269 19.826 19.8257 19.8257 19.8259 19.826 19.8169 19.8168 
3.2327 3.2373 3.1929 3.2421 3.3355 3.3357 3.3338 3.3274 3.3164 3.2687 3.067 2.492 1.9833 1.9393 1.3075 0.5451 1.7685 3.7436 6.0289 5.2982 7.2468 14.2305 20.337 21.495 18.6165 18.8061 19.0001 19.054 19.1733 19.2684 19.2996 19.5852 19.7998 20.2038 20.2851 20.4827 20.7198 20.4979 20.2203 20.165 20.2077 20.1439 20.0472 20.0207 19.9928 19.9752 19.9781 19.9852 19.9586 19.8753 19.8484 19.8455 19.8377 19.8377 19.8377 19.8377 19.8337 19.8283 19.8255 19.8246 19.8246 19.825 19.8254 19.8167 19.8166 19.8165 19.8164 
3.3304 3.3313 3.3322 3.333 3.3334 3.3566 3.3517 3.2509 3.2562 3.153 3.0951 2.6692 2.1562 1.901 1.6459 1.2581 1.2481 4.1307 4.8683 5.8875 8.3167 12.3012 15.1437 17.1277 18.568 18.7497 19.0047 19.0564 19.0754 19.2353 19.2787 19.3715 19.5097 19.8233 20.0064 20.0908 20.1508 20.148 20.0832 20.0431 20.0517 20.0318 20.0271 20.0271 20.0172 19.9829 19.9764 19.978 19.9284 19.8488 19.8377 19.8377 19.8377 19.8377 19.8377 19.8377 19.8272 19.8211 19.8209 19.8223 19.8237 19.8245 19.8162 19.8162 19.8161 19.8161 19.8161 
3.3551 3.355 3.3545 3.3534 3.3514 3.348 3.1365 3.1436 3.1554 3.1534 3.4311 2.8533 2.1698 1.8195 1.6477 1.2492 1.2356 3.6737 4.6558 5.7946 7.3824 11.3214 15.9642 15.2202 18.0075 18.6207 18.763 19.0408 19.1081 19.2049 19.2844 19.3878 19.5183 19.6624 19.808 20.0278 20.0361 20.033 20.0391 20.0304 20.0271 20.0271 20.0271 20.0271 20.0271 20.012 19.9922 19.9992 19.9319 19.8462 19.8377 19.8377 19.8377 19.8377 19.8377 19.8372 19.8109 19.8084 19.8175 19.8216 19.8158 19.8158 19.8159 19.8159 19.8159 19.8159 19.7911 
3.3521 3.3514 3.3504 3.3487 3.3463 3.2368 3.2387 3.2419 3.0736 3.12 3.0528 2.7971 2.0191 1.8342 1.5249 0.9844 1.3909 3.5866 4.8896 5.8618 6.3131 10.387 14.9899 15.1488 15.6397 17.778 18.6807 18.8682 19.1895 19.2232 19.2963 19.4012 19.4878 19.6808 19.8467 19.963 20.0244 20.0271 20.0271 20.0271 20.0271 20.0271 20.0271 20.0271 20.0271 20.0244 20.023 20.0253 19.968 19.8559 19.8377 19.8377 19.8377 19.8377 19.8418 19.8304 19.8217 19.8113 19.8161 19.8168 19.8163 19.816 19.8159 19.8158 19.7916 19.7905 19.7897 
3.3494 3.3484 3.3471 3.2286 3.2289 3.2287 3.1881 3.1922 3.0597 3.0662 3.0407 2.6534 2.3136 1.8118 1.6423 1.0353 0.9547 2.8584 5.2079 6.225 6.4044 8.415 17.3775 17.1517 16.071 17.8569 18.6605 18.7753 18.9609 19.1944 19.2248 19.3769 19.4442 19.5443 19.8515 19.9739 20.021 20.0271 20.0271 20.0271 20.0271 20.0271 20.0271 20.0271 20.0271 20.0271 20.022 20.0205 19.9754 19.9556 19.8648 19.8377 19.8377 19.8377 19.8423 19.8532 19.8355 19.8297 19.8229 19.8181 19.8164 19.8158 19.7925 19.7906 19.7895 19.7888 19.7883 
3.2761 3.2764 3.2358 3.2347 3.1786 3.1797 3.0349 3.0702 3.0634 3.0447 2.8949 2.8026 2.4648 1.9317 1.2928 0.846 0.7215 1.6782 3.8349 5.8379 5.5963 7.2295 9.0329 15.0475 18.0154 18.44 18.6816 18.7923 18.9158 19.0754 19.2452 19.3266 19.4178 19.559 19.6783 19.9395 20.0207 20.0271 20.0271 20.0271 20.0271 20.0271 20.0271 20.0271 20.0271 20.0234 20.001 19.9922 20.0094 19.9787 19.9056 19.8424 19.8386 19.8412 19.8566 19.8485 19.8365 19.8328 19.8214 19.8208 19.8018 19.7989 19.7894 19.7883 19.7877 19.7873 19.7961 
3.2327 3.2318 3.1404 3.1404 3.1399 3.1387 3.136 3.0219 3.0142 2.8508 2.9175 3.0765 2.7975 1.9269 1.4391 0.7686 0.8066 1.4267 2.5324 4.6237 5.4534 5.6511 6.4173 12.2791 13.0805 17.6302 16.3747 18.8173 18.9429 19.0072 19.1625 19.2985 19.4088 19.5811 19.6722 19.8187 20.0234 20.0271 20.0271 20.0271 20.0271 20.0271 20.0271 20.0271 20.0271 20.0271 19.9936 19.9862 19.9862 19.9396 19.8411 19.862 19.8504 19.8391 19.8377 19.8377 19.8309 19.7922 19.7954 19.7966 19.7947 19.7939 19.7938 19.794 19.7943 19.7946 19.7949 
3.1355 3.1351 3.1343 3.133 3.1309 3.1276 3.011 2.8026 2.8171 2.7984 2.8402 2.8284 2.721 2.2949 1.4 0.9663 0.5765 1.3094 2.9796 4.4608 4.6491 5.4671 8.4736 12.4611 16.7417 13.3047 15.4881 17.8355 18.8315 18.9087 19.1175 19.2181 19.3021 19.4187 19.7014 19.9338 19.9981 20.0266 20.0271 20.0271 20.0271 20.0271 20.0271 20.0271 20.0271 20.0369 20.0347 19.9836 19.9642 19.8982 19.8803 19.8791 19.8745 19.8431 19.8377 19.8377 19.8345 19.8212 19.7891 19.7837 19.7856 19.788 19.7899 19.7912 19.7923 19.7931 19.7937 
3.1315 3.1304 3.1287 3.0373 3.0334 3.0278 2.8112 2.8154 2.7536 2.7686 2.7303 2.7769 2.794 2.2089 1.1235 1.0714 0.8915 0.6207 3.3521 4.483 4.2013 5.3338 7.4527 11.604 12.4741 16.9301 17.4263 18.5675 18.6649 18.8803 19.0067 19.1122 19.1779 19.359 19.503 19.9092 19.9956 20.0271 20.0271 20.0271 20.0271 20.0271 20.0271 20.0271 20.0271 20.0413 20.0579 20.0097 19.9388 19.887 19.8951 19.8839 19.8645 19.8379 19.8377 19.8377 19.8308 19.7908 19.7308 19.7613 19.7753 19.7822 19.7862 19.7887 19.7904 19.7917 19.7926 
3.0338 3.0315 3.0283 3.0239 2.7969 2.7979 2.7235 2.7662 2.7671 2.7648 2.7562 2.6844 2.6326 2.5486 2.0811 1.3183 1.1801 0.7973 1.3622 3.0804 3.7812 5.3926 5.3901 8.8166 13.1738 13.8746 15.4638 18.5933 18.6615 18.8394 18.9879 19.0386 19.1866 19.2777 19.4437 19.6232 19.9266 20.0271 20.0271 20.0271 20.0271 20.0271 20.0271 20.0271 20.0311 20.0365 20.0695 20.0636 19.9766 19.9174 19.9003 19.882 19.848 19.8405 19.8377 19.8377 19.8184 19.7593 19.7262 19.7551 19.7711 19.7789 19.7836 19.7868 19.789 19.7905 19.7917 
3.0256 2.9143 2.7894 2.7896 2.7546 2.7552 2.7552 2.7538 2.7499 2.7972 2.6574 2.6509 2.5307 2.5226 2.6434 2.012 1.1986 1.1057 1.4521 2.065 3.1879 3.4297 4.2599 10.6485 16.2464 16.4978 17.2141 18.4877 18.6529 18.7548 18.9677 19.0526 19.1404 19.329 19.458 19.511 19.7476 19.995 20.0271 20.0271 20.0271 20.0271 20.0271 20.0271 20.0418 20.0628 20.0712 20.0708 19.9451 19.913 19.8935 19.8822 19.8526 19.8447 19.8377 19.8377 19.8112 19.7841 19.7668 19.7661 19.7739 19.7796 19.7835 19.7861 19.7881 19.7897 19.791 
2.9084 2.7473 2.7478 2.748 2.7478 2.747 2.8062 2.8001 2.7904 2.6491 2.563 2.5512 2.4053 2.4442 2.3081 1.7026 1.4208 1.0829 1.2159 2.5045 2.3961 2.8266 3.0277 6.2456 10.369 17.3667 16.2257 18.2973 18.6022 18.7487 18.8916 19.07 19.2133 19.2606 19.3981 19.5132 19.7329 19.9137 20.0345 20.0455 20.0296 20.0271 20.0271 20.0271 20.0474 20.0715 20.0722 20.0643 19.9767 19.9348 19.9096 19.8876 19.8625 19.8459 19.8429 19.8203 19.8089 19.7955 19.7855 19.7831 19.7789 19.782 19.7846 19.7867 19.7883 19.7895 19.7906 
2.7436 2.7437 2.8085 2.8068 2.8044 2.8008 2.7956 2.7882 2.5435 2.5375 2.5257 2.4536 2.3043 2.2611 2.0843 1.6731 1.3811 1.1168 1.3172 1.874 2.708 2.5119 2.9746 3.3464 8.6805 7.9796 16.2562 16.3073 18.1857 18.7175 18.8987 19.0322 19.1621 19.2792 19.3979 19.5749 19.6487 19.9683 20.018 20.067 20.0372 20.0271 20.0271 20.0285 20.0344 20.0617 20.0715 20.0656 20.01 19.9584 19.9305 19.894 19.8733 19.8537 19.845 19.8168 19.8089 19.8005 19.7943 19.7913 19.791 19.7847 19.7862 19.7876 19.7889 19.7899 19.7908 
2.8062 2.8049 2.8033 2.8009 2.7977 2.7934 2.6746 2.6722 2.6684 2.4413 2.4385 2.2816 2.2726 2.0776 2.1537 2.3661 1.2765 1.29 1.4702 1.5645 1.8413 2.5899 3.0379 3.1536 3.8048 10.2336 12.2043 14.8759 18.262 18.682 18.8988 19.0036 19.0954 19.2662 19.3596 19.5773 19.6786 19.7902 19.9669 20.0285 20.0274 20.0271 20.0271 20.0271 20.0299 20.0492 20.0661 20.0561 20.0224 19.9796 19.9394 19.8972 19.8769 19.8705 19.8462 19.8218 19.8091 19.8031 19.7989 19.7963 19.7953 19.7953 19.7879 19.7888 19.7897 19.7905 19.7912 
2.8025 2.8009 2.7987 2.796 2.673 2.6714 2.6691 2.6659 2.4344 2.4319 2.6682 2.666 2.5003 2.3107 2.3279 2.0402 1.7555 1.4928 1.5258 1.5937 1.8239 2.0151 2.4621 2.2819 4.3196 8.322 14.9162 15.2999 17.5085 18.7283 18.7807 18.9587 19.0456 19.2183 19.3851 19.4791 19.5782 19.6163 19.9474 20.0099 20.0271 20.0271 20.0271 20.0271 20.0319 20.0488 20.062 20.0453 20.0242 19.9882 19.9764 19.921 19.8932 19.8735 19.862 19.8217 19.8093 19.805 19.8016 19.7995 19.7983 19.7979 19.798 19.7899 19.7905 19.7911 19.7916 
2.7992 2.7973 2.6719 2.6708 2.6693 2.6673 2.8577 2.8638 2.7115 2.7996 2.8174 2.7029 2.6753 2.7207 2.7737 2.7274 2.1534 1.6496 1.5847 1.6629 1.8169 2.0588 2.3344 2.7053 2.9457 7.7737 16.3893 15.6508 18.3885 18.5811 18.7507 18.8098 19.0035 19.1392 19.4118 19.5144 19.5419 19.6659 19.9643 19.9844 20.0271 20.0271 20.0271 20.0271 20.0334 20.0499 20.055 20.0417 20.0181 19.9909 19.9818 19.9412 19.9174 19.8754 19.8643 19.8217 19.8094 19.8063 19.8034 19.8016 19.8005 19.7999 19.7997 19.7999 19.7913 19.7917 19.7921 
2.6712 2.9112 2.9133 2.9163 2.9203 2.8757 2.9825 2.9913 3.1387 3.1514 3.0242 3.0498 3.0949 3.1829 3.3699 3.6465 3.0993 2.2198 1.7399 1.9204 2.081 2.2968 2.6514 2.8713 3.0315 5.6233 5.6067 15.055 16.3538 18.4194 18.6855 18.8855 18.9841 19.0453 19.3107 19.4916 19.5701 19.6819 19.8325 19.9581 19.9797 20.0271 20.0271 20.0271 20.0339 20.0438 20.0539 20.0398 20.0173 20.0121 19.9845 19.9689 19.921 19.8764 19.8659 19.8216 19.8176 19.8071 19.8048 19.803 19.8021 19.8014 19.8011 19.8011 19.8012 19.7924 19.7926 
2.9188 2.9217 2.9255 2.9617 2.9684 3.1388 3.1459 3.4761 3.4781 3.4817 3.4882 3.4997 3.5195 3.5525 3.5787 3.5953 3.2999 2.6296 2.2123 2.0009 2.3048 2.6991 2.9364 3.0716 3.3325 3.5403 3.982 4.696 13.3122 17.0445 18.5339 18.8232 18.9291 19.0306 19.206 19.37 19.586 19.6749 19.7992 19.8768 19.9612 20.0271 20.0271 20.0271 20.0341 20.036 20.0463 20.0388 20.0365 20.0128 19.9858 19.9717 19.9233 19.8771 19.8749 19.8646 19.8182 19.8076 19.8058 19.8042 19.8032 19.8026 19.8023 19.8021 19.8021 19.8022 19.7931 
2.9278 3.3383 3.3423 3.4911 3.4935 3.4968 3.5012 3.5073 3.5156 3.5273 3.92 3.9095 3.8938 3.8685 3.6821 3.6148 3.3804 2.9401 2.8051 2.7917 3.0119 3.1122 3.0948 3.4805 3.5681 3.6662 7.7462 9.1761 9.9666 13.0162 17.3527 17.7738 18.8823 18.9234 19.1886 19.3458 19.526 19.6728 19.7439 19.8557 19.9494 19.959 20.0271 20.0271 20.0271 20.0357 20.0455 20.0381 20.0364 20.013 20.0104 19.9824 19.9606 19.9211 19.8756 19.8656 19.8186 19.808 19.8065 19.8052 19.8041 19.8036 19.8032 19.8029 19.8028 19.8029 19.8029 
3.4973 3.4998 3.5028 3.5066 3.5114 3.9578 3.9585 3.9596 3.9613 3.9639 3.9683 3.9757 3.9891 4.0148 4.119 4.1574 3.9435 3.5215 3.2509 3.183 3.4677 3.6803 3.8093 4.0227 3.759 4.9415 9.9881 12.9043 9.5386 12.7569 14.5139 17.2292 18.7737 18.8957 19.1848 19.2333 19.3666 19.5554 19.7355 19.7652 19.8656 19.9506 20.0271 20.0271 20.0271 20.0355 20.045 20.0303 20.0364 20.0131 20.011 19.9833 19.9624 19.9579 19.8761 19.8663 19.8189 19.8167 19.807 19.8059 19.8049 19.8043 19.8039 19.8037 19.8035 19.8035 19.8035 
3.7843 3.9654 3.9668 3.9685 3.9707 3.9736 3.9774 3.9825 3.9898 4.0002 4.0158 4.0404 4.3776 4.412 4.4136 4.4929 4.5354 4.38 3.7824 3.7 3.6873 4.0509 4.1139 3.9687 3.8739 6.1099 8.6625 10.234 10.8277 12.79 13.6726 14.5636 17.2792 18.7898 19.0224 19.2184 19.3519 19.5396 19.7315 19.7537 19.8548 19.9448 20.0271 20.0271 20.0271 20.0355 20.0446 20.0298 20.029 20.013 20.0113 20.0 19.9637 19.9597 19.9123 19.8669 19.8656 19.8172 19.8074 19.8064 19.8056 19.8049 19.8045 19.8043 19.8041 19.804 19.804 
3.9719 3.9739 3.9764 3.9796 3.9835 3.9886 3.9951 4.0039 4.3685 4.3776 4.3914 4.4126 4.4453 4.4345 4.657 4.6875 4.8139 4.947 4.7103 4.2952 4.0637 4.0425 4.067 3.9792 3.9711 6.429 7.8169 9.2384 10.9419 13.0252 13.4899 13.8829 17.0777 17.4576 19.0132 19.2108 19.3438 19.5292 19.7295 19.7465 19.8477 19.8591 19.9453 20.0271 20.0271 20.0354 20.0444 20.0294 20.0288 20.028 20.0115 20.0006 19.9726 19.9611 19.958 19.9107 19.8661 19.8176 19.8077 19.8069 19.8061 19.8055 19.805 19.8048 19.8046 19.8045 19.8044 
3.979 3.982 3.9855 4.3631 4.3661 4.3701 4.3754 4.3826 4.3925 4.4062 4.4254 4.6298 4.6507 4.6772 4.7083 4.7805 4.8819 4.9995 4.9758 4.5962 4.2061 4.1419 3.9906 4.0127 3.9862 6.623 7.4172 8.7995 10.8892 13.2022 13.4699 13.7343 14.2361 17.1352 19.0082 19.0325 19.2233 19.5225 19.542 19.7419 19.7541 19.8526 19.8603 20.0271 20.0271 20.0353 20.0442 20.0452 20.0286 20.0279 20.0115 20.001 19.999 19.9621 19.9594 19.9119 19.8665 19.8179 19.8166 19.8072 19.8066 19.806 19.8055 19.8052 19.805 19.8049 19.8048 
4.365 4.3672 4.37 4.3734 4.3778 4.3834 4.3907 4.4001 4.4125 4.6254 4.6382 4.6623 4.678 4.7008 4.7548 4.7915 4.8439 4.8802 4.8577 4.7361 4.4177 4.1837 4.1911 3.992 3.9895 6.6365 7.2098 8.5958 10.8394 13.3223 13.4935 13.6749 13.8319 14.5258 17.3388 19.0255 19.2178 19.5183 19.5345 19.7387 19.7488 19.848 19.8548 19.9434 20.0271 20.0271 20.0441 20.0449 20.0284 20.0279 20.0274 20.0012 19.9995 19.9628 19.9604 19.9129 19.8668 19.8375 19.817 19.8075 19.8069 19.8064 19.8059 19.8056 19.8054 19.8053 19.8052 
4.3718 4.3748 4.3784 4.3828 4.3883 4.3951 4.4036 4.698 4.6301 4.641 4.6615 4.6738 4.6904 4.7368 4.7555 4.7798 4.8049 4.8169 4.8021 4.7163 4.4477 4.2101 4.2217 4.1949 3.9878 6.5872 7.1338 8.4284 8.5988 10.9311 13.5255 13.655 13.7756 14.3264 14.5894 19.021 19.1078 19.4363 19.5293 19.7366 19.7449 19.8447 19.8506 19.941 20.0271 20.0271 20.0358 20.0448 20.0283 20.0279 20.0274 20.0014 19.9999 19.9633 19.9612 19.9592 19.9118 19.838 19.8173 19.8077 19.8072 19.8067 19.8063 19.8059 19.8057 19.8056 19.8055 
4.3781 4.3817 4.386 4.3911 4.3973 4.6959 4.7016 4.632 4.6413 4.659 4.6687 4.715 4.7241 4.7354 4.7492 4.7641 4.7764 4.7798 4.7698 4.6976 4.546 4.4874 4.2429 4.215 3.96 6.5679 7.0212 7.2718 8.4697 10.896 13.5563 13.6526 13.7462 14.0051 14.426 19.0182 19.1016 19.4337 19.5256 19.7351 19.7421 19.7485 19.8474 19.9392 20.0271 20.0271 20.0357 20.0446 20.0282 20.0278 20.0274 20.027 20.0002 19.9989 19.9618 19.96 19.9125 19.8384 19.8279 19.8166 19.8074 19.807 19.8066 19.8063 19.806 19.8059 19.8058 
4.3839 4.3879 4.6911 4.6945 4.6986 4.626 4.6325 4.6403 4.656 4.6638 4.7083 4.7148 4.7224 4.7313 4.7408 4.7498 4.7559 4.7562 4.749 4.683 4.5427 4.4999 4.4298 4.2298 4.2122 6.5645 7.0374 7.1511 8.3788 10.8716 13.5838 13.6578 13.7318 13.7999 14.3076 14.4774 19.0269 19.1098 19.5229 19.624 19.7399 19.7455 19.845 19.849 19.9403 20.0271 20.0356 20.0445 20.0281 20.0278 20.0275 20.0271 20.0004 19.9992 19.9622 19.9606 19.9131 19.8388 19.8372 19.827 19.8076 19.8072 19.8069 19.8066 19.8063 19.8061 19.806 
4.6908 4.6934 4.6966 4.7003 4.6265 4.6321 4.6477 4.6531 4.6594 4.7029 4.7077 4.7132 4.7194 4.726 4.7325 4.738 4.7409 4.74 4.7346 4.6717 4.5373 4.5053 4.4772 4.2398 4.2232 6.5691 6.9743 7.0686 8.3135 8.3948 13.6077 13.6663 13.7258 13.7823 14.031 14.3753 19.0244 19.1052 19.3361 19.6205 19.7383 19.7431 19.8431 19.8467 19.9389 20.0271 20.0356 20.0444 20.0449 20.0278 20.0275 20.0272 20.0005 19.9995 19.9985 19.9611 19.9598 19.9124 19.8376 19.8275 19.8078 19.8074 19.8071 19.8068 19.8065 19.8063 19.8062 
4.6951 4.698 4.7013 4.6265 4.6314 4.6458 4.6503 4.6555 4.6985 4.7022 4.7064 4.7109 4.7157 4.7206 4.725 4.7283 4.7296 4.7283 4.7241 4.6629 4.6427 4.5071 4.4846 4.5196 4.2312 6.8192 6.9342 7.011 7.1263 8.3374 10.996 13.6759 13.7246 13.7719 13.9936 14.2976 14.4153 19.1018 19.3305 19.6179 19.638 19.7413 19.7452 19.8448 19.9374 19.9396 20.0355 20.0443 20.0448 20.0277 20.0275 20.0272 20.0269 19.9997 19.9988 19.9615 19.9603 19.9129 19.838 19.8279 19.8269 19.8076 19.8073 19.807 19.8068 19.8065 19.8064 
4.6989 4.7019 4.6261 4.6304 4.6439 4.6478 4.6922 4.6949 4.6978 4.701 4.7045 4.7082 4.7119 4.7155 4.7185 4.7204 4.7209 4.7195 4.7161 4.6559 4.6402 4.507 4.4888 4.5303 4.5087 6.8117 6.9085 7.0532 7.0683 8.2931 10.9783 13.6857 13.7262 13.7661 13.9672 14.0442 14.3461 19.0993 19.3261 19.6159 19.6251 19.7398 19.7432 19.8433 19.8461 19.9385 20.0355 20.0358 20.0447 20.0277 20.0275 20.0272 20.027 19.9998 19.999 19.9619 19.9607 19.9133 19.8382 19.8282 19.8273 19.8078 19.8075 19.8072 19.807 19.8068 19.8066 