ncols 72 
nrows 58 
xllcorner 159468.323975
yllcorner 383907.177002
cellsize 0.25
nodata_value -9999 
26.4058 26.4069 26.4076 26.408 26.3896 26.3863 26.3824 26.3778 26.3725 29.0932 31.038 31.102 33.6956 31.4096 34.1992 35.7524 37.2692 37.6986 37.6616 36.5921 36.5649 33.5881 33.4608 28.4278 24.8576 23.4456 20.0911 10.7872 10.6503 7.4537 6.1717 4.1717 4.1702 4.169 4.1682 4.4106 4.4451 4.6149 5.0661 4.9397 5.0133 5.0104 5.0015 5.1034 4.9645 4.9359 4.469 4.7295 4.714 4.4081 4.405 4.4019 4.6895 4.8796 4.8896 5.3605 5.3921 5.4224 5.45 5.474 5.4942 5.5108 6.2979 6.3137 6.8072 7.5344 7.545 7.5537 7.5607 7.5663 7.5708 7.5743 
26.4088 26.4101 26.4112 26.4117 26.3954 26.3921 26.3881 26.3833 26.3777 28.1701 31.0053 31.0736 33.6613 31.382 34.1795 35.7538 35.7864 37.7187 37.6785 36.6053 36.5751 34.9468 33.5076 33.3545 24.8975 23.4743 20.1355 14.3972 10.7189 7.4873 7.4005 4.1705 4.1687 4.1672 4.1662 4.3937 4.432 4.6066 5.0628 5.0914 5.2343 5.02 5.0116 4.9988 4.9732 4.938 4.4778 4.6391 4.7168 4.4117 4.4075 4.4037 4.6852 4.8729 5.3131 5.3522 5.3917 5.4285 5.4608 5.4879 5.5098 6.2939 6.3138 6.8091 7.536 7.5487 7.5588 7.5667 7.5729 7.5777 7.5814 7.5842 
26.4118 26.4134 26.4148 26.4157 26.4163 26.3986 26.3946 26.3896 26.3838 28.1639 28.1793 31.0396 30.6083 33.7294 34.1542 34.2473 35.7911 37.2848 37.6993 37.6506 36.5879 34.9765 33.5654 33.3954 24.9482 23.5118 23.3742 14.4708 10.807 10.6176 7.4327 6.126 4.1669 4.165 4.1637 4.372 4.4144 4.5944 5.0573 5.0919 5.2421 5.0334 5.0252 5.009 4.9855 4.9413 4.4892 4.4805 4.721 4.4163 4.4105 4.4055 4.6793 4.8642 5.2938 5.3447 5.3947 5.4398 5.4775 5.5075 6.2884 6.3141 6.8121 7.5384 7.5538 7.5656 7.5746 7.5814 7.5865 7.5902 7.5929 8.879 
26.415 26.4169 26.4186 26.4201 26.4209 26.4214 26.4018 26.3968 26.3907 26.3834 28.1732 30.9988 31.0857 33.6889 32.8246 34.2244 35.7949 37.3038 37.7249 37.6713 36.6039 36.5623 34.9246 33.4478 28.5938 24.8657 23.4035 20.0229 14.3962 10.7085 7.4773 7.3501 4.165 4.1623 4.1606 4.16 4.3908 4.5765 5.0483 5.0907 5.1093 5.0514 5.0654 5.023 4.955 4.9469 4.5325 4.494 4.6423 4.4226 4.4138 4.4071 4.671 4.8058 5.2712 5.3396 5.4044 5.4595 5.5028 6.2803 6.3149 7.5168 7.5421 7.5611 7.5751 7.5853 7.5927 7.5979 7.6014 8.8774 8.8864 8.8936 
26.4183 26.4206 26.4227 26.4246 26.4262 26.4267 26.4101 26.405 26.3986 26.3909 28.1658 30.95 31.0432 30.6247 32.7936 34.1936 35.4252 37.3262 37.3057 37.6978 36.6242 36.5769 34.9584 33.5152 28.6332 24.9304 23.4448 23.2492 14.4986 11.2699 7.5392 7.3902 4.1629 4.1592 4.1566 4.1558 4.3596 4.425 5.0337 5.0862 5.1236 5.2741 5.0893 5.0433 5.0102 4.9562 4.5448 4.5129 4.4938 4.4319 4.4171 4.408 4.6584 4.6945 5.2458 5.3412 5.4262 5.4929 5.5406 6.3166 7.5145 7.548 7.5718 7.5886 7.6001 7.6078 7.6128 8.8751 8.8868 8.8962 8.9037 8.9096 
26.3231 26.4245 26.4271 26.4294 26.4314 26.4327 26.4333 26.4144 26.4079 26.3997 28.1567 28.1785 30.991 30.5945 30.6787 34.1522 34.2906 35.4913 37.3318 37.7318 36.6502 36.5962 36.5357 34.8752 31.0269 25.017 23.503 23.2722 18.7416 14.3874 10.6784 7.4508 7.2495 4.1554 4.1514 4.15 4.1519 4.391 4.6081 5.0757 5.1543 5.2378 5.1033 5.0921 5.0253 4.8603 4.5616 4.4183 4.5161 4.4478 4.4194 4.4066 4.6325 4.6986 5.2216 5.3595 5.4707 5.5479 6.3204 7.5115 7.5578 7.5886 7.6086 7.6212 7.6288 8.8712 8.8875 8.9 8.9096 8.917 8.9226 8.9269 
26.3264 26.3306 26.4316 26.4345 26.4372 26.4393 26.4403 26.4406 26.4186 26.4101 26.3996 28.1695 30.9273 31.0503 30.6482 32.8133 34.2527 35.4854 37.3636 37.7755 37.6917 36.6219 36.551 34.9105 31.1063 28.6064 24.8845 23.3105 18.8053 14.538 11.2614 7.5431 7.2956 4.151 4.1446 4.1419 4.1447 4.1315 4.5722 5.0545 5.1585 5.2734 5.1078 5.1385 4.8602 4.8686 4.588 4.4594 4.553 4.4804 4.4162 4.3983 4.6079 4.9882 5.2147 5.4172 5.5565 6.3286 7.5075 7.5754 7.6162 7.6397 7.6525 8.8646 8.8885 8.9059 8.9186 8.9279 8.9346 8.9395 10.9613 10.9833 
26.3296 26.3344 26.3394 26.44 26.4433 26.4462 26.4481 26.449 26.4312 26.4224 26.4112 28.1582 28.1876 30.9816 30.6079 32.7566 34.1986 35.4729 35.5824 37.3731 37.7385 36.6569 36.5729 34.9582 34.768 28.6768 25.0039 23.3724 18.899 18.6263 11.4517 7.6856 7.3781 5.1425 4.1354 4.1298 4.1339 3.9788 4.3251 5.015 5.1513 5.3189 5.3775 5.234 5.0853 4.7662 4.6456 4.5156 4.6235 4.5425 4.3881 4.3608 4.5749 4.8845 5.2841 5.5605 6.3469 7.5027 7.6106 7.6656 7.6912 7.7011 8.89 8.9159 8.9335 8.9453 8.9533 8.9584 10.9508 10.9788 11.0018 11.0206 
26.3326 26.3382 26.3439 26.3498 26.4499 26.4537 26.4569 26.4585 26.4589 26.4371 26.4252 28.1439 28.1767 27.729 30.5554 32.6807 32.8389 34.3476 35.58 37.421 37.8021 36.7051 36.6048 36.4891 34.7938 28.778 26.2554 23.4713 22.1609 18.7109 14.7566 11.2063 7.5249 7.0564 4.1238 4.1104 4.1156 3.9924 4.1389 4.9474 5.1172 5.3595 5.5259 5.4292 5.117 4.7174 4.7983 4.6401 4.6332 4.5433 4.2631 4.3074 4.2746 5.0859 5.5223 6.3703 7.5 7.6907 7.7632 7.7828 8.8931 8.9349 8.9604 8.9756 8.9843 8.9889 10.94 10.9765 11.0055 11.0285 11.0469 11.0617 
26.3355 26.3418 26.3484 26.3553 26.3622 26.4619 26.4663 26.4694 26.4707 26.4548 26.4423 26.4257 28.1623 28.2042 30.9699 30.6252 32.753 34.2747 35.5672 35.7338 37.439 36.7728 36.6524 36.5073 34.8329 32.1434 28.6278 26.0589 22.2216 18.8516 15.028 11.5213 7.7888 7.1533 5.0021 4.078 4.0791 4.0133 4.2794 4.5272 5.0401 5.4548 5.7101 6.0683 5.0905 4.5609 4.7572 4.1739 3.7815 4.1891 3.7597 4.4297 4.8383 5.4145 6.23 7.5397 7.9003 7.982 8.9035 8.9786 9.0168 9.7103 9.7305 9.7431 10.9316 10.9807 11.0176 11.0457 11.0671 11.0836 11.0963 11.1061 
26.338 26.3451 26.3527 26.3607 26.369 26.3774 26.4766 26.4816 26.4845 26.485 26.4635 26.4455 28.1433 28.191 27.7399 30.0882 33.2686 34.1617 35.5371 35.7438 37.5188 38.3594 36.7253 36.5399 34.8926 32.2139 28.7827 26.1608 22.3411 21.8771 18.4673 14.6852 11.0063 7.3936 5.0646 4.0279 3.9878 3.8526 4.3367 4.4897 4.6373 5.114 5.5467 5.9167 4.7109 4.2245 4.1494 4.0176 3.0721 4.5839 5.0106 4.9217 5.5482 6.5827 7.6774 8.3607 8.8587 9.5724 9.685 9.7399 9.7659 9.778 10.9354 11.0024 11.0495 11.0827 11.1062 11.1229 11.1348 11.1433 13.8856 16.2907 
26.34 26.348 26.3566 26.3659 26.3758 26.386 26.3964 26.495 26.5005 26.5027 26.5014 26.4707 26.4438 28.1723 27.7612 27.7316 30.1667 33.3729 35.4772 35.7379 38.1645 38.466 36.8399 36.5993 36.3091 32.3277 29.0367 26.3463 22.5642 21.9544 18.6856 16.6475 11.5939 7.9404 6.409 4.4945 3.7069 3.8649 4.4483 4.5492 4.7795 4.9382 5.2809 5.3791 4.987 4.8712 4.889 5.3031 4.9583 5.5607 6.3826 6.8279 7.0886 7.4581 8.9754 10.4938 9.9595 9.9327 9.9145 9.8911 10.989 11.0768 11.1316 11.1653 11.1856 11.1974 11.2038 13.6292 16.2604 16.3215 16.3693 16.4067 
26.3414 26.3502 26.3599 26.3705 26.3821 26.3946 26.4077 26.4208 26.5187 26.5242 26.5248 28.1287 26.4732 28.1457 28.2212 27.7581 30.0216 33.1888 34.2309 35.6991 36.0704 38.2348 37.0251 36.7108 36.2943 32.5114 29.4564 28.6541 25.7316 22.1731 19.8602 16.8587 13.2975 9.8317 6.0382 4.4456 3.3868 3.2582 4.4493 4.4313 4.8346 5.4104 5.87 5.8663 6.4765 6.3899 6.0534 6.5203 7.1722 7.674 7.5689 7.7033 9.1819 9.4604 9.9014 10.9974 10.8425 10.3944 11.5479 11.3258 11.3594 12.6156 12.6402 12.6524 15.6824 15.7613 16.3037 16.3791 18.2667 18.3027 18.3299 18.3504 
26.342 26.3515 26.3622 26.3742 26.3877 26.4027 26.419 26.4361 26.4532 26.5501 26.5544 26.5509 28.1482 28.1078 28.1966 27.7935 29.8258 32.909 33.3506 35.5919 36.1071 38.3179 39.5773 36.9274 36.306 34.0151 31.2443 29.0804 25.9545 22.6268 20.2736 17.2811 14.986 10.7039 8.5599 5.1245 3.5827 1.5996 3.7181 5.4982 6.2455 7.0711 6.8443 7.4758 8.486 8.3821 8.741 7.9483 8.0764 8.5632 9.8651 10.6857 10.4059 11.1868 12.3546 12.3238 12.5722 13.0346 13.1917 14.2832 14.6709 14.7513 15.7782 17.6222 17.9848 18.2493 18.3108 18.3541 19.7548 19.7663 19.7747 19.7807 
26.3415 26.3516 26.3633 26.3766 26.392 26.4096 26.4295 26.4516 26.475 26.5802 26.5922 26.5929 26.5784 28.1963 28.1566 27.8391 27.4525 29.8355 32.9567 35.3383 36.0774 38.8311 38.4835 38.1961 36.4176 34.0746 31.8635 30.7305 26.5437 24.18 20.9774 19.1819 15.2047 11.9014 9.079 6.0568 4.5659 3.7235 5.8596 7.6521 8.8237 8.3253 9.6334 9.7699 9.8155 10.0668 9.9833 10.5522 10.2521 10.7284 11.3093 14.4455 13.8369 13.2136 14.2801 14.7375 15.1794 15.2949 15.9085 16.0221 16.6386 17.6715 17.7772 19.6653 19.7156 19.7489 19.7709 19.7856 19.7953 19.8015 19.8055 20.3711 
26.3399 26.3504 26.3626 26.3771 26.3941 26.4142 26.438 26.4659 26.4976 26.5316 26.6403 26.6512 26.6385 28.0729 28.0916 28.2777 27.5398 27.2581 29.4381 33.1756 35.8375 37.1513 39.0977 39.3882 36.8363 34.8135 33.0191 31.1362 28.074 26.2138 21.5615 19.2364 16.3595 12.033 10.8801 7.1669 7.0042 8.2183 8.3013 8.8148 10.3622 10.378 10.6707 12.1577 11.5786 12.6236 11.9672 12.2961 13.9661 14.7858 14.6442 14.7523 16.1565 15.7516 15.6026 16.3235 16.5706 16.5 17.5607 18.6111 19.4701 19.6268 19.7182 19.7719 19.8034 19.8215 19.8316 19.8367 19.8387 20.3953 20.4069 21.5272 
26.3368 26.3474 26.36 26.3751 26.3932 26.4154 26.4428 26.4765 26.518 26.5673 26.6208 26.7339 26.7316 26.6736 27.9877 28.2022 27.653 27.7203 29.2367 28.9567 32.8703 37.2489 39.704 38.7998 38.1567 34.1532 33.4331 31.7822 28.4375 26.2181 24.3224 19.8054 17.5901 15.0239 13.1807 11.0928 8.9295 9.76 11.3625 11.1459 11.4424 13.123 14.745 14.8923 14.3923 14.366 15.1439 14.1082 14.4031 15.5767 16.4777 16.8989 16.9401 17.0234 17.3115 17.4894 17.6272 18.2167 19.0091 19.1981 19.7419 19.8329 19.8772 19.896 19.9016 19.9005 19.896 20.9431 21.5256 21.5385 21.5389 21.5484 
26.1822 26.1964 26.355 26.3701 26.3886 26.4118 26.4415 26.48 26.531 26.5987 26.6854 26.7802 26.8876 26.8071 26.7042 28.0381 27.7474 28.0593 27.6004 28.2279 30.113 35.0408 38.7863 38.063 36.7329 33.6519 32.4814 31.7891 31.2207 27.0073 24.9596 22.5048 19.5368 16.0131 14.6093 14.7413 13.5251 12.0001 12.5875 14.4736 15.9338 16.7018 16.5047 17.2706 16.1619 15.8933 16.2993 16.9212 15.723 16.3319 17.3263 17.5802 18.1328 18.4841 18.1145 18.79 19.4102 19.5194 19.6081 20.0096 20.0626 20.0689 20.0522 20.0281 20.9429 20.9611 21.5237 21.5417 21.5548 21.9817 21.9904 21.9969 
26.1707 26.1836 26.1994 26.2189 26.3797 26.4023 26.432 26.4721 26.5286 26.6118 26.739 26.9282 27.1181 27.0659 26.6847 27.7332 27.7031 28.5493 28.6782 26.5353 24.3967 31.2933 35.3814 36.2354 34.0344 32.6106 32.476 32.1845 31.3386 29.7361 26.1081 23.3351 22.0829 19.9695 17.4362 17.0746 17.5938 18.25 17.2572 16.5342 17.154 18.7643 17.979 17.9645 18.3309 18.2493 17.7641 17.8819 18.2084 17.7085 17.8845 18.3289 18.6149 19.0664 18.9194 19.3047 19.7032 20.3834 20.452 20.602 20.8811 20.8855 20.9866 21.4635 21.4925 21.5503 21.568 21.987 21.9982 22.0061 22.0117 22.0157 
26.157 26.1682 26.1817 26.1986 26.2198 26.2472 26.2836 26.4497 26.5027 26.5855 26.7302 27.0257 27.6389 27.5468 26.6639 26.1827 26.7098 28.5444 33.253 27.5279 24.552 25.4877 28.7423 33.1601 32.1321 28.1911 32.9805 34.2233 32.1816 29.5194 28.116 25.8282 23.5516 22.109 22.128 20.7874 19.0687 19.0611 19.8556 19.3965 19.4426 18.5571 20.0976 19.8986 19.5228 19.1353 18.9628 18.9477 18.9848 18.7199 18.9174 19.1599 19.3959 20.0929 19.8769 20.0505 20.3794 20.6072 21.1645 21.2153 21.3819 21.3813 21.5159 21.5742 21.9561 21.9994 22.3511 22.3576 22.3621 22.3654 22.3025 22.303 
26.1415 26.1503 26.1609 26.174 26.1904 26.2115 26.2395 26.2777 26.3321 26.5102 26.6066 26.7958 27.2968 26.8599 26.1822 25.8031 25.984 26.6369 28.4559 25.4925 24.9082 24.783 24.6868 24.9897 27.4467 30.3727 32.5294 32.1932 32.217 25.9383 23.9602 25.83 25.6922 22.1654 20.7977 21.3093 21.4068 20.7514 20.368 20.5441 20.4249 20.8999 20.5275 20.8294 20.709 20.4403 20.1249 20.1642 19.8574 19.8958 19.5962 20.3672 20.5285 20.5121 20.9806 21.0267 21.0995 21.2544 21.7837 21.6452 21.6299 22.2512 22.2927 22.3333 22.3492 22.3589 22.3649 22.3688 22.3074 22.3074 22.3073 22.307 
26.1247 26.1306 26.1376 26.1461 26.1564 26.1692 26.1855 26.2065 26.2344 26.2712 26.3161 26.4098 26.2615 26.0078 25.5201 25.4385 25.5681 25.2524 25.1034 25.2774 25.2503 24.9531 24.7282 24.5133 24.4671 24.9688 26.7331 22.7145 29.7251 20.0135 20.1526 23.9084 24.0435 25.9424 23.1541 22.1055 22.0238 21.8233 21.7558 21.394 21.1168 21.2783 21.4779 21.3223 21.319 21.4248 21.2053 20.9059 20.7492 20.8766 21.2861 20.872 21.4211 21.5253 21.464 21.4509 21.7002 21.7993 22.0368 22.1167 22.2889 22.3212 22.3562 22.3684 22.3748 22.3782 22.3178 22.316 22.3144 22.313 22.3118 22.3108 
18.9575 22.1894 22.383 26.1164 26.12 26.1235 26.1267 26.1287 26.1274 26.1184 26.0923 26.0344 25.6907 25.4992 25.3427 24.9196 24.8203 25.0653 25.0176 24.8887 24.9926 24.7722 24.5808 24.6177 23.8919 24.2198 24.9864 21.4646 22.6015 25.6124 26.1835 22.6186 25.4342 24.4192 22.5887 22.5013 22.7055 22.3742 22.3305 22.1817 21.843 21.6772 21.7882 22.1577 22.2039 21.7944 21.8518 22.0406 21.6083 21.5446 21.942 21.846 21.7375 21.878 22.0852 22.1684 21.9404 22.2454 22.4153 22.4178 22.4046 22.5022 22.4074 22.404 22.3416 22.334 22.3282 22.3239 22.2674 22.2595 22.0979 21.8774 
12.3553 11.5946 18.5663 22.0374 22.2862 26.0781 26.069 26.0535 26.0268 25.9799 25.8957 25.4122 25.2204 24.727 24.8414 24.7221 24.4845 24.5445 24.6385 24.4143 24.3612 24.471 24.3828 24.264 24.2339 23.7814 23.7483 28.6228 21.3215 21.5362 26.9312 27.2035 23.2774 23.2958 23.0752 23.2268 23.181 23.41 22.7665 22.5329 22.6869 22.4218 22.307 22.4836 22.5475 22.5949 22.3413 22.2368 22.3905 22.2073 22.0359 22.0887 22.0013 22.1377 22.1778 22.2135 22.3066 22.3944 22.478 22.493 22.5035 22.5111 22.4585 22.4369 22.427 22.3635 22.2742 22.262 22.2534 21.8804 21.8674 21.8577 
9.0226 9.0189 9.0148 12.4412 15.6738 17.6765 21.5652 25.4471 24.9966 24.9664 24.9091 24.7532 24.441 24.3652 24.2329 24.3621 24.1697 24.0901 23.9944 24.1438 23.9257 23.8507 23.9067 23.8301 23.7974 24.2877 19.9409 20.9299 21.6054 21.3171 22.3446 24.6267 24.2833 23.6497 23.615 23.4989 23.531 23.5278 23.4544 22.9467 22.7104 23.0995 22.9023 22.8081 23.052 22.882 22.6096 22.5107 22.4851 22.2768 22.1742 22.1471 22.1566 22.2429 22.3977 22.4508 22.2821 22.3496 22.4658 22.512 22.5099 22.4682 22.4392 22.3718 22.3577 22.2642 21.912 21.8838 21.8644 21.851 21.5456 21.5371 
9.0194 9.015 9.0102 9.0047 8.9986 8.9915 14.6628 17.4215 18.1614 24.4835 23.9542 23.3221 23.326 23.2256 23.2494 23.58 23.9038 23.5147 23.4136 23.4126 23.7046 23.4971 23.3357 23.3925 23.3934 22.8811 18.9807 19.2196 19.3257 21.059 21.5066 22.3581 23.2879 23.9221 23.8107 23.8439 23.4584 23.3545 23.4188 23.3594 23.0985 23.1341 23.0829 23.0779 23.0385 22.7884 22.4745 22.4723 22.3406 22.3278 22.1891 22.1592 22.2206 22.2065 22.3641 22.3931 22.4026 22.3356 22.3579 22.4549 22.5443 22.38 22.3228 22.1706 22.1434 21.8175 21.7861 21.5562 21.5397 21.5288 21.5215 21.5166 
9.0162 9.0112 9.0056 8.9991 8.9914 8.9819 9.9728 9.1509 10.8057 13.4173 19.6163 23.1428 23.0806 23.0207 22.7976 22.6622 22.9284 23.0515 22.7435 23.108 23.2267 23.3496 23.09 23.0313 23.0128 22.5308 21.7838 20.7669 19.2122 20.1058 21.8848 22.6922 22.7212 23.187 23.7108 23.6291 23.351 23.1773 23.2088 23.2007 23.1716 22.9389 22.7964 22.799 22.8886 22.7393 22.4826 22.3351 22.2611 22.1251 22.1155 22.1242 22.0912 22.0957 22.1709 22.3304 22.3175 22.2109 22.2871 22.2706 22.1917 22.1572 22.1198 21.8435 21.7828 21.5436 21.5204 21.5076 21.5007 21.4971 21.4954 21.4948 
9.0132 9.0075 9.0011 8.9937 8.9847 8.9729 8.9561 9.9139 9.0921 8.9573 9.3167 15.2587 17.3324 22.6622 22.3049 22.2402 22.7603 22.6015 22.385 22.4975 23.0441 22.5214 22.6152 22.6792 22.8827 22.821 21.0131 20.248 22.2953 20.7238 20.9264 21.9942 22.305 22.842 23.0802 23.0343 23.1306 23.0878 22.9986 22.8304 22.6977 22.5406 22.4948 22.3275 22.5201 22.2955 22.4402 22.2369 21.9978 21.8799 22.0033 21.9745 22.049 22.0698 22.0836 22.1268 22.1849 22.074 21.9768 22.012 22.0214 21.8569 21.5016 21.4085 21.4585 21.4504 21.4511 21.4549 21.4595 21.0427 20.6669 20.6583 
9.0104 9.004 8.9967 8.9885 8.9787 8.9657 8.9452 9.8281 9.1306 8.9862 7.4745 7.0499 11.6723 12.5372 18.6087 19.3026 22.3494 22.4835 21.745 22.2372 23.1573 22.839 22.296 22.2303 22.2126 22.5018 22.5861 19.0673 19.8056 20.4256 20.7877 21.0935 21.9019 22.2021 22.8334 22.6855 22.3955 22.3387 22.5021 22.1326 21.9831 21.9054 22.0419 22.0162 21.8107 21.9337 22.0201 21.8892 21.8235 21.769 21.7969 21.882 21.7219 21.9022 22.0252 21.8893 21.7571 21.8012 21.7539 21.5961 21.5749 21.424 21.2934 21.2616 21.0542 21.0173 21.0072 20.6847 20.6679 20.655 20.5116 20.5052 
9.0079 9.0006 8.9923 8.9829 8.9725 8.9601 8.9412 8.8973 9.6222 8.9708 8.8587 6.9648 7.6176 8.958 11.6156 14.8694 21.2134 21.2262 21.3666 21.2863 24.9828 22.3622 21.7996 22.0512 21.7629 21.7442 21.1654 21.5134 18.9318 19.4009 20.3946 20.4871 20.8458 21.4719 21.6531 22.0509 21.8354 21.6016 21.4602 21.6578 21.542 21.3816 21.2031 21.5703 21.5101 21.3968 21.4535 21.7192 21.4835 21.5137 21.5942 21.5507 21.4779 21.4107 21.727 21.5993 21.432 21.249 21.3449 21.1683 21.0511 20.9858 20.8379 20.7537 20.7228 20.6892 20.6654 20.5141 20.5013 20.4936 20.2323 20.2293 
8.485 8.4915 8.5002 8.9763 8.9638 8.9513 8.9404 8.9206 8.7849 9.0126 9.4548 8.8327 4.0661 11.6474 12.9663 14.8142 17.7287 19.412 20.4024 21.9138 21.702 20.7064 19.7716 21.033 21.36 21.2804 21.1813 19.9823 19.4248 21.0398 19.0049 19.6828 19.8346 20.3778 20.986 20.7894 21.3528 21.3408 20.8165 20.7454 20.968 20.989 20.8593 20.7176 21.045 21.0326 21.1229 21.1814 21.3248 21.2275 21.1614 21.2344 21.2748 21.155 21.0171 21.1865 21.0345 20.9682 20.6945 20.7683 20.6009 20.6943 20.6849 20.6679 20.4215 20.2653 20.2468 20.2369 20.2311 20.2275 20.2252 20.2235 
7.1528 7.185 8.4882 8.499 8.515 8.5391 8.9138 8.93 9.046 9.2998 9.4007 13.0584 9.0189 13.1815 13.994 12.9165 15.9824 17.3459 18.6706 23.1941 25.7123 20.5854 18.9223 18.628 19.9039 20.5493 20.254 19.8204 17.0556 16.9675 16.6023 17.576 18.9612 19.4095 20.2842 20.2566 20.0853 20.5905 20.4174 20.2543 20.3971 20.5306 20.5579 20.4933 20.4426 20.6633 20.6936 20.7605 20.8479 20.8649 20.922 20.7731 20.7607 20.9352 20.649 20.5414 20.6805 20.564 20.5105 20.389 20.28 20.253 20.3537 20.2555 20.2349 20.2255 20.2214 20.2195 20.2185 20.218 20.2177 20.2175 
8.6165 8.6126 8.6091 8.6067 8.6069 8.612 8.6251 8.6487 8.6911 10.2177 11.4607 11.1206 10.0453 10.4225 12.0203 11.9395 11.8817 15.9368 17.2084 19.2528 19.8987 20.4178 18.0104 17.4424 16.7781 17.8958 19.413 18.1348 18.4267 13.7873 16.3679 17.0616 18.4307 19.0277 19.4729 19.7848 19.5642 19.5305 19.9433 19.9751 20.0965 20.1266 20.1847 20.2444 20.2196 20.2492 20.3618 20.3597 20.4681 20.4846 20.5149 20.58 20.4624 20.375 20.3657 20.3235 20.2352 20.3291 20.2657 20.2251 20.1523 20.0675 20.095 20.1608 20.18 20.1914 20.1987 20.2034 20.2066 20.2088 20.2104 20.2117 
8.5684 8.5542 8.537 8.5162 8.4913 8.4643 8.4471 8.4933 8.4772 7.2605 8.4148 9.1632 8.6156 8.8125 9.4939 10.3987 11.2284 15.3112 15.7327 20.5226 25.2044 15.5665 14.8436 15.5274 15.0396 15.734 16.2848 15.6821 15.5207 16.3154 16.4996 17.0426 18.1503 18.9096 19.2393 19.0756 19.2386 19.2967 19.409 19.6688 19.7147 19.8172 19.935 19.9709 19.9888 19.9633 20.0932 20.0942 20.1336 20.1816 20.1583 20.2037 20.2338 20.2416 20.1398 20.1265 20.138 20.1299 20.1024 20.1041 20.0912 20.0735 20.097 20.1486 20.1586 20.1719 20.183 20.1911 20.1968 20.201 20.2041 20.2064 
8.5236 8.5003 8.4711 8.4339 8.3863 8.3253 7.6435 7.6742 7.0824 6.146 6.0062 6.6801 6.9597 7.6113 8.0339 8.0136 9.3336 11.4991 15.0395 12.4753 15.5281 13.0167 11.6025 11.5514 14.1302 15.6175 14.2558 14.5691 13.4763 14.8349 16.9277 17.9614 18.1258 18.7434 18.9847 18.7771 18.7675 19.1446 19.2159 19.3915 19.5454 19.6397 19.7383 19.7917 19.821 19.8442 19.8993 19.9926 19.9098 19.9827 20.0518 20.1003 20.0738 20.0518 20.0699 20.0761 20.0441 20.0426 20.0691 20.0683 20.0684 20.0908 20.1163 20.1489 20.1272 20.1165 20.1743 20.183 20.1897 20.1949 20.1988 20.2019 
7.3445 7.3608 7.3797 7.4008 7.4219 7.4344 7.33 7.1637 6.7521 5.9841 5.7318 5.7536 5.9498 6.0473 6.1447 6.7639 6.9139 7.3022 8.4678 11.9667 11.3431 11.4973 10.8775 9.5057 10.049 13.1036 14.2058 14.8134 10.9802 12.3746 18.0777 18.6543 18.714 18.9979 19.009 18.8553 18.8937 18.9319 19.0464 19.1977 19.3953 19.4415 19.543 19.6929 19.7244 19.7392 19.7908 19.7873 19.9021 19.9243 19.9257 19.9971 20.0216 20.0133 20.0163 20.0187 20.0463 20.0572 20.0605 20.0663 20.0663 20.0906 20.1121 20.1228 20.1199 20.1144 20.1101 20.1071 20.1851 20.1905 20.1948 20.1982 
7.3077 7.3139 7.3184 7.3183 7.3079 7.2746 7.1943 6.5783 6.0448 6.0131 5.8215 5.7305 5.6837 5.6533 5.6456 5.7757 6.0687 5.8184 5.4931 7.4046 9.5514 8.7967 7.9697 8.2545 9.513 10.627 10.9973 11.5226 13.7331 16.3755 18.3427 18.9728 18.9452 19.0288 19.0026 18.7648 18.9745 19.0596 18.9539 19.1551 19.265 19.4291 19.4894 19.5584 19.6719 19.7004 19.6772 19.6705 19.7373 19.8905 19.9105 19.9091 19.9532 19.9817 19.993 20.0279 20.1072 20.0717 20.0684 20.0663 20.0663 20.0906 20.103 20.1109 20.1122 20.1105 20.1082 20.1061 20.1044 20.103 20.1919 20.1955 
7.5478 7.5793 7.5715 7.5562 7.5277 7.0503 6.9982 6.5183 6.4182 6.3715 6.2875 5.8565 5.7243 5.2779 5.3689 5.3019 5.3068 5.3795 5.3821 5.1889 5.4409 6.8239 7.0798 6.3866 7.2526 8.4732 9.1255 9.3895 11.7437 17.9422 19.7668 18.9764 21.9032 18.2681 19.004 18.9726 18.9806 19.0452 19.0707 19.2214 19.3296 19.4294 19.5246 19.5658 19.5763 19.6307 19.6643 19.6701 19.6697 19.7354 19.8682 19.9062 19.9124 19.9483 19.9859 20.0496 20.1295 20.0946 20.0779 20.0784 20.0766 20.0898 20.0985 20.104 20.1067 20.1069 20.1059 20.1047 20.1035 20.1025 20.1016 20.1008 
7.5565 7.5481 7.5345 7.0882 7.0793 7.2388 6.8814 6.8654 6.8981 6.8003 6.5537 6.1213 5.8581 5.5778 5.0667 4.9006 5.0671 4.8537 4.9624 5.0213 5.0233 5.0218 5.6669 5.9205 5.7728 5.6324 7.33 7.9879 8.0287 11.6728 19.2691 29.9968 16.5394 18.1758 18.9501 18.9884 18.9498 18.9803 19.028 19.2397 19.3327 19.5046 19.509 19.5523 19.5683 19.5709 19.6135 19.6204 19.655 19.6738 19.757 19.8661 19.8998 19.9306 19.992 20.0313 20.0844 20.0878 20.0837 20.0832 20.0802 20.0893 20.0955 20.1002 20.1027 20.1038 20.1038 20.1032 20.1025 20.1018 20.1011 20.1004 
7.5351 7.2827 7.5364 7.5197 7.4979 7.1422 7.1712 7.2273 7.3605 7.6967 7.3706 6.6821 5.7638 5.4795 5.2542 4.9008 4.7761 4.6855 4.6805 4.8359 4.8597 4.8122 4.8724 4.9707 5.0008 5.171 5.316 6.1056 6.358 7.6238 16.7125 19.4714 18.4468 18.0679 18.7861 18.7756 18.8114 18.9247 19.1105 19.1793 19.263 19.4154 19.4613 19.5084 19.5312 19.5315 19.5661 19.5813 19.5802 19.6588 19.6876 19.8072 19.8778 19.9335 19.9827 20.0205 20.0682 20.0731 20.0835 20.0859 20.0828 20.0809 20.0936 20.0975 20.1001 20.1013 20.1019 20.1019 20.1015 20.101 20.1005 20.1 
7.5412 7.5319 7.52 7.1361 7.1543 7.1812 7.2238 7.2958 7.4213 7.5814 7.3593 7.1722 6.2906 5.5424 5.2965 5.0476 4.8292 4.6395 4.633 4.6159 4.6039 4.4482 4.5983 4.632 4.6137 4.5931 4.4956 4.3651 4.8207 6.5698 11.6727 13.4264 16.6369 18.8683 18.7974 18.6706 18.701 18.8359 18.9935 19.2406 19.2809 19.309 19.4038 19.4312 19.4696 19.5166 19.5458 19.5753 19.5957 19.6296 19.6809 19.7435 19.8281 19.895 19.9829 20.0146 20.0615 20.0661 20.0743 20.087 20.0843 20.0826 20.0926 20.0956 20.0981 20.0995 20.1002 20.1005 20.1005 20.1002 20.0999 20.0995 
7.336 7.3407 7.3471 7.3561 7.3688 7.3873 7.4142 7.5363 7.5438 7.4284 7.4609 7.1728 6.4672 5.882 5.2695 5.0564 4.9508 4.6954 4.6267 4.5309 4.5771 4.468 4.4538 4.454 4.4204 3.9727 4.1979 4.2648 5.0073 7.16 11.736 11.1247 10.4218 17.9275 18.8106 18.7901 18.8328 18.6231 19.0408 19.2194 19.2472 19.242 19.2836 19.3673 19.4466 19.5024 19.5356 19.5541 19.5945 19.6184 19.6654 19.7318 19.7575 19.8855 19.9833 19.996 20.0298 20.0618 20.0637 20.079 20.0852 20.0836 20.108 20.0944 20.0965 20.0981 20.0989 20.0993 20.0995 20.0995 20.0993 20.0991 
7.3442 7.3501 7.3577 7.3677 7.381 7.4989 7.5004 7.4985 7.488 7.463 7.2695 7.1003 6.8073 5.8777 5.4619 5.1349 4.9867 4.8393 4.6711 4.6415 4.5953 4.521 4.4243 4.3599 4.1802 4.0782 4.4123 4.1826 4.5965 10.7393 13.9069 17.298 12.7631 17.7252 18.8485 18.9163 18.9373 18.9185 19.1259 19.1533 19.2025 19.2041 19.2669 19.3372 19.3839 19.4591 19.5331 19.5483 19.5942 19.6166 19.6621 19.7272 19.746 19.81 19.9198 19.9929 20.026 20.0591 20.0609 20.0782 20.0857 20.0843 20.0833 20.0937 20.0954 20.0968 20.0979 20.0984 20.0987 20.0988 20.0988 20.0986 
7.3509 7.3573 7.4839 7.4847 7.4848 7.4837 7.4801 7.4718 7.5266 7.4299 7.3537 7.4346 6.6055 6.2486 5.7169 5.3031 5.0261 4.8395 4.4926 4.5385 4.5068 4.4692 4.356 4.1048 4.1552 4.1768 4.29 4.308 4.3596 4.508 7.2023 8.2415 16.1685 16.7986 18.0055 18.8272 18.8991 18.953 19.0478 19.0876 19.1951 19.2182 19.2656 19.3103 19.3648 19.4474 19.489 19.5533 19.5628 19.6008 19.6612 19.7259 19.7399 19.7516 19.9151 19.9909 20.0237 20.0285 20.059 20.06 20.0858 20.0847 20.0838 20.1097 20.0946 20.0958 20.0968 20.0976 20.0979 20.0981 20.0982 20.0982 
7.5933 7.5933 7.5931 7.5926 7.5916 7.5898 7.5492 7.54 7.3256 7.337 7.2415 7.2182 6.5708 6.3411 5.9938 5.4375 5.0705 4.8982 4.7749 4.52 4.4281 4.2437 4.0893 4.0006 4.2009 4.175 4.203 4.3307 4.3905 4.4465 4.4682 13.9012 14.0023 8.628 17.6511 17.7639 18.863 18.9867 19.0086 19.0549 19.1486 19.2077 19.2521 19.309 19.3572 19.3759 19.4814 19.4938 19.5602 19.599 19.6033 19.6694 19.7367 19.7461 19.9123 19.9435 20.0222 20.0261 20.0575 20.0585 20.0766 20.085 20.0842 20.1096 20.094 20.0951 20.096 20.0967 20.0973 20.0975 20.0977 20.0977 
7.5927 7.5926 7.5923 7.5918 7.5546 7.5514 7.4458 7.2536 7.2741 7.2269 7.3202 7.6197 7.1397 6.3241 5.9163 5.6211 5.1838 4.9498 4.8666 4.6157 4.2792 4.1624 4.1589 4.2315 4.1822 4.2262 4.2041 4.252 4.3892 4.3287 5.8564 9.4049 12.1472 11.7974 15.4594 16.5342 17.0633 18.9323 18.9653 19.0384 19.1412 19.1586 19.2369 19.2898 19.3548 19.3689 19.4504 19.4873 19.5586 19.598 19.6014 19.6683 19.7351 19.7427 19.802 19.9205 19.9488 20.0245 20.0565 20.0574 20.058 20.0851 20.0844 20.0838 20.1103 20.0946 20.0954 20.0961 20.0966 20.097 20.0972 20.0973 
7.5923 7.5922 7.5846 7.5817 7.4397 7.1098 6.916 6.9381 6.9698 7.0206 7.1117 7.1145 7.1756 6.6178 5.7442 5.5391 5.2232 4.9202 4.6808 4.4091 4.3274 4.2544 4.3509 4.4037 4.2446 4.2131 4.1869 4.2253 4.3169 4.3646 6.3169 7.9856 12.5746 14.0274 14.9075 15.8264 16.4709 18.8802 18.9523 19.0526 19.1375 19.1512 19.2346 19.2874 19.3546 19.3653 19.4024 19.483 19.5577 19.5617 19.6002 19.6678 19.6731 19.7405 19.746 19.918 19.945 20.0233 20.0256 20.0565 20.0571 20.0852 20.0846 20.084 20.1102 20.1105 20.0949 20.0955 20.096 20.0965 20.0968 20.0969 
7.1931 7.1162 7.0658 7.0623 6.8506 6.853 6.8544 6.8534 6.7911 6.4023 6.4009 6.3479 6.3379 6.0027 5.6058 5.2837 4.8627 4.7694 4.5319 4.3609 4.2946 4.2654 4.2488 4.1861 4.1626 4.1943 4.1985 4.2145 4.2937 4.355 6.6086 7.5083 10.4151 14.7493 15.0583 15.5621 16.1055 16.5331 18.935 19.0443 19.1361 19.1467 19.1554 19.2861 19.2949 19.3635 19.3707 19.4803 19.4861 19.5604 19.5993 19.6013 19.6721 19.7392 19.7438 19.8411 19.9422 20.0225 20.0245 20.0459 20.0564 20.0755 20.0847 20.0842 20.1102 20.1105 20.1107 20.0951 20.0956 20.096 20.0963 20.0965 
7.0919 7.04 6.5423 6.5403 6.5355 6.5263 6.5094 6.2465 6.2202 6.1594 6.0245 5.404 5.2142 5.0725 4.9146 4.7763 4.7431 4.6844 4.4037 4.3577 4.2311 4.2306 4.1949 4.128 4.1811 4.1642 4.1973 4.2001 4.2644 4.3005 6.773 7.3448 10.2416 15.0859 15.2266 15.4642 15.9094 16.2736 18.9248 18.9441 19.0519 19.144 19.1512 19.238 19.2926 19.3628 19.3686 19.4036 19.4835 19.5596 19.562 19.6004 19.6714 19.6756 19.7424 19.8382 19.9206 19.9555 20.0236 20.045 20.0558 20.0562 20.0847 20.0843 20.11 20.1105 20.1107 20.0947 20.0952 20.0956 20.0959 20.0962 
6.5123 6.5078 6.501 6.4908 6.4754 5.8505 5.8326 5.8001 5.7425 5.3785 5.3088 5.1919 4.9262 4.5047 4.4874 4.4571 4.6211 4.6664 4.5506 4.3933 4.2744 4.2171 4.1802 4.1739 4.1979 4.1537 4.1705 4.1993 4.2154 4.2942 6.8724 7.2762 10.1452 12.9163 15.3527 15.4729 15.8119 16.111 16.3739 18.9349 19.0467 19.1425 19.1484 19.1949 19.2912 19.2965 19.3674 19.4008 19.4816 19.559 19.561 19.5998 19.6011 19.6746 19.7414 19.8361 19.8536 19.9533 20.0229 20.0343 20.0453 20.0557 20.0848 20.0844 20.0841 20.1104 20.1106 20.1108 20.0948 20.0952 20.0955 20.0958 
6.4838 6.4749 6.4627 5.8137 5.7989 5.7764 5.7423 5.6905 5.3446 5.2886 5.2005 4.7705 4.5052 4.2132 4.2732 4.3243 4.4762 4.5845 4.5759 4.4069 4.3465 4.2347 4.1792 4.1678 4.2128 4.156 4.1664 4.1724 4.2139 4.2724 4.3011 7.2443 10.0938 12.8649 15.4445 15.5195 15.7102 16.0111 16.235 18.929 19.0431 19.1416 19.1465 19.1506 19.2903 19.2949 19.3667 19.399 19.415 19.4835 19.5603 19.5619 19.6005 19.6739 19.7407 19.8346 19.8411 19.9416 19.9561 20.0235 20.0446 20.0552 20.0748 20.0844 20.0841 20.1103 20.1106 20.1107 20.1109 20.0949 20.0952 20.0955 
5.8044 5.796 5.7843 5.7682 5.746 5.7149 5.6715 5.337 5.2947 4.7984 4.7641 4.5458 4.4672 4.376 4.3581 4.3624 4.4368 4.5451 4.4903 4.4085 4.3666 4.2394 4.1911 4.1731 4.1947 4.1586 4.1602 4.1697 4.1732 4.2171 4.298 7.2306 10.0669 10.3131 15.5126 15.5625 15.7074 15.9505 16.1396 16.2972 18.9355 19.1412 19.1452 19.1488 19.1952 19.2937 19.3664 19.3695 19.4127 19.4822 19.5598 19.5612 19.6 19.6735 19.676 19.7426 19.8393 19.8549 19.9543 20.023 20.0342 20.0448 20.0552 20.0845 20.0842 20.1102 20.1105 20.1107 20.1108 20.1109 20.095 20.0952 
5.7775 5.7655 5.7499 5.7294 5.7024 5.6667 5.339 4.8083 4.7933 4.5734 4.5548 4.5225 4.477 4.4344 4.4162 4.3854 4.3786 4.4168 4.4586 4.3847 4.3375 4.3046 4.2055 4.1757 4.1992 4.1606 4.1612 4.1683 4.1714 4.1776 4.2404 7.1568 10.0534 10.2506 13.0174 15.5995 15.7137 15.8135 16.074 16.212 18.9315 19.0446 19.1443 19.1474 19.1931 19.2929 19.296 19.3689 19.4111 19.4158 19.5594 19.5606 19.5997 19.6004 19.6754 19.742 19.8379 19.8528 19.9529 19.9562 20.0336 20.0443 20.0548 20.0745 20.0842 20.1101 20.1105 20.1106 20.1107 20.1109 20.0947 20.095 
5.7534 5.7389 5.7206 5.6974 5.6681 5.3442 4.805 4.7933 4.569 4.558 4.5409 4.517 4.489 4.4644 4.4508 4.4013 4.4252 4.3995 4.4174 4.3752 4.3393 4.3141 4.2092 4.1772 4.175 4.1664 4.1622 4.1627 4.1702 4.1754 4.2481 4.4062 10.0473 10.2079 12.9757 15.6309 15.7238 15.8042 16.0289 16.1493 16.2524 18.9368 19.1437 19.1464 19.1488 19.2923 19.295 19.3685 19.41 19.4141 19.5123 19.5602 19.5612 19.6001 19.6749 19.6768 19.8368 19.8411 19.8555 19.9548 20.0331 20.0339 20.0444 20.0548 20.0843 20.1101 20.1104 20.1106 20.1107 20.1108 20.1109 20.0948 
5.7324 5.7163 5.6964 5.3658 5.0301 4.804 4.7949 4.5667 4.5595 4.549 4.5349 4.5175 4.499 4.483 4.4729 4.4124 4.4279 4.3905 4.4049 4.3682 4.3392 4.3199 4.2116 4.2053 4.1765 4.1677 4.1629 4.1632 4.1636 4.1738 4.1772 4.3562 10.0455 10.1782 12.9467 13.0781 15.7353 15.801 15.998 16.1029 16.1953 18.9338 19.1434 19.1457 19.1478 19.1936 19.2944 19.3683 19.4091 19.4128 19.4162 19.514 19.5607 19.5998 19.6746 19.6763 19.7904 19.8399 19.8538 19.9536 19.9562 20.0335 20.044 20.0445 20.0843 20.0841 20.1103 20.1106 20.1107 20.1108 20.1108 20.1109 
5.7146 5.6975 5.3689 4.81 4.8042 4.7969 4.5655 4.5603 4.5533 4.5441 4.5328 4.5199 4.5069 4.4957 4.4122 4.4204 4.4311 4.3856 4.3971 4.4359 4.3583 4.3233 4.3099 4.2081 4.1775 4.1687 4.1636 4.1637 4.1639 4.1728 4.1757 4.3527 9.9917 10.1573 12.9268 13.0406 15.7469 15.8015 15.9768 16.0685 16.1511 18.9314 18.9372 19.1451 19.147 19.1924 19.2938 19.2958 19.3797 19.4118 19.4149 19.513 19.5604 19.5611 19.6743 19.6759 19.7701 19.8389 19.8524 19.8766 19.955 20.0331 20.0436 20.0441 20.0742 20.0841 20.1103 20.1105 20.1106 20.1107 20.1108 20.1109 
5.6996 5.0416 4.8098 4.8049 4.5676 4.5647 4.5608 4.5558 4.5494 4.5416 4.5325 4.5227 4.5132 4.5049 4.4203 4.4264 4.4341 4.3829 4.3922 4.4346 4.3562 4.3254 4.3144 4.2101 4.2064 4.1694 4.1688 4.1641 4.1642 4.1644 4.1746 4.1769 7.197 10.1425 12.9133 13.0124 15.7581 15.8041 15.8496 16.043 16.1167 16.1825 18.9349 19.1447 19.1464 19.1479 19.2038 19.2953 19.3794 19.411 19.4138 19.5122 19.5142 19.5607 19.5999 19.6755 19.6769 19.8381 19.8512 19.875 19.954 19.9763 20.0334 20.0438 20.0442 20.0841 20.1102 20.1104 20.1106 20.1107 20.1108 20.1108 
5.0416 4.8099 4.8057 4.5665 4.5642 4.5612 4.5574 4.5527 4.5471 4.5405 4.5332 4.5256 4.5182 4.5119 4.4263 4.431 4.4367 4.3815 4.3889 4.3952 4.3545 4.3267 4.3175 4.2624 4.2084 4.178 4.1694 4.1644 4.1645 4.1646 4.1739 4.1759 4.3599 10.0889 12.9044 12.9912 13.0716 15.8078 15.8469 16.024 16.0899 16.1497 18.933 19.0374 19.1459 19.1473 19.2027 19.2948 19.2963 19.4104 19.4129 19.4153 19.5134 19.5604 19.561 19.6753 19.6765 19.7722 19.8402 19.8736 19.9532 19.9551 20.0331 20.0435 20.0438 20.0841 20.1102 20.1104 20.1106 20.1107 20.1107 20.1108 