ncols 55 
nrows 52 
xllcorner 158246.734009
yllcorner 383884.324005
cellsize 0.25
nodata_value -9999 
30.9157 24.9666 24.9258 21.1249 21.1042 19.8805 19.8526 17.1341 15.1884 16.5686 15.9031 15.2585 18.5386 18.5736 19.3835 19.4171 24.8198 24.8503 26.2709 26.3398 29.43 29.5319 34.597 38.7157 38.8266 41.6395 41.7661 43.9445 44.0232 44.1067 45.5197 45.5144 45.5086 45.5027 45.497 45.3222 45.3187 45.3153 45.312 45.309 45.3065 45.1744 45.1706 45.1674 45.1647 45.1626 45.1609 45.3277 45.3317 45.3351 45.3381 45.6019 45.6074 45.6121 45.6161 
30.9323 26.8552 24.9522 21.1407 21.1192 19.8972 19.8678 17.1416 15.191 15.1875 16.5724 13.7505 14.7419 18.5447 18.5857 19.3971 23.0301 24.8124 24.8493 26.2796 26.3645 29.4686 29.5951 34.6351 38.7252 38.867 41.6944 41.8585 44.0025 44.1022 44.2049 45.5161 45.5091 45.5018 45.4948 45.3234 45.3191 45.3148 45.3108 45.3074 45.1773 45.1723 45.1681 45.1648 45.1621 45.16 45.3261 45.3309 45.3349 45.3384 45.6026 45.6089 45.6142 45.6186 45.9736 
32.5567 30.92 24.9826 24.9343 21.1365 21.1118 19.8856 19.8516 17.1344 15.1904 15.1863 15.8935 13.7521 14.7583 18.5526 19.3725 19.4145 23.0287 24.8046 24.8501 26.2948 29.3871 29.5258 30.9768 34.6932 38.7442 38.931 41.7792 43.9687 44.0891 44.2155 45.5186 45.5099 45.5007 45.492 45.3248 45.3193 45.3139 45.3091 45.3051 45.1748 45.1692 45.1648 45.1614 45.1589 45.3241 45.3299 45.3348 45.5951 45.6038 45.611 45.617 45.9698 45.9766 46.3313 
34.3263 30.9404 30.9048 24.9671 22.3341 21.1307 21.102 19.8705 17.1439 17.1252 15.1894 15.1845 13.7343 14.7119 14.7794 18.563 19.3864 20.2617 23.0281 24.7967 26.2077 26.3206 29.4331 29.6119 34.5661 34.7829 38.7806 41.661 41.914 44.0613 44.2198 45.7015 45.5111 45.4992 45.488 45.3265 45.3192 45.3123 45.3064 45.1786 45.1709 45.1649 45.1605 45.1573 45.3215 45.3288 45.3348 45.5952 45.6055 45.6139 45.6207 45.9729 46.3281 46.3332 46.3375 
34.3403 34.3154 30.9268 28.0209 24.9471 22.3307 21.1227 19.8931 19.8508 17.1352 15.1931 15.1879 15.1821 13.732 14.7255 17.2556 18.5769 19.4051 20.2741 24.7318 24.7894 26.2158 26.3638 29.5078 30.9865 34.6332 38.5763 38.8497 41.7769 44.0078 44.2108 45.6987 45.5132 45.497 45.4822 45.3285 45.3186 45.3094 45.3022 45.1737 45.1652 45.1591 45.155 45.318 45.3274 45.335 45.5957 45.6081 45.6179 45.6257 45.9771 46.3302 46.3358 46.3405 46.3443 
34.3565 34.3305 34.3018 30.9094 24.9886 22.3472 21.147 21.1117 19.875 19.8249 17.1236 15.192 15.1857 14.4944 13.7345 14.7438 17.2665 19.3636 19.4307 20.2908 24.7086 24.7841 26.2365 29.361 30.916 31.0711 34.7485 38.5821 38.9844 41.9881 44.1743 45.6988 45.5171 45.4934 45.3435 45.3308 45.3165 45.3041 45.1786 45.1656 45.1569 45.1514 45.3131 45.3257 45.5775 45.5969 45.612 45.6237 45.9713 46.3253 46.3332 46.3394 46.3445 46.3485 46.3517 
34.3753 34.3483 34.3181 30.9375 30.8872 24.9667 22.3444 21.1388 21.0966 19.8504 17.1368 15.1969 15.1902 15.1824 13.6962 10.8357 14.7689 17.2815 19.3813 20.268 20.314 24.681 24.7836 26.2813 29.4588 30.9891 31.2147 35.3402 38.6269 41.7108 44.0801 45.7072 45.6586 45.487 45.3516 45.3329 45.3109 45.294 45.1665 45.1531 45.1455 45.3059 45.3235 45.5743 45.5993 45.6182 45.6321 45.9784 46.3285 46.3374 46.3444 46.3498 46.354 46.732 46.7531 
34.397 34.3691 34.3376 34.3022 30.9179 28.0134 22.3663 22.3399 21.1268 19.8823 19.8168 17.1219 15.1957 15.1872 12.964 13.6807 14.6727 17.2379 17.3026 19.4073 20.2858 20.3474 24.6483 24.795 27.4534 30.8538 31.1268 35.0376 35.5423 38.8339 42.0797 44.437 45.6669 45.4766 45.3579 45.3329 45.2953 45.1677 45.1456 45.1349 45.2942 45.3206 45.5708 45.6042 45.6281 45.9718 46.32 46.3336 46.3437 46.3513 46.357 46.7315 46.7326 46.7539 46.8233 
36.8772 34.3935 34.3608 34.3235 30.9548 30.8917 27.9878 22.365 22.3329 21.1091 19.8509 17.1397 15.2025 15.1934 15.1825 12.3077 10.7499 14.6849 17.2475 17.3339 20.2455 20.3121 21.992 24.611 24.835 27.5861 30.9542 31.4035 35.1161 37.8788 39.3987 44.3011 45.7368 45.5596 45.3169 45.3191 45.2485 45.128 45.1139 45.3365 45.3822 45.5675 45.6139 45.645 46.3123 46.3257 46.3417 46.3531 46.3611 46.7308 46.7323 46.7535 46.7551 46.8235 46.7357 
36.9129 34.422 34.3883 34.3494 34.3047 30.9327 28.0287 24.9641 22.3619 21.1513 21.0831 19.8058 17.12 15.2013 15.1893 13.8678 9.3107 10.7744 14.0424 17.2621 17.3829 20.258 20.3533 23.1119 24.575 24.9472 30.628 31.2038 31.9875 36.0952 38.2785 43.9458 46.004 45.7232 45.4895 45.1692 45.0812 45.1043 45.2878 45.371 45.4647 45.6343 46.142 46.3196 46.3364 46.3549 46.3671 46.7295 46.7318 46.7336 46.8351 46.836 46.7902 46.7358 46.6796 
37.7978 36.9091 34.421 34.3807 34.3336 34.2794 30.902 27.998 22.3976 22.3558 21.1312 19.8536 17.1456 15.2116 15.1985 15.1822 11.6816 9.4135 10.8135 14.0871 17.2858 18.0863 20.277 20.4232 23.0617 24.5687 27.4127 30.7128 31.8366 33.8124 36.8913 42.7168 45.8223 46.0519 45.605 45.0772 45.0929 45.1541 45.3417 45.4989 46.0535 46.1572 46.3372 46.3564 46.3767 46.7146 46.7309 46.7336 46.8338 46.8352 46.8363 46.7906 46.7359 46.7412 46.6515 
37.8206 37.7959 36.9033 34.4184 34.3694 34.3116 30.9592 30.8585 27.9538 22.3985 22.3447 21.0986 18.8308 17.1181 15.2108 15.1925 13.8655 9.2861 9.4014 13.8858 17.1351 17.3279 18.1987 20.3089 21.4108 23.0274 23.5158 28.1187 31.1847 33.1885 36.3027 38.4233 43.6086 45.9583 45.9331 45.6587 45.0591 45.3759 45.9544 46.0889 46.2923 46.3774 46.7202 46.7109 46.7166 46.7336 46.7365 46.834 46.8357 46.8241 46.7913 46.7431 46.7404 46.6507 46.6491 
37.8472 37.8224 37.7928 36.8948 34.4135 34.3527 34.2803 30.9235 28.0185 25.3784 22.3965 22.325 21.0454 18.7928 15.2275 15.2073 13.8852 11.6886 9.2206 10.1209 13.8761 16.3656 17.4119 20.1123 20.3657 21.467 23.2453 25.4114 28.1921 32.163 34.2719 37.4595 40.1483 45.2306 46.2494 45.7367 46.1339 46.2354 46.317 46.5191 46.6909 46.7063 46.7137 46.7333 46.7386 46.8315 46.8345 46.8366 46.8252 46.7921 46.7426 46.6519 46.6495 46.6477 46.666 
40.2986 37.8538 37.8239 37.7877 34.4676 34.4047 34.3275 34.2345 30.8693 27.9614 22.4638 22.3885 22.29 18.8385 17.1169 15.2288 15.1977 13.8543 8.6468 9.1286 10.2021 13.8704 16.3307 18.3105 19.3969 20.4692 21.9323 24.407 26.6642 28.4707 33.0524 35.0157 36.7741 43.1646 45.7645 45.0518 46.4446 46.5074 46.6202 46.692 46.7091 46.7213 46.7936 46.7988 46.8323 46.836 46.8261 46.7942 46.8264 46.7418 46.6506 46.6677 46.6656 46.6387 46.638 
40.3312 40.284 37.8614 37.8248 37.7796 34.4702 34.3895 34.2887 32.9417 30.1178 25.4071 22.4749 22.3684 21.057 18.7804 15.2602 15.2257 13.8868 10.958 8.4528 7.9036 10.438 13.5082 16.2413 18.4012 19.7947 21.2586 23.0471 25.3401 26.9745 30.171 34.0071 35.9362 38.2396 42.2309 45.0454 46.2867 46.8054 46.7752 46.6776 46.7681 46.7947 46.8275 46.8354 46.8396 46.8297 46.8287 46.826 46.7405 46.669 46.6656 46.6382 46.6371 46.6364 46.6359 
40.3712 40.3224 40.2647 37.8703 37.8244 37.7666 34.4702 34.3632 32.986 30.9015 27.9868 25.3603 22.482 22.3231 18.8698 17.1193 15.2715 15.2075 13.8037 8.6187 7.2875 8.45 12.2844 14.4675 16.272 17.5164 18.9708 21.2791 23.3144 26.1457 27.4457 31.4623 35.2278 36.7981 38.7482 42.6627 45.8734 46.695 46.805 46.8189 46.8198 46.8388 46.8447 46.8424 46.8638 46.8291 46.8251 46.6734 46.6668 46.6381 46.6361 46.6348 46.6341 46.6338 46.2751 
40.42 40.3706 40.3105 40.2387 38.1601 37.8216 37.7454 34.4646 34.3171 32.9335 30.1463 25.4757 25.2733 22.4757 22.2225 18.7735 15.3462 15.2779 13.8572 10.1331 7.3094 6.2452 9.0715 12.939 14.1421 17.624 18.3073 20.4095 22.0114 24.6409 27.9693 29.1 32.5902 35.1047 38.0154 39.4607 41.4603 44.6417 46.8225 46.8617 46.8643 46.8967 46.9016 46.8661 46.8293 46.7433 46.6466 46.6395 46.6352 46.6328 46.6315 46.6309 46.3603 46.2738 46.2592 
42.28 40.4305 40.3695 40.2941 38.2153 38.1661 37.8141 35.6766 34.4472 33.0154 32.839 30.0178 25.4197 22.7115 22.4292 20.0714 18.4597 15.422 15.2304 12.7665 8.4161 4.9195 5.7803 11.0159 13.058 15.5484 18.5522 19.4157 21.7087 23.4519 26.2315 28.8108 30.8242 33.5403 36.5657 39.689 40.5719 41.1479 45.1032 46.913 46.929 46.9236 46.8936 46.8293 46.7481 46.6483 46.6366 46.6303 46.6274 46.6264 46.5362 46.4371 46.2709 45.9697 45.9534 
42.3349 42.2878 40.4447 40.3679 40.2709 38.2384 38.1714 37.7971 35.6755 34.404 32.9431 31.8543 26.7661 25.2889 22.7785 22.2778 19.9102 16.3254 15.5809 12.7976 11.3761 2.0232 5.708 8.0734 13.3308 14.8363 17.624 19.0532 20.6473 22.1205 24.3184 26.8603 29.9724 32.1958 34.6367 37.3826 40.3613 41.4897 43.5984 46.9651 46.9575 46.9019 46.8398 46.7678 46.6535 46.6307 46.621 46.618 46.5354 46.5329 46.4336 45.9886 45.9631 45.6992 45.6853 
42.4007 42.3577 42.2995 40.4649 40.3656 40.2373 38.2702 38.1739 37.7596 35.6572 33.1264 31.9612 31.6037 26.687 24.6947 22.7519 20.8567 17.5549 16.4408 14.1399 11.5978 6.764 3.6326 5.3878 9.3266 13.8391 16.7797 18.3053 19.2059 21.2337 23.6782 26.0793 27.6037 31.3877 32.9779 35.5199 38.8317 40.2275 41.736 45.184 46.8587 46.8254 46.776 46.6738 46.6175 46.5999 46.5316 46.5282 46.4372 46.1648 45.9822 45.7125 45.6901 45.6744 45.6634 
42.4779 42.4427 42.3912 42.3178 40.4946 40.3627 40.1879 38.3161 38.1666 35.8103 35.5882 33.0587 31.7396 28.5303 25.4273 24.1453 22.6621 21.2934 17.6269 15.713 13.8496 7.2216 5.0177 4.5209 7.5464 10.6819 15.5321 17.3812 19.4496 20.539 22.4432 24.3452 27.0053 29.0181 31.9063 33.9871 37.1937 39.2369 40.988 42.8346 46.0307 46.7333 46.6906 46.5979 46.5424 46.5083 46.5122 46.35 46.1568 45.8001 45.6991 45.673 45.6562 45.6454 45.4118 
42.5664 42.5433 42.5044 42.4425 42.3477 42.2075 40.3611 38.5206 38.3868 38.1262 35.8197 34.1553 32.1648 30.2212 27.6547 25.6113 22.7805 21.9183 19.8713 16.302 15.2474 11.1089 5.3399 1.3141 5.9623 9.6187 12.7291 16.3763 18.6485 20.4061 21.1689 24.5861 25.7484 28.0318 29.8431 31.4726 35.4058 37.5091 39.775 41.8103 46.1828 46.6872 46.6962 46.5155 46.4531 46.3849 46.214 46.002 45.7799 45.6683 45.4954 45.4072 45.4003 45.3965 45.3945 
43.9058 43.8928 42.6395 42.5992 42.5251 42.3994 42.1991 40.3718 39.2075 38.5032 37.9571 35.6824 33.8415 31.4246 28.974 27.774 25.3954 22.0836 21.4821 18.9083 15.9079 13.8055 9.3574 5.1558 2.508 6.7803 11.1528 13.2272 16.5015 18.6331 20.6598 22.9213 25.3106 26.7214 28.5076 30.1343 32.4789 37.0186 38.6182 40.2544 44.6116 46.5417 46.6159 46.4371 46.2159 46.0128 45.9436 45.5162 45.4758 45.4574 45.2551 45.2546 45.2554 45.2566 45.258 
43.9584 43.9559 43.9472 43.928 42.7515 42.6658 42.4949 42.1981 40.455 39.5015 38.9688 37.1821 34.8762 32.5293 30.4808 28.3384 27.8239 23.7176 21.6119 20.561 18.4049 15.673 11.8944 7.9424 3.7949 1.4113 9.2402 12.0375 14.535 17.6405 19.819 21.8595 23.488 26.0152 27.5931 29.0547 31.1024 33.1832 38.239 39.8717 41.1482 44.9009 46.1124 45.8737 45.7162 45.5381 45.3369 45.2534 45.2407 45.2391 45.2412 45.2444 45.2476 45.2506 45.2532 
44.0126 44.0221 44.0297 44.0325 44.0245 43.9927 42.9192 42.6808 42.2575 40.6101 40.3557 38.3504 36.2197 34.5127 31.9086 30.5894 27.7812 27.0384 23.5215 21.9286 19.5133 17.2272 14.5917 11.1227 6.4302 4.6594 3.4561 9.8487 12.9536 16.5933 17.7846 21.3876 22.4827 23.2135 26.1537 27.8835 29.2602 32.2576 34.6739 38.7539 40.4986 44.0582 44.4819 45.6852 45.5503 45.3348 45.2249 45.1992 45.2062 45.2174 45.2269 45.2443 45.2521 45.258 45.2627 
44.0652 44.087 44.1116 44.1388 44.1672 44.1908 44.1902 43.3796 43.0245 42.7064 43.9195 40.7204 37.3496 35.4092 33.1231 31.6425 29.1511 26.9905 26.9229 23.9978 21.7486 19.4199 16.9774 14.77 9.2318 4.8436 2.9779 6.3569 11.1745 13.936 17.0253 19.4729 22.2114 23.1094 23.7046 25.5045 28.185 30.1568 33.7378 35.6374 39.4496 42.6189 44.4256 45.5521 45.41 45.3116 45.0522 45.1339 45.187 45.2161 45.2337 45.2453 45.2535 45.2595 45.2642 
44.113 44.1457 44.1852 44.234 44.2951 44.3723 44.465 44.5349 44.4254 43.9112 42.8024 42.169 40.7003 36.7264 35.1157 32.7897 31.7437 28.6016 27.1528 26.012 23.2034 21.1594 17.9653 16.0456 14.6394 7.0283 4.2776 3.8609 7.4415 12.2201 15.5304 18.0783 19.9346 22.4486 22.746 23.5447 25.4503 29.0571 31.5877 34.5591 36.8016 40.3153 43.3075 44.4129 45.5011 45.2747 44.9924 45.1336 45.1939 45.2227 45.2392 45.2498 45.2571 45.2625 45.2666 
44.1532 44.1938 44.2437 44.3063 44.3867 44.4926 44.6349 44.8545 44.8469 44.6929 43.3146 42.8455 43.2079 38.9634 36.1122 34.1712 32.6819 31.1389 28.8013 26.7814 25.6134 22.6795 20.923 17.1628 15.7563 13.793 5.2184 0.9406 4.4738 9.3762 12.5927 16.0369 17.8349 19.6404 22.442 22.8722 23.9916 26.0527 30.5519 31.764 35.4186 37.7088 41.2113 44.3571 45.6897 45.5454 45.3112 45.278 45.2947 45.2408 45.2504 45.2575 45.2627 45.2668 45.27 
44.1841 44.229 44.2837 44.3509 44.4343 44.7318 44.7749 44.8265 44.8366 44.653 44.2276 42.274 41.7833 41.1302 38.7104 35.8114 33.5132 32.3321 29.9589 27.768 26.8589 24.5981 22.5728 20.1062 16.355 14.3792 12.2504 4.6432 3.573 4.9736 10.8237 13.7712 16.5774 18.5399 20.1017 21.1941 22.8579 24.4051 26.6207 30.9987 33.4013 35.5444 39.6975 42.2932 44.8961 45.5923 45.4648 45.3712 45.3489 45.3454 45.3479 45.3518 45.3558 45.3595 45.2741 
44.2051 44.251 44.3055 44.6704 44.6907 44.713 44.732 44.6993 44.6664 44.6171 44.361 41.8123 41.0176 40.5292 39.0248 37.9694 35.5764 33.161 31.5745 29.7878 27.6235 26.6256 23.7083 22.0416 19.5501 15.0169 12.7246 11.1502 2.6822 3.6539 5.7024 12.3099 14.7335 17.6558 18.8387 20.0805 21.1216 23.2446 25.3553 26.5693 30.0202 34.5689 36.8344 40.5086 43.6073 44.1581 45.4978 45.4451 45.4148 45.3739 45.3682 45.3667 45.367 45.3682 45.3696 
44.6238 44.635 44.6477 44.6618 44.6766 44.6899 44.6404 44.6488 44.6486 44.4953 43.5951 42.0236 40.7081 39.782 38.9365 38.0099 37.1779 34.1238 32.2831 31.4836 28.7479 27.5898 26.1091 23.0158 21.2737 19.1654 15.091 12.4404 10.1158 2.0527 3.6799 7.9039 12.8066 15.4691 17.691 18.6269 19.9981 21.4834 23.435 26.4419 28.9893 33.3876 36.1727 38.6941 41.397 43.6777 44.6016 45.4655 45.4393 45.4228 45.385 45.3799 45.3775 45.3765 45.3764 
44.62 44.6296 44.6399 44.6507 44.6509 44.5859 44.5988 44.6032 44.4729 44.3386 43.4997 41.2194 39.7902 39.0344 38.162 37.6748 37.1654 35.7836 33.3908 31.6799 30.4345 27.9105 26.7862 24.8325 22.2056 20.6928 18.2699 13.3489 11.6804 6.3998 2.5971 5.0235 9.954 14.7421 15.9384 17.9244 19.7777 20.9602 22.1325 23.9915 25.6866 30.6134 33.8115 38.5024 41.077 41.6491 43.6479 44.5306 45.4523 45.4371 45.4267 45.3907 45.3866 45.3841 45.3828 
44.6149 44.6228 44.6185 44.6262 44.5418 44.5525 44.5579 44.3789 44.3276 43.9377 42.7757 41.1905 39.0758 38.9087 37.8075 37.1997 36.9328 36.7516 35.2491 33.1805 31.11 30.0235 27.3385 25.9604 24.1288 21.5679 20.1455 15.6422 12.2558 9.7547 4.2522 1.5036 5.8789 11.2563 13.9511 16.1367 17.7855 20.5177 21.4765 22.6761 23.8525 28.0358 33.2033 36.0708 38.9202 41.409 42.5951 42.7972 45.4587 45.4458 45.436 45.429 45.4241 45.3907 45.3884 
44.595 44.6011 44.4971 44.5072 44.5156 44.5206 44.303 44.2759 43.9543 43.7826 42.6133 40.5056 38.9938 37.7884 37.154 37.0567 36.4192 36.1124 35.8035 34.193 32.572 30.645 29.0311 27.4359 24.9941 23.3554 19.9177 15.1005 14.9399 11.4575 7.6527 2.6614 3.2611 5.7606 13.0049 13.6293 16.7389 19.9148 20.5822 20.8139 22.8103 25.6837 29.661 33.3695 38.8211 41.2968 41.5378 42.6169 42.7447 45.451 45.4423 45.4355 45.4303 45.4266 45.3933 
44.5872 44.4723 44.4801 44.4867 44.2477 44.2439 44.2274 44.1918 43.8229 43.6775 41.3525 40.3922 37.7809 37.7129 37.4223 36.9903 37.102 37.185 37.6172 35.3734 33.6347 31.9293 30.115 28.4451 26.681 24.182 20.6018 18.1376 17.7074 14.6482 10.7227 5.3995 0.2187 2.2006 9.8921 13.6606 15.7759 18.41 20.3127 20.5376 21.6866 22.8478 25.5325 31.6052 35.3221 38.9849 41.4404 42.4954 42.6208 44.3394 45.4464 45.4401 45.4351 45.4313 45.4283 
44.4523 44.4584 44.4637 44.1998 44.1972 44.1865 44.164 43.8156 43.7272 43.2762 40.6634 39.5226 37.7282 37.4735 38.6943 39.3633 39.2435 39.0616 38.7442 36.7868 34.5772 32.3505 31.6404 30.727 30.6598 25.991 22.7171 20.6576 19.7312 16.5789 14.099 7.9365 4.4293 2.4945 6.0732 12.0585 15.7896 16.4611 18.6575 20.4004 20.4952 21.7085 25.1788 25.6493 31.7102 38.926 41.3848 41.5138 42.5312 42.6186 44.3348 45.4434 45.4388 45.435 45.4319 
44.4408 44.4451 44.1616 44.1598 44.1523 44.1373 43.7936 43.7363 43.3478 42.0209 40.7336 40.7292 39.6009 39.6892 39.8315 40.247 40.4555 40.5712 40.085 39.1695 37.0961 33.7627 31.8463 31.0562 30.4963 26.14 23.881 22.9215 20.3295 17.9755 17.0904 11.2983 6.147 3.8219 4.6813 7.5354 13.2423 16.2892 18.4102 19.0092 20.4178 20.4679 21.7152 25.3719 29.3013 31.7496 41.354 41.4626 41.5535 42.5501 42.6142 44.3308 45.4415 45.4378 45.4348 
44.4298 44.1305 44.1292 44.1238 44.1132 43.768 43.7288 43.3737 44.6935 43.3133 43.5791 42.6886 42.6704 42.6399 42.5454 41.7699 42.1011 42.9389 43.9129 40.5769 38.6785 36.9202 33.0628 31.1742 29.8455 28.0021 24.5536 23.9334 22.2498 19.2404 18.3531 15.9428 9.9285 6.2936 5.5401 7.0498 12.8122 13.6354 17.5139 18.5552 19.0427 20.419 21.6299 25.1988 25.4722 31.5474 34.1562 41.4295 41.5092 42.4989 42.5604 42.6094 44.3272 45.4401 45.4372 
44.1048 44.1038 44.0998 44.0921 44.2604 44.7497 44.7458 44.7411 44.6448 44.5903 43.6425 43.6622 43.8218 43.7859 43.7889 43.7845 43.7934 42.9838 43.3081 42.9963 38.9179 36.911 34.9896 32.3578 30.0393 28.8857 27.5721 24.2357 23.5369 21.1259 20.1098 17.7943 13.3566 7.3856 7.3407 6.9016 7.7795 13.2955 15.0138 18.4602 18.9177 19.0499 20.4161 21.6526 25.326 28.9516 31.602 37.895 41.4779 41.5381 42.5184 42.566 42.6045 44.3241 45.439 
44.0825 44.7559 44.7538 44.7513 44.7482 44.7445 44.7402 44.595 44.593 44.5392 44.541 44.5432 44.5459 44.5489 44.5453 44.5434 44.5309 44.4936 43.9343 43.9841 42.161 38.8657 36.5249 34.1405 31.9375 29.0167 28.3862 26.3596 23.7307 21.8271 20.8483 20.4688 17.4983 12.8616 9.0232 7.7557 7.5832 11.6923 13.5229 15.1834 18.8369 18.9575 19.0478 21.6077 21.6657 25.403 29.0369 34.0421 41.456 41.5099 41.5566 42.5311 42.5688 42.4664 44.2744 
44.7541 44.7521 44.7498 44.7469 44.7436 44.6797 44.5957 44.5945 44.5401 44.5422 44.545 44.5486 44.5534 44.5602 44.5699 44.5836 44.5993 44.6547 44.6575 44.3896 43.9259 42.6946 36.6857 34.6337 33.9909 30.4942 29.0298 26.8408 25.7706 22.9403 21.0886 20.7434 17.9059 17.3973 12.6995 8.0938 7.9752 7.8446 11.9481 14.9457 15.2631 18.8925 18.9773 19.0425 21.6294 25.3149 25.4505 29.0891 37.8132 41.4888 41.5315 42.5032 42.5395 42.5701 42.4641 
44.7507 44.7486 44.746 44.7429 44.6785 44.5886 44.5875 44.5027 44.505 44.5079 44.5117 44.5166 44.5233 44.5331 44.5482 44.5733 44.6167 44.6599 44.7389 44.9459 44.1903 42.8835 40.6678 36.3914 35.1941 32.4165 30.5609 28.2755 26.2678 24.5183 22.7377 20.8695 20.6997 17.6805 14.3213 13.7711 8.1794 8.0966 11.7744 14.78 15.0687 18.8475 18.9248 18.9872 19.0363 23.4627 25.3736 28.9609 29.1213 37.8814 41.5121 41.5465 42.5154 42.5451 42.5705 
44.7476 44.7452 44.7425 44.5576 44.5869 44.5859 44.4993 44.5009 44.5028 44.5052 44.5083 44.5122 44.5175 44.5251 44.5365 44.555 44.5864 44.5866 44.4624 44.8137 44.934 43.6416 43.062 39.028 37.3781 36.0016 31.8732 29.8653 26.4492 24.7728 24.4267 22.6768 20.7777 20.6776 14.6911 14.1929 12.6678 8.2312 11.6602 11.9312 14.9248 15.1387 18.886 18.9442 18.9918 19.0301 23.5284 25.4135 29.0113 32.8983 37.9288 41.5288 42.4958 42.5242 42.5489 
44.7447 44.6794 44.5551 44.5539 44.4954 44.4964 44.4974 44.4987 44.5001 44.5019 44.5039 44.5064 44.5094 44.5129 44.5166 44.5181 44.5051 44.4266 44.1831 44.529 44.9147 44.8138 43.0102 41.9464 39.4712 36.7651 34.0138 30.298 29.7066 26.3298 24.6161 22.8249 22.6612 20.7306 17.6847 14.4821 14.1287 12.7014 8.2628 11.8218 12.0263 15.0151 15.1786 18.911 18.9561 18.9936 23.4651 23.5745 27.9823 29.046 37.8322 37.9621 41.5411 42.5067 42.5305 
44.5541 44.5531 44.5519 44.4934 44.494 44.4947 44.4954 44.4963 44.4972 44.4981 44.4991 44.5 44.5005 44.5 44.4968 44.4865 44.4584 44.3569 44.3442 44.4463 44.7241 44.7256 44.0914 42.4648 41.87 39.5399 36.5087 33.9147 30.04 27.5218 24.7301 24.5479 22.7717 22.6607 20.7032 14.6771 14.3574 12.9232 12.7295 12.1297 11.9269 14.9201 15.0726 15.2009 18.9277 18.9636 18.9938 23.5164 23.607 28.9677 32.8219 37.8765 37.9856 41.5501 42.515 
44.5515 44.5503 44.4917 44.4921 44.4925 44.4929 44.4934 44.4938 44.4941 44.4943 44.4943 44.4938 44.4923 44.489 44.4823 44.4692 44.3785 44.3787 44.4254 44.5522 44.6552 44.6282 44.5528 43.901 42.2051 39.8907 36.8004 36.3897 30.2445 29.9258 27.4719 24.6434 22.8487 22.7449 20.7288 18.7423 14.5217 14.2802 12.9033 12.7528 11.8523 11.9965 14.9882 15.1096 18.9051 18.9391 18.9683 18.993 23.5543 27.956 29.0007 32.8682 37.9093 41.538 42.5019 
44.4901 44.4903 44.4905 44.4908 44.491 44.4912 44.4913 44.4913 44.4912 44.4907 44.4899 44.4884 44.4857 44.4812 44.3995 44.3893 44.3922 44.3916 44.455 44.5845 44.6374 44.6812 44.5447 44.4964 42.3631 42.094 39.8339 36.6131 34.1454 30.0973 29.8806 24.7073 24.5976 22.8071 22.7311 20.7065 14.6386 14.4187 13.0422 12.8925 12.2161 11.9274 14.9214 15.035 15.1335 18.919 18.9469 18.9711 23.5113 23.5825 27.9977 32.7758 37.8439 37.934 41.5458 
44.4892 44.4893 44.4894 44.4895 44.4895 44.4894 44.4893 44.489 44.4884 44.4876 44.4862 44.484 44.4808 44.4608 44.3941 44.3985 44.3977 44.3988 44.4696 44.5989 44.6307 44.6591 44.5337 44.504 44.4758 42.2112 42.0417 40.6464 36.5142 33.0729 30.0209 29.8674 24.6541 24.5733 22.7818 22.7241 18.7349 14.5221 14.3484 13.0069 12.887 12.2656 11.9803 14.9742 15.0675 15.1487 18.9292 18.9524 18.9727 23.5427 23.6036 28.0295 32.8194 37.8748 37.9526 
44.4883 44.4883 44.4883 44.4882 44.4881 44.4878 44.4875 44.4869 44.4861 44.4849 44.4831 44.4808 44.4619 44.3967 44.4231 44.4015 44.4015 44.4661 44.588 44.6066 44.6277 44.6473 44.5245 44.5047 44.4844 44.4668 42.129 40.8017 40.6431 33.2585 32.9651 29.9818 24.6948 24.6221 22.8205 22.766 22.7208 14.5989 14.4393 13.0997 12.9828 12.8847 11.9296 14.9248 15.0125 15.0901 18.9144 18.9366 18.9563 18.9735 23.567 27.9782 32.7477 32.8533 37.8988 
44.4874 44.4873 44.4872 44.487 44.4867 44.4863 44.4858 44.485 44.484 44.4826 44.4658 44.4626 44.3982 44.3945 44.4039 44.4038 44.4042 44.4731 44.5977 44.6113 44.6263 44.6406 44.6523 44.503 44.488 44.4741 42.9281 42.0809 40.76 37.4166 33.1267 32.9038 29.963 24.6591 24.6026 22.7991 22.7559 22.7197 14.5096 14.3792 13.0621 12.9659 12.3018 11.9711 14.9669 15.0405 15.106 18.9232 18.9422 18.959 21.8031 23.5859 28.0067 32.7876 37.8518 
44.4866 44.4864 44.4862 44.4859 44.4855 44.485 44.4843 44.4835 44.4823 44.4656 44.4631 44.3992 44.3965 44.4057 44.4054 44.4056 44.4721 44.4777 44.604 44.6144 44.6256 44.6364 44.6458 44.5007 44.4893 44.4782 44.4684 42.8799 40.8446 40.7344 37.372 33.0431 30.0368 26.7335 24.6357 24.5909 22.7844 22.7494 18.6816 14.4428 14.3347 13.0344 12.954 12.3273 14.9289 14.9985 15.0612 15.117 18.93 18.9463 18.9608 23.5571 23.6007 28.0294 32.8196 
44.4858 44.4856 44.4853 44.4849 44.4844 44.4838 44.4831 44.4671 44.4655 44.4636 44.3999 44.3979 44.4286 44.4067 44.4067 44.4069 44.4761 44.4808 44.6085 44.6166 44.6253 44.6337 44.6413 44.4983 44.4893 44.4804 44.4721 44.4649 42.0883 40.8032 40.718 33.1504 32.9897 30.0184 24.6617 24.6202 22.8074 22.774 22.7452 14.4932 14.3921 13.0918 13.0136 12.9454 14.3132 14.9631 15.0227 15.0764 18.9196 18.9353 18.9494 21.7864 23.5739 27.1313 32.7667 