ncols 74 
nrows 57 
xllcorner 159474.484009
yllcorner 383886.199005
cellsize 0.25
nodata_value -9999 
1.6511 1.6489 1.4221 1.4164 1.4104 1.404 0.9688 0.7691 0.7674 0.7672 0.7391 0.7827 0.9786 0.9823 0.9862 0.9902 1.2735 1.2754 4.6471 8.2037 8.3154 15.4603 15.5715 19.1235 19.1257 19.2586 19.2596 19.2607 19.4005 19.5728 19.6259 19.7862 19.9051 19.9069 19.9684 19.9689 19.9694 19.9699 19.9852 19.9747 19.9846 19.9747 19.9847 19.9849 19.9851 19.9854 19.9953 19.9956 19.9956 19.9954 19.9953 19.9959 19.9965 19.9973 19.9977 19.998 19.998 20.0312 20.0325 20.0337 20.0348 20.0358 20.0715 20.0724 20.0902 20.0906 20.0908 20.0911 20.0912 20.0913 20.0914 20.0915 20.0915 20.0915 
1.6525 1.6502 1.6477 1.4195 1.413 1.4061 1.3499 0.9628 0.7677 0.5746 0.7678 0.7394 0.9772 0.9812 0.9855 0.9899 0.9944 1.2745 4.6154 4.6877 8.2691 11.8776 15.5443 19.1228 19.1251 19.2581 19.2591 19.2603 19.3987 19.5701 19.6243 19.785 19.9045 19.9066 19.9682 19.9688 19.9694 19.97 19.9951 19.9848 19.9846 19.9747 19.9844 19.9848 19.9851 19.9854 19.9951 19.9955 19.9955 19.9954 19.9953 19.9957 19.9966 19.9974 19.998 19.9982 19.9982 20.0312 20.0328 20.0343 20.0356 20.0366 20.0721 20.073 20.0906 20.0909 20.0912 20.0914 20.0915 20.0916 20.0917 20.0917 20.0917 20.0917 
1.6541 1.6516 1.6489 1.423 1.4161 1.4087 1.4008 0.9653 0.7682 0.5748 0.5739 0.7385 0.7838 0.9799 0.9845 0.9894 0.9944 1.2735 4.5779 4.6566 8.213 8.3579 15.5097 19.1218 19.1245 19.1273 19.2586 19.2599 19.3965 19.5667 19.5753 19.6303 19.7888 19.9061 19.9681 19.9688 19.9695 19.9702 19.9951 19.9848 19.9846 19.9844 19.9747 19.9846 19.9849 19.9853 19.9856 19.9953 19.9955 19.9953 19.9952 19.9955 19.9965 19.9976 19.9984 19.9985 20.0293 20.0313 20.0333 20.0351 20.0366 20.0717 20.073 20.0906 20.091 20.0913 20.0916 20.0917 20.0918 20.0919 20.0919 20.0919 20.0919 20.0919 
1.6559 1.6533 1.6504 1.6473 1.4196 1.4117 1.4031 0.9684 0.7687 0.7663 0.5739 0.7375 0.7525 0.9783 0.9834 0.9888 0.9943 1.2723 1.2749 4.6189 8.1446 8.3042 15.4656 15.6731 19.1236 19.1267 19.2578 19.2593 19.261 19.3997 19.5721 19.6286 19.7874 19.9054 19.9083 19.9687 19.9695 19.9703 19.9952 19.9947 19.9847 19.9845 19.9747 19.9842 19.9847 19.9852 19.9857 19.9859 19.9955 19.9952 19.9951 19.9951 19.9965 19.9979 19.9988 19.999 20.029 20.0316 20.0342 20.0363 20.0709 20.0727 20.0905 20.0912 20.0916 20.0919 20.092 20.0921 20.0922 20.0922 20.0922 20.0922 20.0921 20.0921 
1.6579 1.6552 1.6521 1.6488 1.4237 1.4152 1.4059 1.3961 0.9601 0.7666 0.574 0.5729 0.5893 0.9763 0.9819 0.9879 0.9941 1.0005 1.2737 4.5733 4.6775 8.2371 11.9414 15.5927 19.1224 19.126 19.2569 19.2586 19.2605 19.3969 19.5677 19.626 19.7855 19.9045 19.9079 19.9685 19.9695 19.9705 19.9952 19.9946 19.9847 19.9846 19.9747 19.9837 19.9844 19.985 19.9856 19.9861 19.9952 19.9951 19.9948 19.9948 19.9964 19.9983 19.9993 19.9995 20.0287 20.0323 20.0355 20.038 20.0722 20.0742 20.0913 20.0919 20.0922 20.0924 20.0925 20.0926 20.0926 20.0925 20.0925 20.0924 20.0646 20.0638 
1.6603 1.6574 1.6541 1.6505 1.6466 1.4193 1.4092 1.3984 0.9633 0.7671 0.5741 0.5727 0.5869 0.7541 0.98 0.9867 0.9937 1.0009 1.2722 4.5177 4.6327 8.1527 8.3703 15.5463 15.7181 19.1249 19.1293 19.2577 19.2598 19.2622 19.491 19.6225 19.6363 19.7916 19.9071 19.9682 19.9695 19.9708 19.9719 19.9944 19.9848 19.9847 19.9843 19.9834 19.9838 19.9846 19.9855 19.9863 19.9865 19.9949 19.9943 19.9945 19.9962 19.9988 19.9999 20.0003 20.0286 20.0335 20.0377 20.071 20.0741 20.0916 20.0924 20.0928 20.093 20.0931 20.0931 20.093 20.093 20.0929 20.0654 20.0645 20.0637 20.063 
1.663 1.66 1.6565 1.6526 1.6483 1.4242 1.4132 1.4014 0.9673 0.6085 0.5742 0.5725 0.5839 0.7517 0.9776 0.9851 0.993 1.0011 1.2704 1.2742 4.5765 8.046 8.2904 12.0124 15.6894 19.1234 19.1285 19.2565 19.2589 19.2617 19.3982 19.4967 19.6338 19.7893 19.9059 19.9679 19.9695 19.971 19.9724 19.9943 19.9847 19.9849 19.9845 19.9834 19.9829 19.9839 19.9852 19.9864 19.9872 19.9943 19.9934 19.9936 19.9903 19.9997 20.0005 20.0015 20.0288 20.0358 20.0681 20.0737 20.092 20.0932 20.0938 20.0939 20.0939 20.0938 20.0937 20.0935 20.0667 20.0654 20.0643 20.0634 20.0345 20.0333 
1.6661 1.663 1.6593 1.6552 1.6505 1.6453 1.4181 1.405 0.9722 0.6115 0.7645 0.5723 0.5706 0.7487 0.7568 0.9829 0.9919 1.0012 1.2229 1.2724 4.5055 7.9105 8.1855 11.9296 15.6478 19.1213 19.1273 19.2549 19.2577 19.261 19.3589 19.493 19.6297 19.7856 19.9039 19.9106 19.9693 19.9714 19.9732 19.9942 19.9845 19.9852 19.9848 19.9835 19.9747 19.9828 19.9843 19.9865 19.9884 19.9878 19.9914 19.991 19.9919 20.0025 20.0007 20.0039 20.0298 20.0402 20.0722 20.0928 20.0948 20.0953 20.0953 20.0951 20.0948 20.0945 20.0687 20.0667 20.0652 20.0639 20.0352 20.0335 20.0322 19.9868 
1.6697 1.6665 1.6627 1.6582 1.6531 1.6474 1.4239 1.4095 1.3939 0.6153 0.6063 0.5721 0.5699 0.5846 0.7537 0.98 0.9903 1.0011 1.012 1.224 4.4155 4.5973 8.0469 11.8156 15.5877 15.7589 19.1254 19.1331 19.2559 19.2599 19.2644 19.4875 19.6231 19.6875 19.9008 19.9092 19.969 19.9718 19.9742 19.9938 19.9842 19.9853 19.9854 19.9838 19.9817 19.981 19.9825 19.9859 19.9903 19.9911 19.9841 19.9836 19.9913 20.0152 19.9946 20.0109 20.0276 20.0671 20.0826 20.0983 20.0984 20.0977 20.097 20.0963 20.0721 20.069 20.0665 20.0646 20.0455 20.0339 19.9883 19.987 19.986 19.9851 
1.6738 1.6706 1.6666 1.6618 1.6563 1.65 1.4311 1.4151 1.3977 0.9648 0.6099 0.601 0.569 0.5793 0.7497 0.7612 0.9879 1.0005 1.0133 1.2234 1.3001 4.5044 4.7251 8.2755 12.055 15.703 19.1225 19.1318 19.2535 19.2582 19.2639 19.4793 19.4993 19.6828 19.8007 19.9064 19.9684 19.9725 19.9756 19.9932 19.9837 19.9853 19.9864 19.9846 19.9814 19.9747 19.9747 19.983 19.9923 20.0022 19.9883 19.9753 19.9812 19.9945 19.9858 19.9944 20.041 20.1035 20.1086 20.1048 20.102 20.0999 20.0848 20.073 20.0688 20.0658 20.0461 19.9913 19.9889 19.9871 19.9857 19.9847 19.9839 19.9833 
1.6786 1.6754 1.6713 1.6663 1.6603 1.6533 1.6454 1.4222 1.4025 0.9717 0.6145 0.6018 0.5679 0.565 0.7442 0.7574 0.9844 0.9993 1.0145 1.2226 1.2252 4.3801 4.6333 8.0943 11.9094 15.6132 15.8953 19.1296 19.2501 19.2557 19.2629 19.3579 19.4917 19.674 19.7929 19.901 19.9186 19.9736 19.9779 19.9921 19.9901 19.9854 19.9878 19.9859 19.9815 19.9747 19.9747 19.9747 19.9878 20.0146 20.0034 19.9783 19.9747 19.9747 19.9723 19.9794 20.0594 20.1363 20.1116 20.1004 20.0922 20.0863 20.0733 20.0677 20.0468 19.9933 19.9895 19.9869 19.9851 19.9838 19.9829 19.9822 19.945 19.9449 
1.6841 1.681 1.6769 1.6717 1.6653 1.6575 1.6486 1.4856 1.4089 1.3845 0.6206 0.6059 0.4071 0.5626 0.5795 0.7519 0.7694 0.9971 1.0154 1.1967 1.2246 1.3006 4.5022 4.817 11.6892 15.4689 15.8215 19.1255 19.1416 19.2517 19.261 19.3511 19.4789 19.6578 19.773 19.8203 19.9164 19.9758 19.9819 19.9897 19.9865 19.9856 19.9901 19.9872 19.9821 19.9747 19.9747 19.9747 19.9747 19.9758 19.983 19.9747 19.9747 19.9729 19.9559 19.9705 20.0034 20.0842 20.1353 20.0962 20.0864 20.0567 20.0114 20.0042 19.99 19.986 19.9835 19.9819 19.9809 19.9444 19.9442 19.9441 19.9441 19.9441 
1.9418 1.6876 1.6836 1.6783 1.6715 1.663 1.6529 1.6412 1.4171 1.3891 0.6287 0.6116 0.4108 0.5595 0.42 0.7438 0.7647 0.9934 1.0158 1.1962 1.2237 1.2963 4.3137 4.6914 11.355 15.2224 15.6793 16.208 19.1395 19.2452 19.2573 19.2734 19.3935 19.5096 19.7302 19.8035 19.9086 19.9872 20.008 19.9867 19.9805 19.9854 19.9984 19.9817 19.9821 19.9747 19.9747 19.9747 19.9747 19.9703 19.9738 19.9639 19.974 19.9681 19.9385 19.9383 19.9393 19.9969 20.0604 20.045 20.0172 20.0032 19.9965 19.9823 19.9791 19.9775 19.9428 19.9427 19.9428 19.9429 19.943 19.9431 19.9432 20.2741 
2.0178 1.9428 1.6917 1.6864 1.6794 1.6701 1.6587 1.645 1.4795 1.3955 0.6394 0.6196 0.416 0.3978 0.4142 0.5814 0.757 0.7863 1.0153 1.1953 1.2223 1.2515 1.3264 4.4889 5.0973 11.8499 15.4043 16.1366 19.1344 19.231 19.2501 19.302 19.3829 19.4886 19.6684 19.7615 19.8595 20.0074 20.0195 19.9982 19.9764 19.9787 20.0103 19.9958 19.9798 19.9747 19.9747 19.9747 19.9747 19.9622 19.9395 19.9357 19.9436 19.9415 19.9306 19.9306 19.9306 19.938 19.9433 19.9456 19.9416 19.9327 19.9311 19.938 19.9387 19.9394 19.94 19.9405 19.941 19.9414 20.255 20.2691 20.2804 20.2895 
2.0373 2.0199 1.7012 1.6964 1.6893 1.6795 1.6666 1.6506 1.4871 1.4044 1.0781 0.6309 0.6031 0.4009 0.4058 0.5702 0.7446 0.7816 1.0132 1.1936 1.1984 1.2275 1.319 4.1627 4.9579 11.3645 15.0442 15.9205 19.0398 19.1649 19.2337 19.2925 19.3505 19.4152 19.5662 19.69 19.8325 19.9301 20.0087 20.0242 19.9933 19.9776 19.982 19.9789 19.9747 19.9747 19.9747 19.9707 19.9696 19.9443 19.9331 19.9306 19.9306 19.9306 19.9306 19.9306 19.9306 19.9306 19.9216 19.9036 19.9033 19.9098 19.9126 19.9145 19.9157 19.9165 19.917 19.9174 19.9176 20.2619 20.2779 20.6805 20.6976 20.9151 
2.1536 2.0405 2.0223 1.7085 1.7019 1.6919 1.6776 1.6589 1.636 1.4631 1.0856 0.7459 0.6131 0.4059 0.3937 0.4109 0.5875 0.7718 0.8268 1.1908 1.1966 1.226 1.2626 1.327 4.5833 8.41 14.3009 15.6184 19.0324 19.1561 19.2113 19.2589 19.3662 19.4107 19.5061 19.651 19.7785 19.9575 19.9702 20.0231 20.022 19.9943 19.9747 19.9747 19.9747 19.9713 19.9679 19.9483 19.9389 19.9326 19.9306 19.9306 19.9306 19.9306 19.9306 19.9306 19.9306 19.9306 19.9184 19.9038 19.9058 19.9102 19.9138 19.9158 19.9168 19.9174 19.9177 20.2508 20.275 20.4813 20.9005 20.9165 20.9285 20.9375 
2.1576 2.1553 2.0444 2.0252 1.7178 1.7082 1.6931 1.6714 1.643 1.4697 1.423 0.7601 0.629 0.4144 0.3747 0.3935 0.566 0.7523 0.8298 1.1862 1.1925 1.2096 1.2609 1.3166 3.8855 5.5022 11.2214 15.0418 17.2653 19.1415 19.1814 19.2935 19.3662 19.3936 19.5226 19.6128 19.7671 19.8717 19.966 19.9889 19.9988 19.9782 19.9747 19.9747 19.9719 19.9583 19.9556 19.939 19.9332 19.9306 19.9306 19.9306 19.9306 19.9306 19.9341 19.9364 19.9266 19.9164 19.9258 19.9132 19.892 19.9124 19.9168 19.918 19.9536 19.9572 20.4513 20.8649 20.8985 20.9215 20.9375 20.9486 20.9564 20.9619 
2.3699 2.1603 2.1574 2.0492 2.0388 1.7298 1.7149 1.6905 1.6552 1.6107 1.4188 0.8143 0.746 0.5042 0.3743 0.367 0.3977 0.609 0.8301 1.054 1.1849 1.2008 1.2566 1.2884 1.3373 4.5242 6.8403 16.9542 17.5423 19.0519 19.1799 19.2128 19.3373 19.3977 19.5146 19.6002 19.6636 19.8705 19.9706 19.9747 19.9786 19.9747 19.9747 19.9747 19.969 19.9521 19.9616 19.9447 19.9366 19.9306 19.9306 19.9306 19.9306 19.9374 19.9479 19.9471 19.9274 19.8879 19.9062 19.9323 19.9495 19.945 19.9543 20.2764 20.4695 20.5269 20.9016 20.9361 20.9575 20.9707 20.9788 20.9837 20.9864 20.9877 
2.3766 2.369 2.1637 2.1598 2.1543 1.758 1.7457 1.72 1.6767 1.616 1.4138 0.8411 0.7707 0.5234 0.3762 0.3317 0.3483 0.5496 0.8233 1.0817 1.175 1.1746 1.2209 1.314 1.3248 1.3787 5.2985 10.4581 14.5966 17.2632 19.0643 19.2238 19.3368 19.366 19.5069 19.6524 19.6809 19.7416 19.9399 19.9747 19.9747 19.9747 19.9747 19.9747 19.9747 19.9701 19.9643 19.9535 19.9375 19.9306 19.9334 19.9306 19.9306 19.9344 19.9611 19.9587 19.945 19.9497 19.9002 19.9536 19.9943 20.1063 20.327 20.5271 20.7459 20.9795 21.2087 21.2187 21.2228 21.2239 21.2233 21.2218 21.2025 21.2001 
2.3851 2.3778 2.3678 2.1681 2.1626 2.1549 1.7882 1.7661 1.7158 1.6312 1.4081 0.8836 0.8402 0.6184 0.4316 0.2242 0.189 0.3814 0.7287 1.1407 1.1654 1.1673 1.2093 1.2678 1.3178 2.5057 8.068 9.2489 8.0641 18.5289 19.0389 19.1887 19.3168 19.4118 19.5222 19.6295 19.6864 19.7102 19.7593 19.9028 19.9657 19.9747 19.9747 19.9747 19.9705 19.96 19.9697 19.9525 19.9342 19.9483 19.9531 19.936 19.9306 19.9345 19.9557 19.9722 19.9701 19.981 20.0459 20.1546 20.3164 20.5027 20.8347 21.2351 21.2814 21.2968 21.2989 21.2958 21.2908 21.2853 21.6313 21.6353 21.6381 21.6401 
2.4385 2.3893 2.38 2.3666 2.1739 2.166 2.1548 1.836 1.7868 1.6708 1.5003 0.9892 0.9051 0.6517 0.5036 0.2569 0.1764 0.1237 0.4731 1.0569 1.1515 1.1675 1.1982 1.222 1.2926 1.7935 5.0248 13.6201 14.3038 18.7608 18.887 19.052 19.2076 19.2957 19.4979 19.5149 19.6137 19.726 19.7407 19.767 19.9403 19.9784 19.9747 19.9747 19.9725 19.9407 19.9688 19.9621 19.9572 19.9695 19.9747 19.9596 19.9422 19.947 19.9758 20.024 20.0179 20.0503 20.1541 20.304 20.7199 21.0534 21.2898 21.371 21.3748 21.3602 21.3434 21.3282 21.6399 21.6443 21.6472 21.649 21.6501 21.6787 
2.4492 2.4443 2.4365 2.3845 2.3654 2.1818 2.1697 2.1545 1.974 1.7644 1.4867 1.0471 1.0375 0.7919 0.4862 0.3249 0.2427 0.1507 0.2763 0.6884 1.1225 1.1951 1.2042 1.2032 1.2209 1.3205 6.8534 6.2532 13.4808 15.6389 17.2632 19.0324 19.1754 19.2934 19.4537 19.4998 19.5388 19.6392 19.7344 19.7781 19.9615 19.9937 19.9788 19.9747 19.9795 20.0121 19.9792 19.9821 19.9756 19.9747 19.9747 19.9856 20.0062 19.9976 20.0645 20.2379 20.26 20.4112 20.5105 20.6138 21.0207 21.2684 21.6248 21.5488 21.4746 21.6589 21.6609 21.6632 21.6646 21.665 21.6648 21.6879 21.6838 21.1812 
2.4618 2.4595 2.4549 2.446 2.4295 2.3656 2.1925 2.1751 2.096 1.979 1.5201 1.1429 1.04 0.7173 0.5108 0.3438 0.2484 0.1843 0.24 0.5808 1.0005 1.1459 1.1469 1.2008 1.2208 1.2616 4.8067 12.1218 10.5144 8.5687 11.5915 17.8176 19.1627 19.3178 19.4735 19.4975 19.5037 19.5746 19.7138 19.8104 19.9974 20.0107 19.9965 19.9806 19.9952 20.0234 20.0166 20.0227 20.0035 19.9883 19.9771 20.0832 20.1768 20.1679 20.1536 20.4506 20.5404 20.7871 21.0786 21.3211 21.3805 21.8182 21.9141 21.8179 21.7242 21.7084 21.9752 21.9867 21.8242 21.8611 21.8542 21.1914 21.1608 21.1377 
2.4759 2.4774 2.4778 2.476 2.469 2.4498 2.4022 2.2049 2.2059 2.0175 1.6717 1.2043 0.9189 0.6772 0.5387 0.3977 0.2934 0.243 0.1902 0.2681 0.9116 1.0843 1.118 1.1402 1.2154 1.2593 2.1774 7.3947 15.9854 11.9075 5.6047 16.9483 19.2437 19.2862 19.449 19.502 19.506 19.554 19.6703 19.8295 19.9432 19.9882 20.0195 19.9997 19.9804 20.0071 20.0271 20.0271 20.0271 20.0222 20.0754 20.1933 20.5028 20.564 20.5909 20.906 21.0187 21.545 21.5433 21.7895 22.3134 22.2395 22.1782 22.2265 22.2804 22.1499 22.1563 21.8719 21.8598 21.8512 21.1598 21.127 20.2569 20.2269 
2.6355 2.6365 2.6375 2.5116 2.5213 2.5313 2.5357 2.5011 2.1988 1.8346 1.6113 1.4541 0.9847 0.8028 0.5234 0.3999 0.4067 0.2967 0.2821 0.5117 0.708 0.9285 1.0887 1.1585 1.092 1.2013 1.1662 2.6966 15.6109 17.5112 17.0429 16.7495 19.2205 19.2729 19.3235 19.4601 19.5023 19.5472 19.5802 19.7706 19.8908 19.9849 20.0183 20.0224 19.9998 19.9867 20.0165 20.0271 20.0552 20.2372 20.3602 20.3596 20.6933 21.138 21.3888 21.3486 21.739 22.1591 22.4852 22.5674 22.5334 22.7492 22.596 22.4163 22.1976 22.1828 21.8725 21.8551 21.1696 20.2769 20.2152 19.7195 19.6945 19.6778 
2.6503 2.6555 2.6628 2.6736 2.6906 2.6875 2.7493 2.8577 2.7716 1.962 1.7578 1.6341 1.3336 1.0176 0.8593 0.5236 0.5317 0.3975 0.2981 0.4057 0.7338 0.8527 0.9915 1.0228 1.0141 1.038 1.1286 2.545 10.0677 16.0521 17.3171 18.858 19.1122 19.2767 19.3189 19.3647 19.4762 19.5519 19.5703 19.6557 19.8425 20.0084 20.022 20.0225 20.0167 20.0141 20.0221 20.1533 20.5076 20.5171 20.5883 21.0476 20.893 21.6112 21.7697 22.099 22.3349 22.9282 23.036 22.9321 22.88 22.9139 22.5226 22.3136 22.23 22.1787 20.8116 20.3661 20.2391 19.719 19.6771 19.6522 19.6378 19.6298 
2.6635 2.672 2.6838 2.7467 2.8092 2.8279 2.8614 2.933 2.9574 2.4387 1.7143 1.5104 1.3019 1.1388 0.9549 0.8121 0.5955 0.4576 0.2873 0.2064 0.5234 0.9699 0.9976 0.9743 0.9964 1.0 1.0262 2.812 7.338 3.1038 15.7855 16.4837 17.47 19.1484 19.3262 19.3629 19.4247 19.5237 19.582 19.6455 19.723 19.9156 20.025 20.0271 20.0232 20.0221 20.0491 20.4939 20.849 21.0108 21.4096 21.619 21.9324 22.3841 22.5841 22.525 22.9622 22.9987 23.06 23.1555 22.9906 22.6519 22.269 22.1052 21.57 20.8334 20.6303 19.7258 19.6431 19.6022 19.5835 19.5765 19.5758 18.5663 
2.4874 2.4955 2.5062 2.521 2.5425 2.5749 2.6255 2.8323 2.752 2.4322 1.2116 0.9477 1.3173 1.1669 0.9734 0.8534 0.7485 0.6093 0.3719 0.2603 0.3441 0.5938 0.8758 0.904 0.9528 0.9956 1.0064 1.1168 5.9552 12.8612 9.8545 12.4655 17.5039 18.9104 19.163 19.3593 19.4277 19.4892 19.5545 19.6015 19.733 19.8396 19.9841 20.0322 20.0773 20.2812 20.4766 20.8494 21.2361 21.6944 21.9814 22.5982 22.9444 23.1681 23.6859 23.7435 23.4679 23.4133 23.4771 23.2476 22.6663 22.2196 21.8829 21.474 20.7829 19.8013 19.5744 19.4895 19.4669 19.4696 18.5689 18.5491 18.5365 18.5286 
2.464 2.4653 2.4662 2.4658 2.4622 2.4511 2.4238 2.3631 2.6897 2.2053 0.7703 0.634 0.655 1.2741 1.103 0.8349 0.7292 0.5779 0.4161 0.3537 0.4111 0.5313 0.6849 0.7934 0.8697 0.9454 0.9535 1.0344 3.5659 15.5758 15.5591 15.6845 18.87 18.9033 19.0385 19.1944 19.3763 19.4128 19.5452 19.5674 19.6601 19.885 20.0246 20.3353 20.5061 20.6294 20.9315 21.5126 22.221 22.3784 23.9723 24.1448 24.0951 24.1585 24.1074 24.42 24.4233 23.9394 23.6754 23.387 22.772 21.9992 21.4538 21.1542 19.7531 19.2289 18.7988 18.7704 18.5308 18.5073 18.4951 18.4893 15.0015 14.9141 
2.4403 2.4351 2.4264 2.4115 2.3852 2.3363 1.9755 1.6462 1.1725 1.0635 0.6351 0.4638 0.85 1.4079 1.3561 0.9761 0.6765 0.6125 0.5692 0.426 0.4425 0.5361 0.6422 0.7317 0.7329 0.8117 0.8782 0.8762 2.3866 6.6833 10.0923 16.891 18.6964 18.9512 19.0638 19.0975 19.2175 19.4092 19.522 19.6576 19.7139 19.9071 20.1929 20.5491 20.9631 21.4677 22.0494 22.1926 23.6907 25.2815 25.3183 25.5502 25.9568 25.7777 25.1149 24.78 24.6795 24.4681 23.6778 23.4131 23.1039 21.8041 21.1672 19.3648 18.488 18.4288 18.5256 18.3799 17.1779 17.0818 15.095 14.9485 14.8501 14.7836 
2.4183 2.4076 2.5595 2.4836 2.4556 2.3957 2.3386 1.9867 1.8849 1.896 1.3842 0.492 0.5959 1.2819 1.3167 1.3448 1.0252 0.8025 0.7656 0.6072 0.6044 0.6427 0.65 0.703 0.6456 0.6358 0.746 0.7726 0.6307 7.0937 16.9267 10.13 18.3443 17.6258 19.0031 19.0722 19.1526 19.3729 19.4747 19.6157 19.8244 20.0854 20.6699 21.1014 21.7622 22.013 24.324 25.4756 25.7956 27.0768 28.1002 27.2438 27.3457 27.3262 27.0185 25.5942 24.7664 24.1487 23.5896 22.9407 22.1806 21.7447 19.7252 19.2015 17.8851 17.759 17.1577 16.9323 15.2594 14.9826 14.8182 14.7212 14.6638 14.63 
2.5848 2.5189 2.5687 2.5575 2.4786 2.1914 2.2223 2.3224 2.4973 3.1759 2.3235 0.7917 0.5634 0.6526 1.3301 1.4639 1.3965 1.1115 0.9603 0.8283 0.713 0.7052 0.6872 0.6467 0.6328 0.6269 0.6259 0.611 0.5752 2.9075 13.8279 14.351 13.979 18.1011 18.913 19.072 19.1651 19.3155 19.4291 19.5048 19.8525 20.3317 21.2625 22.3475 23.4981 24.0194 25.8683 28.1539 29.3446 28.6845 29.9203 30.0711 28.8881 28.0954 27.4461 26.4429 25.0022 23.8812 22.9707 22.5932 21.2605 19.6829 19.5825 18.6226 17.9399 16.7987 16.6388 14.9363 14.6485 14.5162 14.4638 14.4487 14.4507 12.1959 
2.594 2.5907 2.5142 2.209 2.2306 2.2697 2.3688 2.2659 2.5665 2.8472 1.5031 0.8143 0.7157 0.9655 1.6755 1.5741 1.4884 1.3334 1.1565 0.9495 0.8378 0.7579 0.74 0.7049 0.6461 0.6254 0.6145 0.6063 0.5686 2.9987 7.2367 8.3762 15.6119 17.1337 18.8996 19.0341 19.1776 19.1945 19.3197 19.5596 20.1324 20.7573 21.6637 22.9337 24.162 27.4633 28.4466 31.3386 31.6568 32.8091 31.2257 31.4734 31.0232 28.4991 26.6153 26.0423 24.9504 23.4277 21.2206 21.0924 19.444 19.1502 19.7427 18.352 16.3402 14.6396 13.6926 12.2738 12.0627 11.9974 11.9818 11.9842 11.9935 12.005 
2.6047 2.3244 2.3322 2.3443 2.3639 2.095 2.1546 2.1787 2.1673 1.9455 1.2335 0.9759 1.0297 1.1696 1.6587 1.6791 1.5814 1.4745 1.2736 1.1915 1.067 0.9119 0.7778 0.7633 0.6793 0.6644 0.5969 0.5568 0.5449 0.5126 4.825 8.7572 2.0586 14.9124 17.048 18.9157 19.0491 19.1858 18.961 19.6055 20.222 22.2405 25.1241 26.8238 28.594 31.1534 33.3183 34.1529 35.002 34.4551 33.8186 32.458 31.1633 30.6257 27.0216 25.9281 23.9763 22.7921 20.119 19.0277 17.7667 18.0905 16.3658 14.8719 13.532 12.1758 10.5965 9.5186 9.4282 9.3884 9.3736 9.371 9.3743 9.3801 
2.317 2.3215 2.3278 2.015 2.0323 2.0517 2.0243 1.981 1.8654 1.4674 1.2923 1.2208 1.2799 1.6624 1.9858 1.9455 1.6162 1.5327 1.4907 1.2875 1.231 1.2114 1.0393 0.8283 0.7285 0.7112 0.6743 0.5817 0.5361 0.4981 0.4253 6.2031 11.9429 13.8964 15.4344 18.977 19.0732 18.9149 18.599 19.67 22.1222 25.2309 29.0893 33.0507 34.475 35.9006 36.7189 37.7735 37.4244 35.9871 35.1222 33.8461 31.1341 29.1594 27.9126 24.6712 22.4993 19.8765 18.609 17.1001 14.9294 14.2288 14.2532 11.6906 10.0185 7.8546 7.9939 8.5521 8.7906 8.949 9.0568 9.1335 9.1902 9.2337 
2.3125 2.3152 1.9892 1.9962 2.4461 2.4238 2.0512 2.4189 2.3097 1.8861 1.7071 2.1834 2.3044 1.8641 2.1001 2.0983 1.9014 1.6111 1.5535 1.5441 1.341 1.2795 1.2554 1.0428 0.8679 0.7585 0.6667 0.6239 0.5621 0.5068 1.6653 4.0745 17.6312 14.9016 17.2144 18.97 19.0103 18.7725 18.7436 21.0796 23.4066 28.0056 31.8544 38.6644 40.5532 39.6903 39.4294 39.2418 39.9231 36.8199 34.5261 33.3393 28.0104 26.1726 24.8903 22.5322 19.6624 18.038 15.9995 14.7746 12.7806 10.5484 9.8327 8.9613 6.9127 5.7353 6.8585 7.2577 7.4524 7.5754 8.7781 8.9194 9.0215 9.0977 
2.453 2.4599 2.4581 2.5542 2.5468 2.5359 2.5207 2.5027 2.4785 2.5575 2.8596 3.3577 3.4167 2.6463 2.4466 2.1667 2.1554 2.0434 1.707 1.7242 1.6975 1.495 1.3605 1.1505 1.036 0.8588 0.7149 0.6588 0.6102 0.5597 0.6454 5.7067 9.4431 11.0238 16.0168 20.1721 18.7625 18.8235 19.1996 20.3562 26.883 32.8002 38.3056 42.3364 43.2628 42.1344 41.1309 37.5547 34.4693 35.1317 30.9424 29.3406 26.5521 25.2585 22.0962 19.7543 18.0832 15.3158 12.1781 11.2709 10.3229 7.3596 7.4045 6.5187 5.6572 5.1173 6.2853 6.8749 7.2079 7.402 7.527 7.6123 7.6732 8.9804 
2.4638 2.572 2.5714 2.5707 2.5704 2.5718 2.5789 2.5988 2.9458 3.0411 3.2398 3.4439 3.4085 3.2883 2.89 2.5361 2.2806 2.2581 2.1857 1.8839 1.8694 1.8034 1.4982 1.3203 1.1604 1.0499 1.0782 0.7611 0.6406 0.7278 0.7563 2.8486 11.892 14.6083 26.7097 19.7517 18.9712 22.9699 19.3108 23.9647 34.382 39.6219 40.6978 41.8305 40.7257 40.107 36.9028 35.3041 32.901 30.5432 28.4654 28.0182 25.2418 22.6698 20.5861 17.7033 13.0901 12.9017 10.937 8.7329 7.2568 6.1193 6.3846 6.1683 5.7818 5.6511 6.5256 6.8071 7.1014 7.3012 7.4394 7.5379 7.6103 7.6648 
2.5814 2.5831 2.5855 3.1767 3.1709 3.1434 3.1532 3.1762 3.2223 3.3011 3.578 3.5487 3.4195 3.2987 3.2429 2.8446 2.619 2.403 2.3306 2.2599 2.0871 2.0009 1.6142 1.4501 1.324 1.2268 1.2501 1.1023 0.9193 0.891 0.7372 0.6603 6.6699 19.1047 17.9557 21.2302 20.6618 27.4976 29.2181 35.7411 39.5086 44.8057 41.7479 40.7404 38.9513 34.871 33.2909 32.4767 31.2153 28.8913 26.6328 25.3335 21.5415 18.0444 15.8553 13.2239 11.4666 12.0482 10.4453 8.4282 7.0394 6.9979 6.7779 6.1743 5.9413 5.9322 5.9998 6.1194 7.1005 7.2662 7.3938 7.4913 7.5663 7.6246 
3.2129 3.2117 3.2115 3.1855 3.1949 3.2107 3.2368 3.2787 3.6402 3.6579 3.6964 3.7434 3.7786 3.4977 3.3795 3.37 2.9707 2.8835 2.5312 2.3679 2.2314 2.1229 1.9462 1.5354 1.4638 1.2849 1.2429 1.1616 1.1003 0.9951 0.9154 1.0796 6.6019 15.2582 17.5916 17.7122 23.2455 28.8862 25.9901 38.05 45.2028 39.3297 39.6447 32.9118 29.2887 29.7633 28.9078 29.9192 27.9075 24.5323 22.5351 20.1809 17.0756 13.5646 10.1813 11.923 12.4164 11.0507 10.4029 8.751 7.9528 7.3042 6.6053 6.1907 6.0124 5.9276 6.0874 6.1526 6.2211 7.2746 7.3811 7.4688 7.5399 7.5975 
3.2324 3.2058 3.2138 3.2254 3.2426 3.2677 3.3045 3.6593 3.6826 3.7267 3.7805 4.0657 4.324 4.0595 3.7404 3.6768 3.3103 3.2172 2.8955 2.5752 2.2462 2.0801 2.0074 1.8266 1.4038 1.2869 1.2847 1.1667 1.1269 1.1072 0.949 1.7279 4.8208 8.2193 17.6986 17.8003 21.1471 29.3247 34.4551 31.8057 28.091 27.4948 26.8623 23.0442 21.3805 26.1825 25.7131 22.0899 22.551 22.0974 13.5502 16.3536 15.0257 13.4555 11.5028 11.891 12.1615 11.2849 10.4675 9.6053 7.7546 7.5341 7.4624 6.5524 5.7211 6.0021 6.1399 6.1823 6.229 6.2726 7.3899 7.4643 7.528 7.5817 
3.6759 3.686 3.7003 3.7205 3.749 3.789 4.155 4.1838 4.3588 4.4028 4.4179 4.4574 4.4991 4.584 4.496 4.2376 3.9831 3.4515 3.2686 2.7571 2.1761 1.9989 1.914 1.838 1.6763 1.382 1.2544 1.1859 1.0669 0.9254 0.8458 0.868 2.3818 6.7573 13.7642 27.8494 32.065 36.7848 30.5422 25.2826 21.3687 14.6039 11.2124 19.6831 16.8628 16.5197 20.5283 17.5027 18.3147 18.1949 14.5363 15.743 14.6529 14.0134 12.4729 12.3238 12.2755 10.1568 10.5143 8.9155 8.4646 7.6826 7.6145 6.6128 5.7598 6.0467 6.0207 6.2057 6.2398 6.2732 6.3031 6.3286 7.5268 7.5751 
3.7258 3.743 3.7658 3.7961 4.1766 4.3916 4.3786 4.4148 4.4675 4.5075 4.7587 4.9191 5.173 5.3096 4.75 4.7347 4.2213 3.874 3.5442 3.1003 2.1439 1.9541 1.8655 1.7822 1.7978 1.5934 1.2901 1.1125 0.7959 0.7589 0.7508 0.7331 0.7385 3.9703 20.7382 29.8574 39.559 36.8481 33.9281 24.8086 13.9036 8.9304 7.7756 9.3431 12.7169 14.9038 17.1409 18.0112 18.3252 17.9886 17.2749 16.9044 14.6074 14.39 12.7515 12.6409 12.5432 10.5039 9.898 9.0126 8.6943 7.7808 7.7206 6.6552 5.7829 5.7258 6.0564 6.2243 6.2506 6.2768 6.3014 6.3233 6.3421 7.5755 
3.7721 3.7953 3.8249 4.3957 4.4165 4.4021 4.437 4.4855 4.7155 4.7783 4.9229 5.1017 5.4645 5.7728 5.0777 4.6765 4.4601 3.9537 3.681 3.147 2.1292 1.925 1.8586 1.7719 1.719 1.5601 1.34 0.9642 0.8994 0.7708 0.6808 0.633 2.3444 4.7559 17.5127 30.2055 38.4388 35.7658 34.529 31.6886 19.6431 10.835 4.668 3.4143 10.003 12.5346 16.6706 17.6722 18.4425 18.1704 18.1032 18.0554 15.1063 14.6025 12.8691 12.8426 12.7316 10.5109 9.8967 9.7626 8.8196 7.8732 7.7967 6.686 5.7971 5.7516 5.7129 6.0709 6.2606 6.2818 6.3022 6.3209 6.3376 6.352 
3.814 4.3943 4.4095 4.4291 4.4114 4.442 4.7029 4.7435 4.7562 4.8704 4.9596 5.0994 5.2996 5.3358 5.0396 4.7356 4.5499 4.0942 3.7389 3.2106 1.9768 1.8271 1.817 1.7959 1.6812 1.6092 1.0632 0.5271 0.5152 0.7809 0.6767 0.5616 2.1233 7.2591 21.4816 28.9205 35.5199 34.6778 34.7598 31.8285 28.4492 17.343 8.3137 5.9209 7.9107 11.7553 13.2232 17.4575 15.3585 18.3268 18.1035 18.4399 15.3272 14.7543 14.6681 11.3228 12.8698 10.5181 9.8943 9.799 8.8995 7.9524 7.8527 6.6587 5.8059 5.7691 5.7366 5.7099 6.2699 6.2873 6.3044 6.3204 6.3351 6.3482 
4.4029 4.4171 4.3928 4.4133 4.674 4.6986 4.7302 4.7908 4.8273 4.8776 4.9958 5.0668 5.1243 5.1095 4.942 4.7463 4.6046 4.3216 3.7198 3.1342 1.766 1.7736 1.8775 2.1205 1.3566 1.0446 0.4003 0.4786 0.5865 0.888 0.893 0.9852 1.8733 4.745 18.8406 26.2011 33.1121 34.1523 33.7902 32.2582 28.5729 20.2873 15.1134 6.8923 7.9833 11.5019 12.6881 13.5188 15.157 18.4422 18.3094 18.6596 15.4854 15.2259 14.8112 11.3412 11.3308 10.5226 10.397 9.821 8.9521 8.8159 7.9185 6.6898 6.681 5.7811 5.7537 5.7303 6.0375 6.293 6.3074 6.3212 6.3341 6.3459 
4.4207 4.3936 4.6558 4.672 4.692 4.7168 4.7709 4.7959 4.8276 4.9243 4.9622 4.9984 5.017 4.9976 4.8401 4.7315 4.6301 4.5482 3.6414 2.1987 1.7853 1.7881 1.7787 1.8974 1.2208 0.9733 0.5879 0.4237 0.5674 0.9152 0.9959 1.3936 2.0492 3.5122 14.9316 24.8773 29.2192 32.2207 34.0194 33.5898 27.4587 21.029 17.5192 11.6564 8.1463 10.3496 12.4112 13.0944 15.038 14.9678 18.4398 18.3731 14.4712 15.3855 14.9179 11.3528 11.344 11.3388 10.4212 9.8353 8.7957 8.875 7.971 6.7131 6.6514 5.7896 5.7663 5.7458 5.7286 6.053 6.3109 6.3228 6.3342 6.3447 
4.6437 4.655 4.6687 4.6851 4.7048 4.7547 4.7727 4.7944 4.8823 4.9054 4.9286 4.9464 4.9507 4.934 4.7848 4.7119 4.639 4.2097 2.9339 2.109 1.7265 1.7366 1.7333 1.6554 1.3217 1.1561 0.768 0.5043 0.5384 0.8833 1.2688 1.4844 1.845 4.2145 13.2982 22.6434 25.7218 31.6288 34.0537 33.9804 30.6693 20.975 18.6279 17.4147 13.0197 8.6066 12.2911 12.8359 13.2535 14.9271 18.5308 18.4819 14.5523 14.2308 15.0014 13.0127 11.3533 11.3483 10.4382 10.3528 8.8256 8.918 8.0108 6.7307 6.6769 5.7956 5.7757 5.7577 5.7422 6.0599 6.3145 6.3249 6.3349 6.3444 
4.6533 4.6649 4.6785 4.6945 4.7416 4.7551 4.8408 4.8549 4.8703 4.886 4.8998 4.9082 4.9072 4.8937 4.7457 4.6937 4.6398 3.9239 2.1841 1.7141 1.7219 1.7304 1.7425 1.792 1.8762 1.4552 1.132 0.5824 0.6157 0.8166 1.001 1.5424 1.7036 4.6219 10.969 16.8402 23.8304 31.284 31.7692 34.0513 30.5974 24.3682 19.106 18.3387 13.6685 12.5724 12.2531 12.6842 13.0381 14.8972 14.8525 18.5607 15.8227 14.457 14.2049 15.0428 11.3601 11.3556 10.4502 10.3782 8.8464 8.7567 8.877 7.991 6.697 5.8 5.7828 5.767 5.7531 5.7411 6.0706 6.3274 6.3362 6.3447 
4.6611 4.6725 4.6857 4.7308 4.7413 4.8255 4.8356 4.8466 4.8578 4.8683 4.8764 4.88 4.877 4.8662 4.7169 4.678 4.0278 3.8044 1.7065 1.7134 1.7229 1.7387 1.7752 1.8463 1.9873 1.6229 1.2686 0.8799 0.7509 0.7899 0.906 1.5049 1.6472 4.6942 10.9371 16.1123 22.8571 25.3984 31.5234 31.8077 30.5339 24.4258 19.2929 18.8637 17.9302 13.7064 12.2552 12.5983 12.8947 14.8757 14.846 18.6206 15.888 14.5215 14.2658 15.1007 11.3652 11.3612 10.4586 10.3971 8.8609 8.7842 8.7125 8.0203 6.713 5.8032 5.7882 5.7743 5.7618 5.7507 6.0753 6.33 6.3378 6.3454 
4.6671 4.6782 4.7219 4.7303 4.8138 4.8214 4.8296 4.838 4.846 4.8529 4.8576 4.8586 4.855 4.8463 4.6951 4.4377 3.9163 2.2921 1.7056 1.7128 1.7231 1.7403 1.7714 1.6647 1.6621 1.523 1.3167 1.025 0.9245 0.8814 1.1009 1.2372 1.6193 4.7382 10.939 12.4565 19.0373 24.7589 31.3682 31.6177 34.1115 24.4343 23.4648 19.1635 18.3929 18.1467 14.446 12.5522 12.8 13.0107 14.8397 16.4276 15.936 13.9322 14.3138 14.2559 11.3692 11.3657 11.363 10.4115 10.3604 8.805 8.7424 8.2407 6.7259 6.6913 5.7924 5.7801 5.7688 5.7587 5.7499 6.0831 6.3396 6.3464 
4.6717 4.7145 4.799 4.8045 4.8105 4.8168 4.8233 4.8296 4.8353 4.8398 4.8423 4.8421 4.8384 4.8313 4.4546 4.3604 3.2988 1.699 1.7041 1.7107 1.7199 1.7332 1.6993 1.5191 1.5089 1.4342 1.3225 1.0858 1.0013 0.9031 0.9295 1.1975 1.5379 4.7809 10.9643 12.0756 18.6218 24.3752 25.2255 31.4845 31.6461 24.4129 23.6386 22.9081 18.6982 18.5528 14.6849 12.5302 12.7381 12.9211 14.8342 14.8146 15.9719 13.9812 14.5214 14.301 11.3724 11.3693 11.3668 10.4224 10.3777 8.8209 8.7658 8.7147 6.8099 6.7053 5.7957 5.7847 5.7745 5.7653 5.7571 5.9358 6.0898 6.3477 
4.7081 4.7926 4.797 4.8018 4.8068 4.812 4.817 4.8218 4.8258 4.8287 4.8299 4.829 4.8256 4.4595 4.3879 3.9051 3.2178 1.6972 1.7017 1.7073 1.7143 1.6685 1.4388 1.4456 1.4282 1.3807 1.3141 1.1089 1.0438 1.1407 0.9318 1.1734 1.5088 4.8219 11.0031 11.8478 12.6341 24.1506 24.8517 25.5211 31.5361 24.374 23.7429 23.1396 18.9011 18.8473 18.417 14.7167 12.6982 12.857 12.3224 14.815 16.4426 14.0187 13.9235 14.3378 12.1977 11.3722 11.3699 10.4309 10.3915 8.8331 8.7844 8.7387 8.2464 6.7168 5.7983 5.7885 5.7793 5.7708 5.7632 5.7565 5.9417 6.3491 
4.7872 4.7909 4.7948 4.7989 4.803 4.8072 4.8111 4.8147 4.8175 4.8193 4.8197 4.8184 4.4577 4.4025 4.3315 3.3109 2.5698 1.695 1.6987 1.703 1.6517 1.6527 1.3991 1.3969 1.38 1.3472 1.3038 1.1157 1.0664 1.1699 0.9353 1.1591 1.4899 1.5359 11.0472 11.7081 12.3342 18.141 24.5963 25.1788 31.4542 25.5077 23.8029 23.2977 19.0365 19.0616 18.6751 14.8633 12.6733 12.8113 12.2643 12.3596 14.8016 14.0476 13.9629 14.5327 14.3322 11.3746 11.3725 11.3708 10.4025 8.8426 8.7993 8.7583 7.8674 6.8003 6.7027 5.7915 5.7832 5.7754 5.7684 5.7621 5.9437 5.9467 
4.7857 4.789 4.7923 4.7958 4.7992 4.8026 4.8056 4.8083 4.8102 4.8112 4.8111 4.8097 4.409 4.3539 3.8959 2.6446 1.69 1.6926 1.6954 1.6985 1.6411 1.3672 1.3689 1.3634 1.3487 1.3247 1.2945 1.1156 1.078 1.1891 1.1761 1.3418 1.1961 1.5162 10.8386 11.6212 12.1296 12.5871 24.4221 24.9267 25.355 25.4301 23.8341 23.4061 23.0052 18.7832 18.8734 14.982 12.6584 12.7788 11.1787 12.308 14.804 14.07 13.9944 13.9251 14.361 11.3767 11.3748 11.3732 10.4114 10.3814 8.8113 8.7743 8.7397 6.8138 6.7129 5.794 5.7864 5.7793 5.7728 5.7669 5.7615 5.9482 
4.7841 4.7869 4.7898 4.7927 4.7956 4.7982 4.8006 4.8025 4.8038 4.8044 4.804 4.4107 4.3672 4.3134 3.3156 2.6034 1.6879 1.69 1.6921 1.6331 1.6321 1.3472 1.3459 1.3395 1.327 1.3088 1.2866 1.1128 1.0836 1.2018 1.1891 1.3411 1.1825 1.5023 4.8063 11.5671 11.9867 12.3724 24.3035 24.7406 25.1222 25.4445 25.1004 23.4801 23.1326 18.8882 19.0263 18.758 14.9692 12.756 11.1522 12.2669 12.3364 13.8279 14.0198 13.957 14.5475 12.2244 11.3767 11.3752 10.3342 10.3915 8.821 8.7876 8.756 7.8708 6.7955 5.7961 5.7892 5.7826 5.7766 5.771 5.766 5.9498 
4.7823 4.7848 4.7873 4.7897 4.792 4.7942 4.796 4.7974 4.7982 4.7984 4.4097 4.3747 4.3319 3.198 2.6562 2.5726 1.6859 1.6874 1.6273 1.6264 1.3305 1.3308 1.3282 1.3218 1.3113 1.297 1.28 1.1089 1.0859 1.2101 1.1985 1.5839 1.3638 1.4925 4.7683 11.3086 11.8852 12.2134 24.223 24.6027 24.9419 25.2359 25.0804 23.53 23.2267 22.8656 19.1447 18.9006 15.0511 12.7402 11.1321 12.2343 12.2991 12.3551 14.0404 13.9834 13.931 12.2399 11.3783 11.3769 10.3428 10.4 8.829 8.7986 8.7698 7.8844 6.8073 5.7978 5.7915 5.7854 5.7798 5.7746 5.7699 5.7656 