ncols 116 
nrows 104 
xllcorner 159425.432983
yllcorner 383936.121002
cellsize 0.25
nodata_value -9999 
30.4868 33.6379 32.9134 35.5582 34.6203 32.3022 28.7972 28.7849 28.4828 28.6969 27.1807 24.4179 26.2359 26.262 27.0551 26.3388 28.8634 28.3751 26.3697 26.375 28.4601 28.5725 28.5683 25.9738 25.8356 22.3881 22.3723 20.4287 20.0758 18.4519 18.2707 18.0327 18.0246 17.832 16.4567 16.4527 16.4484 16.2155 15.8305 15.8255 15.4475 21.2595 27.1844 36.7145 36.9169 36.9208 36.9237 36.9255 36.9259 38.3191 38.255 38.1839 33.9744 26.6852 26.7258 26.9635 27.5621 27.5376 30.8413 32.734 30.4102 36.0361 39.0678 33.819 33.7504 31.8382 32.106 31.4112 32.001 31.9581 31.9162 31.2133 27.0146 26.9749 26.9159 26.8616 26.8017 26.7479 26.7028 26.6662 26.6373 26.6149 26.2303 23.0554 22.4896 18.707 18.6913 18.678 18.667 18.6578 18.6501 18.6438 16.6969 16.6796 16.6646 16.6516 16.6405 16.6308 15.3214 15.3121 12.3508 12.3346 12.3203 9.6433 7.9438 7.9241 7.7221 5.7294 5.7213 5.7139 5.7072 5.7011 5.6956 5.6906 3.8533 3.8507 
30.4873 30.4888 32.9079 32.9219 34.6305 32.3104 28.8024 28.7894 28.4855 28.4758 28.6844 27.1587 26.2252 26.2529 27.0509 26.3434 25.2836 29.2486 26.3698 26.3683 26.3713 28.4717 28.5686 25.9757 25.97 25.8086 22.3771 20.4394 20.088 18.4557 18.4491 18.0362 18.0273 17.8357 17.8202 16.4542 16.4495 16.2176 15.8317 15.8261 15.449 15.4466 26.9787 36.6072 36.9273 36.9323 36.9363 36.9391 36.9403 38.3542 38.2831 38.2028 33.7936 31.1803 26.7137 26.7641 27.5759 27.5478 30.7787 32.7005 30.395 36.0175 39.0765 37.2666 33.7846 33.6911 31.8725 32.7676 32.0043 31.9492 31.8948 31.1782 27.0505 26.999 26.9246 26.8568 26.7806 26.7189 26.6695 26.6314 26.603 26.2138 23.0444 19.994 18.7073 18.6888 18.6735 18.661 18.6508 18.6425 18.6357 16.687 16.6681 16.6521 16.6384 16.6267 15.3181 15.3072 12.3578 12.3387 12.3218 9.6513 7.9563 7.9332 7.7299 5.7343 5.7249 5.7164 5.7087 5.7017 5.6955 5.6898 4.1991 3.852 3.8492 3.8467 
30.4878 30.4895 33.6389 32.9164 35.5627 34.6153 32.2967 28.7945 28.4887 28.4782 28.6879 27.1647 24.4165 26.2424 27.046 26.3486 26.337 29.2511 28.3685 26.3684 26.3724 28.4654 28.569 25.9779 25.9717 25.8202 22.3828 21.2781 20.4182 18.4601 18.453 18.0403 18.0306 17.8402 17.8231 16.4561 16.4509 16.2202 15.8332 15.827 15.4507 15.448 21.1455 27.3079 36.853 36.9448 36.9502 36.9543 36.9567 36.9569 38.3193 38.2284 38.1267 31.1889 26.6968 26.7554 26.9822 27.5617 27.5247 30.8721 30.3698 35.9881 36.1239 39.0691 33.8335 33.7193 31.8586 32.815 32.0133 31.9405 31.8671 31.13 27.096 27.0269 26.9298 26.8435 26.7463 26.6765 26.6243 26.5867 25.6269 23.0293 19.9932 18.707 18.6849 18.6671 18.6529 18.6415 18.6326 16.6983 16.674 16.6536 16.6364 16.622 15.3142 15.3011 12.3674 12.3444 12.3241 12.3063 9.6416 7.9449 7.9204 7.7151 5.7295 5.7196 5.7107 5.7026 5.6954 5.689 4.1993 3.8536 3.8504 3.8475 3.8448 3.2219 
30.4884 30.4901 33.6334 32.9101 35.5563 34.627 32.306 28.8005 28.4923 28.4811 28.6921 27.172 24.4165 26.2303 24.6356 27.0585 26.3424 25.6704 29.2425 26.3685 26.3737 28.458 28.5696 28.564 25.9738 25.8342 22.3897 21.2836 20.4301 20.0694 18.4577 18.4492 18.0346 18.0231 17.8267 16.4583 16.4526 16.3079 15.835 15.828 15.4527 15.4497 15.4464 27.6501 36.7324 36.9582 36.9655 36.9713 36.9753 36.9767 38.3664 38.2632 38.145 33.9132 26.6728 26.7416 26.8192 27.5807 27.5369 30.7846 32.7362 30.5151 36.1075 39.0819 33.9053 33.7642 31.8343 32.1748 32.0338 31.9343 31.8301 31.0607 27.1552 27.0581 26.9262 26.7963 26.6912 26.6153 26.5637 23.0494 23.0076 18.7397 18.7056 18.6788 18.6579 18.6417 18.6292 18.6197 16.6837 16.6569 16.6348 16.6165 15.3092 15.2934 12.3804 12.3522 12.3277 12.3063 9.651 8.6521 7.9309 7.905 5.7355 5.7238 5.7133 5.7039 5.6956 5.6882 4.1996 4.1984 3.8519 3.8486 3.8455 3.8428 3.2195 2.3136 
30.4889 30.4908 30.4927 33.6406 32.9205 35.5689 32.3168 28.8073 28.7906 28.4845 28.4718 28.6757 24.4165 26.2162 26.2523 27.0532 26.3486 26.3343 29.2451 28.3594 26.3668 26.3689 28.5705 28.5643 25.9762 25.9683 25.7972 22.3742 20.4444 20.4014 18.4632 18.454 18.0394 18.0267 17.8314 17.8091 16.4548 16.31 16.2123 15.8294 15.455 15.4516 15.4478 27.3308 36.5749 36.9726 36.9822 36.9904 36.9965 36.9998 36.9994 38.311 38.1728 33.7575 31.0702 26.7201 26.826 27.6072 27.555 26.0567 32.6677 30.496 36.0745 36.3007 37.2879 33.838 29.261 31.9091 31.4859 31.9367 31.7784 30.9556 27.2353 27.0899 26.9024 26.7238 26.6042 26.1646 23.0288 20.0069 18.7456 18.7021 18.6691 18.6444 18.6259 18.6124 16.6999 16.6635 16.6341 16.6103 15.303 14.7688 14.7565 12.3633 12.333 12.3069 10.0899 8.6615 8.639 7.9137 5.7433 5.7292 5.7168 5.7057 5.696 5.6874 4.2 4.1986 4.1973 3.85 3.8465 3.8433 3.2948 2.4037 2.3126 2.3102 
30.4894 30.4915 30.4935 33.6343 32.9132 35.5618 32.3293 32.2997 28.7973 28.4886 28.4748 28.6798 24.4166 24.4145 26.2386 27.0468 29.0416 26.3406 29.2484 28.3629 26.367 26.3704 28.4661 28.5648 25.9792 25.9705 25.8126 22.3818 21.2773 20.414 18.4698 18.4598 18.0454 18.0311 18.0158 17.8123 16.4576 16.4498 16.2154 15.8311 15.4578 15.4539 15.4495 20.9775 27.8245 36.9879 37.0003 37.0116 37.0208 37.0268 37.0284 38.3772 38.2147 32.1861 27.6999 26.6864 26.7977 26.8591 27.5823 26.0759 30.8173 30.4512 36.0127 36.3068 39.0846 33.9653 33.6597 31.8686 31.5935 31.967 31.7027 30.7847 27.3481 27.0935 26.8042 26.5911 26.1019 22.9939 20.0071 18.7521 18.6947 18.6533 18.6239 18.6032 18.5889 16.6762 16.6354 16.6032 14.7819 14.7623 14.7467 12.3794 12.3411 12.3086 10.099 10.041 8.6463 7.9256 5.7538 5.7366 5.7215 5.7083 5.6968 5.6866 4.2006 4.1989 4.1974 3.8518 3.8477 3.844 3.8407 3.218 2.4029 2.3116 2.309 1.8314 
30.4899 30.4922 30.4944 33.6272 33.6433 35.5534 35.7461 32.3122 28.8052 28.4934 28.4784 28.6849 27.1587 24.4144 26.2223 27.039 27.0638 26.3481 25.6725 29.2366 26.3673 26.3649 28.4564 28.5658 28.5578 25.9732 25.8319 22.3913 21.2844 20.4297 18.7949 18.4669 18.4543 18.0368 18.0193 17.8166 16.4611 16.4523 16.3032 15.8333 15.4611 15.4565 15.4514 15.446 27.4232 36.7656 37.0197 37.035 37.0485 37.0585 37.0633 36.8219 38.2786 32.2298 27.7237 26.6337 26.7721 26.8734 27.625 26.1038 25.7743 30.3558 30.8375 36.2928 36.1135 34.1974 33.7607 31.7731 32.0887 32.0897 31.5878 27.8084 27.5131 27.0397 26.5817 25.9783 22.9289 20.005 18.758 18.6795 18.6266 18.5917 18.5693 16.7005 16.641 16.5955 14.7802 14.7538 14.7335 14.718 12.3536 12.3121 10.1116 10.0839 9.0872 8.6269 5.7679 5.7466 5.7281 5.712 5.6981 5.686 4.2015 4.1994 4.1976 4.196 3.8494 3.8451 3.8412 3.293 2.4043 2.402 2.3103 2.3076 1.8306 1.8289 
30.4903 30.4929 30.4954 30.4978 33.6361 35.5436 35.5697 32.327 32.2905 28.7923 28.4829 28.4657 28.6625 24.4144 26.203 26.2519 27.0568 26.357 26.3374 29.2401 28.3496 26.3651 25.278 28.5671 28.5581 25.9766 25.965 25.7779 21.2931 20.4493 20.3864 18.4756 18.4618 18.0441 18.0241 17.8225 16.8641 16.4557 16.3058 15.8363 15.5685 15.4598 15.4537 15.3278 21.021 30.6584 37.0399 37.0605 37.0798 37.0958 37.1059 37.107 38.3769 32.2966 32.372 27.2242 26.7238 26.8875 26.9402 26.147 26.103 30.156 30.8531 36.2385 36.4963 32.817 34.0184 31.5578 32.0315 32.0971 31.4573 28.3614 27.7283 26.6297 25.6728 20.0904 19.9955 18.76 18.6473 18.5788 18.5389 18.5168 16.6561 16.5878 14.7799 14.7424 14.7148 14.6947 12.3729 12.3187 10.1298 10.0938 9.0939 8.633 7.0894 5.7604 5.7372 5.7173 5.7002 5.6856 4.2026 4.2001 4.1979 4.196 4.1943 3.8465 3.8419 3.2944 2.4061 2.4034 2.3119 2.3088 1.8316 1.8297 1.8279 1.4497 
29.3171 30.4935 30.4963 30.499 33.6278 33.6477 35.5601 32.3444 32.3052 28.8015 28.4883 28.4694 28.6674 24.4144 24.4117 26.2331 27.0481 29.0424 26.3465 29.2447 28.3541 26.3655 26.3682 28.4698 28.559 25.9808 25.9678 25.7993 22.3782 21.272 20.4025 18.4865 18.4712 18.0536 18.0305 18.0054 16.8648 16.4603 16.3095 15.8402 15.5721 15.4639 15.4565 15.3306 15.3202 24.3147 37.0603 37.0875 37.1148 37.1396 37.1583 37.1659 36.8903 32.4035 32.446 27.1712 26.6341 26.8967 26.9806 27.6456 26.1564 30.3347 30.7734 30.4215 36.5142 36.1807 34.7801 32.8323 31.6662 33.0237 32.2151 27.8851 27.0945 24.5628 20.1619 19.9587 18.7447 18.5745 18.487 18.4468 16.6921 16.5823 14.7833 14.7263 14.6869 14.6599 12.8409 12.3304 10.157 10.1087 9.1033 9.0681 7.0988 7.0831 5.7503 5.725 5.7037 5.6856 4.2042 4.2011 4.1984 4.1961 4.1941 3.8484 3.843 3.8382 3.2904 2.4051 2.4022 2.3103 2.307 1.8306 1.8286 1.45 1.4495 1.4491 
29.321 30.4941 30.4972 30.5003 33.618 33.6394 35.5487 35.7474 32.3229 28.8125 28.4949 28.4741 28.6737 24.4145 24.4114 26.2102 27.0371 27.0725 26.3578 25.6765 29.2276 27.0062 26.3627 28.4568 28.5604 28.5482 25.9715 25.8275 25.7197 21.2809 20.4236 18.8121 18.4833 18.0661 18.0392 18.0095 16.8657 16.4664 16.3147 15.8455 15.5767 15.469 15.46 15.3338 15.321 21.1517 36.8332 37.1147 37.1525 37.1902 37.2228 37.2427 37.0154 32.5841 32.1057 29.6396 27.1113 25.9759 27.0283 27.5852 26.2678 25.7056 30.3326 31.3177 36.495 35.1949 35.4543 32.5379 30.3363 29.8308 30.7318 26.3372 21.1471 20.4514 19.7693 18.6566 18.3925 18.293 16.7948 14.9438 14.7981 14.7029 14.642 14.6041 12.8337 12.7876 10.4842 10.1321 10.0782 9.0704 7.1124 7.0913 6.4623 5.7366 5.7092 5.6864 4.2066 4.2026 4.1992 4.1963 4.1939 4.1918 3.8446 3.8389 3.2917 2.4074 2.4039 2.4008 2.3084 1.8319 1.8295 1.8273 1.4498 1.4493 1.4488 1.4484 
29.3252 29.3252 30.4982 30.5016 30.5049 33.6295 35.535 35.5706 32.3442 32.2942 28.795 28.4801 28.4556 24.4146 24.4112 23.1889 28.636 27.0629 29.0448 25.6894 29.2326 27.0053 26.3632 25.2788 28.5627 28.5487 25.9763 25.9578 25.742 21.2929 20.4513 18.5909 18.499 18.476 18.0514 18.0157 16.8671 16.8633 16.322 16.2945 15.5827 15.4757 15.4643 15.3375 15.3214 15.3064 30.5063 37.1399 37.1909 37.2467 37.3018 37.3447 37.3582 36.9555 32.2064 28.2185 26.9766 23.9144 27.0663 27.3367 26.5836 25.9739 28.6489 32.6798 34.3698 29.4911 37.6519 24.0106 27.1028 20.9408 19.7745 19.7321 19.7411 18.5077 18.3438 17.8941 17.0996 16.542 14.8469 14.6673 14.5626 14.5056 13.1341 11.3751 10.5411 10.4574 10.0933 9.0738 7.1332 7.1038 7.0804 6.448 5.718 5.6884 4.21 4.2048 4.2005 4.1968 4.1937 4.1912 4.189 3.8399 3.6348 2.5151 2.4061 2.4024 2.399 1.9407 1.8307 1.8281 1.4502 1.4496 1.4491 1.4486 1.4481 1.4477 
29.3298 29.33 30.4991 30.503 30.5067 33.6177 33.6449 35.5572 32.3699 32.3157 28.8082 28.4877 28.4602 28.6468 24.411 23.1934 26.2247 27.0503 29.0439 26.3576 29.2396 28.3393 26.364 26.3658 28.5663 28.55 25.9828 25.9612 25.7734 21.3095 21.2528 20.3722 18.8273 18.4937 18.0686 18.0251 17.9778 16.8646 16.3327 16.2988 15.5909 15.4847 15.4699 15.3418 15.3211 15.3024 23.766 37.159 37.2252 37.3051 37.3956 37.4822 37.5332 37.2013 32.4743 28.0196 26.7617 22.9092 26.0652 27.593 28.1406 25.6738 24.2897 23.3025 25.2287 20.3599 21.0191 19.3149 18.737 18.9497 19.6163 18.6797 17.3143 17.5787 16.0616 15.4118 15.3523 14.1192 13.9191 13.115 13.0407 11.4107 11.3487 10.5101 10.1213 7.9068 7.8685 7.1235 7.0901 7.0643 5.7325 5.6927 4.2153 4.2083 4.2025 4.1977 4.1937 4.1905 4.1878 3.8417 3.6354 2.5176 2.4091 2.4045 2.4005 1.942 1.9396 1.8292 1.8265 1.45 1.4494 1.4488 1.4483 1.4478 1.3005 1.3002 
29.7191 29.3353 29.3354 30.5043 30.5087 33.6036 33.6332 35.5407 35.7494 32.3424 28.8246 28.4974 28.4665 27.0989 24.4109 24.4065 23.1916 27.0338 27.0883 29.049 25.685 29.2123 26.9959 26.3603 28.4636 28.5527 25.9916 25.9662 25.9383 21.7622 21.2628 20.3995 18.6144 18.5184 18.0937 18.0398 17.9796 16.8669 16.479 16.3062 15.6024 15.4974 15.4775 15.3466 15.3192 15.2956 20.6881 31.2374 36.8882 37.3544 37.4966 37.6678 37.8108 37.8417 33.2679 27.6425 24.9794 24.3096 24.3634 30.3064 24.7243 25.1589 22.349 20.2677 20.7282 19.886 18.9566 18.5663 18.1227 17.2164 17.1574 16.0298 15.8632 15.2563 14.6362 14.4893 13.3997 12.6177 12.4548 11.4588 11.3581 11.2936 10.6074 8.9041 7.9011 7.8547 7.1061 7.0685 7.0406 4.8272 4.8098 4.2138 4.2058 4.1993 4.194 4.1898 4.1863 4.1836 3.6366 2.861 2.5165 2.4073 2.4024 2.3981 1.9408 1.9382 1.8274 1.4506 1.4498 1.4491 1.4485 1.4479 1.4474 1.3003 1.3001 1.2169 
29.7177 29.341 29.3415 29.3413 30.5107 30.5154 33.6188 35.5203 35.5716 32.3754 32.3031 28.7994 28.475 28.4373 24.411 24.4058 23.1975 26.8445 27.0745 29.0484 25.7071 29.22 26.9941 27.8783 25.2833 28.5574 28.5323 25.9736 25.9395 25.6646 21.2786 20.4495 18.6389 18.3422 18.5085 18.0636 17.9845 16.8704 16.862 16.3188 15.6192 15.5164 15.4883 15.3518 15.3143 15.2842 15.2628 21.3696 31.4163 31.6726 37.1614 37.8958 38.3503 38.428 33.7926 22.4556 24.6905 24.4061 20.7735 20.8793 19.7302 19.5904 19.0904 19.4342 18.907 18.5525 18.806 17.1387 16.107 15.2765 14.7874 15.1906 14.4605 14.6369 13.8461 12.8416 12.2411 12.1304 11.329 11.2408 9.8977 9.0106 7.9692 7.8839 7.1351 7.0757 7.0344 5.5676 4.8244 4.2232 4.2114 4.2021 4.1948 4.1891 4.1846 4.181 3.6385 3.6294 2.5199 2.5151 2.4051 2.3997 1.9424 1.9392 1.8287 1.8253 1.4504 1.4495 1.4487 1.4481 1.4475 1.3005 1.3002 1.217 1.2168 1.2166 
29.7154 29.728 29.3483 29.3486 30.5128 30.5184 33.6012 33.6406 35.5516 35.7438 32.3373 28.82 28.4864 28.4429 27.0478 24.4052 23.2048 25.5516 27.0549 29.0473 26.3811 25.6741 26.9924 27.8487 26.3567 28.5652 28.5349 25.9847 25.9424 25.7127 21.3045 21.1834 18.67 18.6565 18.5529 18.1035 17.9957 17.8833 16.866 16.3402 15.9126 15.6335 15.5048 15.3563 15.303 15.265 14.7898 20.5424 31.24 31.4341 31.7785 32.5269 34.9503 43.3727 21.9749 17.6581 26.5033 17.924 16.7077 18.4332 18.5912 17.6703 18.3696 17.9326 17.3954 16.9002 16.654 14.7975 14.2379 13.6751 13.474 13.5049 13.1098 13.4297 12.1666 11.5845 10.9649 10.6229 10.3185 9.586 8.1424 7.952 7.8416 7.0889 7.0228 6.9805 5.5621 4.8197 4.2216 4.2074 4.1967 4.1885 4.1823 4.1777 4.1742 3.3706 2.8621 2.5184 2.513 2.4021 2.3964 1.9407 1.9373 1.8263 1.5774 1.4501 1.4491 1.4483 1.4476 1.447 1.3003 1.2172 1.217 1.2168 1.2166 1.2164 
29.7121 29.726 29.3558 29.3567 29.3565 30.5216 29.8483 33.6228 35.5258 35.7527 32.3812 28.8469 28.5021 28.4513 27.0789 24.4046 23.3653 23.2021 26.8605 29.0454 29.0572 25.7055 29.1821 26.9763 27.8782 28.578 28.5411 26.0016 25.9481 25.8885 21.7537 21.1822 18.8232 18.7025 18.4061 18.1031 18.0209 17.8549 16.8739 16.32 15.932 15.6808 15.5328 15.3566 15.2789 15.2331 14.7852 14.7475 24.4832 31.0637 31.1401 31.1759 30.5517 20.976 14.6545 13.9832 15.0436 15.6548 15.6776 16.0565 16.4964 16.2143 16.085 15.0784 15.3276 15.6717 14.184 14.3829 13.3034 12.3837 12.6546 12.1487 12.1318 11.8511 10.9875 10.4753 11.0657 10.3901 9.3715 8.5236 7.876 7.7437 6.9978 6.9319 5.591 4.855 4.2416 4.2181 4.2009 4.1885 4.1795 4.1731 4.1685 3.3747 2.8668 2.5232 2.5161 2.5102 2.3982 1.9429 1.9385 1.9349 1.578 1.4509 1.4497 1.4487 1.4478 1.447 1.3005 1.3001 1.2172 1.2169 1.2167 1.2165 1.2163 1.0993 
29.7074 29.7228 29.7397 29.3657 29.3663 30.5251 29.857 33.6001 35.4925 35.5726 32.4381 32.3252 28.8081 28.464 28.399 24.4043 23.3626 23.2123 26.7981 27.1002 29.0572 27.4299 29.1951 26.9715 27.8332 25.4751 28.5539 28.4973 25.9592 25.8784 25.457 21.1901 20.2798 18.8722 18.7544 18.1999 18.0796 17.8128 16.7051 16.3751 15.9607 15.7874 15.588 15.343 15.229 14.8348 14.7646 14.7215 19.6061 23.1989 21.2205 20.9373 19.6595 16.606 12.5458 13.0148 13.3722 14.5885 14.3353 14.3194 14.5474 14.7741 14.4874 14.2793 13.9476 12.9393 13.0051 12.6346 11.4266 11.4108 10.9587 11.4527 10.714 10.5 9.7266 9.2538 9.0525 8.6755 8.2725 7.6481 7.5283 6.4229 5.7947 5.5874 4.9465 4.2415 4.2109 4.19 4.1759 4.1664 4.1601 4.156 2.8743 2.8636 2.5208 2.5129 2.4011 2.393 1.9404 1.9357 1.5789 1.5776 1.4505 1.4493 1.4482 1.4472 1.3007 1.3003 1.2174 1.2171 1.2168 1.2166 1.2164 1.0998 1.0992 1.0987 
29.5283 29.7178 29.7368 29.3758 29.3775 29.3775 30.5378 33.571 33.6326 35.5395 33.3822 32.3864 28.8447 28.4832 28.4041 26.9811 23.358 23.2256 25.5058 26.9016 29.0566 27.4983 25.6933 26.9666 27.7658 27.8978 28.5784 28.5044 25.9811 25.866 25.5253 21.224 20.8652 18.8969 18.9709 18.292 18.1534 17.7438 16.7576 16.3728 15.9297 16.0398 15.7221 15.3375 14.9435 14.7947 14.7117 14.294 12.6585 11.2544 11.9393 12.3046 12.4897 12.4 12.3888 12.0952 12.222 12.0724 12.9299 12.4081 12.4398 12.8951 12.5132 13.4032 12.3653 11.9739 11.9164 10.5171 10.3819 10.2136 9.6884 10.1195 9.1011 9.0081 9.1492 8.6586 8.3187 7.5741 7.0533 6.4802 6.1105 5.7903 5.5757 4.3022 4.2371 4.1965 4.1714 4.156 4.1468 4.1415 2.9843 2.8712 2.5283 2.5171 2.5082 2.0668 2.0619 1.937 1.932 1.5785 1.577 1.4501 1.4487 1.4475 1.4465 1.3005 1.3001 1.2173 1.217 1.2167 1.2165 1.2162 1.0996 1.0991 1.0985 1.0981 
29.5097 29.5405 29.7317 29.7554 29.3902 29.3916 30.5439 29.8725 33.6026 35.4941 33.3765 32.4699 28.8961 28.5124 28.4146 27.3963 24.3919 23.3826 25.4706 26.8085 27.3836 29.081 25.772 26.9624 26.9267 27.8241 28.6243 28.5285 26.0259 25.8512 25.6708 23.7481 20.7285 18.897 19.0196 18.8482 18.4328 17.583 16.8888 16.2958 15.7252 15.8358 15.6664 15.0369 14.8267 14.6567 14.6056 13.5193 11.7516 11.2807 11.1514 11.2392 11.2107 11.3731 11.4694 11.0163 10.6935 10.5992 10.801 11.4784 11.052 11.1493 11.523 11.2049 11.162 11.3808 9.745 9.3665 9.2652 9.2273 8.9251 8.3873 8.3724 8.5389 8.1229 8.0591 7.6493 6.845 6.4706 6.0992 5.7609 5.0372 4.3205 4.221 4.1669 4.1381 4.1235 3.5069 3.4989 3.0128 2.6674 2.5241 2.5112 2.5014 2.0636 1.9392 1.9324 1.58 1.578 1.5763 1.4495 1.448 1.4467 1.3009 1.3003 1.2177 1.2173 1.2169 1.2166 1.2163 1.2161 1.0995 1.0989 1.0983 1.0978 1.0974 
29.4864 29.5184 29.5571 29.7508 29.4045 29.4081 29.4084 29.8872 33.562 35.4312 35.5724 32.584 32.3877 27.1106 28.4348 27.4099 23.2796 23.3777 23.2406 23.889 27.3588 29.0875 27.5248 29.1276 26.9061 27.6926 28.3075 28.5929 28.3838 25.8372 25.5239 23.8914 20.0092 18.8645 18.9452 19.599 20.3782 16.8108 17.2874 16.1894 15.362 15.2313 15.0817 14.5623 14.3958 14.2196 13.5065 12.6795 11.754 11.2914 11.2025 11.0737 10.6047 10.6213 10.6174 10.112 9.7644 10.2786 9.1734 9.1431 10.2962 9.4569 9.4602 10.313 9.895 9.211 9.2866 8.8158 8.2177 8.048 8.1622 8.0715 7.7673 7.1446 7.0917 7.4884 6.7579 6.4776 6.0124 5.5056 4.8507 4.3254 4.1717 4.1034 4.0765 3.5049 3.4918 3.0241 2.6837 2.5659 2.5167 2.5021 2.0665 2.0588 1.9335 1.9262 1.5795 1.5773 1.4508 1.4488 1.447 1.4456 1.3006 1.3 1.2176 1.2171 1.2168 1.2164 1.2161 1.1 1.0993 1.0986 1.098 1.0975 1.097 1.0783 
29.4576 29.4899 29.5304 29.7422 29.7779 29.4272 29.4305 29.428 29.8923 33.6145 35.5081 33.4882 32.5217 28.9119 28.4729 28.2892 23.3239 23.3688 23.2696 23.8427 26.8717 27.4966 33.1734 25.7955 26.8777 27.4555 27.9092 28.7466 28.447 25.8464 25.2171 24.7409 20.0783 18.7912 18.7276 18.9327 17.0439 16.6519 16.1447 15.2394 15.0134 14.664 14.4568 14.0038 13.7825 13.2999 12.6798 11.7419 11.7572 11.3453 11.4092 11.0354 10.6732 10.6821 9.9703 9.111 8.7906 8.5855 8.7938 8.4689 8.145 8.7622 8.4275 7.9788 8.5342 7.9819 7.6519 7.4516 7.4471 7.2564 7.269 6.9409 7.0336 6.8318 6.7744 5.949 6.2114 6.0115 4.8104 4.6435 4.3978 3.7356 3.6724 3.6543 3.3174 3.0479 3.0188 2.6806 2.5567 2.504 2.1723 2.0601 2.0517 1.9254 1.5822 1.5789 1.5762 1.4501 1.4478 1.4458 1.3011 1.3003 1.218 1.2175 1.217 1.2166 1.2162 1.2159 1.0998 1.099 1.0983 1.0977 1.0971 1.0783 1.0778 1.0198 
28.67 29.454 29.495 29.5479 29.7694 29.4489 29.4571 29.4584 29.9142 33.5539 35.4105 33.4907 32.8926 29.0423 27.1402 28.2878 27.0919 23.3558 23.4165 25.2087 23.9955 27.4956 33.197 26.1674 26.8434 26.6945 27.6042 28.8011 28.7113 26.0782 24.5465 23.6082 20.3004 18.3964 18.6518 17.5672 17.3012 16.0956 15.8236 15.3632 14.7528 14.4053 13.4009 13.2131 12.8057 12.2415 12.1756 11.9441 11.3893 11.3161 11.5045 10.8419 10.5196 9.8731 8.7749 8.8124 8.246 8.1027 8.1888 7.4001 7.4316 7.2597 7.2726 7.2656 7.2636 6.7504 6.9297 7.0255 7.0695 6.9338 6.7898 6.7176 6.2368 6.3652 6.2494 5.7876 5.1454 4.5008 4.4918 3.9432 3.6832 3.5901 3.3345 3.3032 3.0436 2.74 2.6702 2.538 2.1742 2.1634 2.0498 1.7217 1.7171 1.5819 1.5779 1.5748 1.4491 1.4464 1.4443 1.3008 1.2998 1.2179 1.2173 1.2168 1.2163 1.2159 1.1006 1.0996 1.0987 1.0979 1.0973 1.0784 1.0778 1.0773 1.0195 1.0193 
28.5965 28.6667 29.4488 29.5026 29.5746 29.8116 29.4889 29.4974 29.9449 29.9154 32.524 35.5651 33.0391 33.7364 27.3018 28.3116 27.0111 23.361 23.4042 23.336 23.9323 29.6585 31.7687 32.3499 28.7593 26.3328 26.0711 29.0587 30.2176 27.4855 21.5882 20.4158 20.2306 18.0057 17.7674 17.1772 16.3226 15.1112 15.5871 14.8786 13.4036 13.2596 13.0582 12.4866 11.9483 11.4627 11.7431 11.3195 10.7946 11.1614 10.7167 10.3673 9.7893 8.993 8.2358 7.946 7.9013 7.2696 6.4181 6.8371 6.6579 6.1548 6.707 6.6837 6.6283 6.3956 6.3118 6.5573 6.541 6.0468 6.4951 6.1666 5.7642 5.7768 5.0045 4.684 4.4588 4.244 3.9804 3.6089 3.6458 3.2262 3.2463 2.8421 2.719 2.3347 2.178 2.1585 1.844 1.8388 1.7207 1.7149 1.5812 1.5764 1.5728 1.4475 1.4445 1.3016 1.3002 1.2186 1.2178 1.2171 1.2165 1.216 1.2156 1.1004 1.0993 1.0983 1.0975 1.0967 1.0778 1.0772 1.0195 1.0192 1.0189 1.0187 
26.2163 26.264 28.6612 29.4411 29.515 29.6183 29.5254 29.5477 29.5517 29.9502 32.4126 35.3993 33.3002 33.0035 27.6087 27.1025 26.8837 23.5278 23.4242 23.2398 23.7968 28.8652 32.0163 31.7809 26.5955 25.1821 25.0537 23.6279 24.461 18.6977 17.9857 17.5394 17.447 17.0172 17.1758 17.1599 15.6502 14.6017 13.8394 13.1249 12.5018 12.3247 11.6023 11.1111 11.013 10.2936 9.743 10.383 10.1749 9.9042 9.4711 9.4816 9.066 8.5467 7.9234 7.3757 7.0323 6.402 6.1284 5.9732 5.931 5.9367 6.0027 6.468 6.4285 5.9744 6.2532 6.2274 5.9314 6.0302 5.7031 5.2001 5.1003 4.4223 4.2336 4.1112 4.0075 3.607 3.3673 3.3152 3.0107 2.8791 2.7699 2.4302 2.3013 2.1447 2.1275 1.8433 1.8361 1.7187 1.6458 1.5799 1.574 1.4499 1.4453 1.2959 1.301 1.2222 1.2185 1.2175 1.2167 1.2161 1.2156 1.1015 1.1001 1.0989 1.0978 1.0969 1.0779 1.0771 1.0195 1.0191 1.0188 1.0185 1.0391 1.1001 
26.1928 26.2434 26.307 28.6521 29.4294 29.5367 29.6966 29.6106 29.6386 30.009 32.2103 32.4198 33.5359 33.3335 32.0061 27.5293 27.2672 23.7683 23.0094 22.6542 22.5806 24.8239 30.4443 29.8153 22.9503 19.2495 19.5121 18.1711 17.5112 17.6485 17.1987 16.6842 15.9292 15.4956 15.4838 15.4739 14.0 13.2999 12.7927 12.0418 11.7616 10.8546 10.4655 10.3892 9.7485 9.4875 9.1445 9.1428 8.9122 8.8768 9.0164 8.5705 8.2194 8.0993 7.6508 6.9811 6.7256 6.4441 6.0888 5.642 5.629 5.739 5.5974 5.9965 5.8551 5.6737 5.4535 5.4686 5.6153 5.3367 4.8425 4.3434 4.0579 3.7924 3.9448 3.6554 3.2553 2.9322 2.6482 2.756 2.4106 2.3304 2.1843 2.0372 1.9377 1.9312 1.8415 1.8309 1.652 1.644 1.5774 1.57 1.4475 1.2979 1.2954 1.2233 1.2222 1.2182 1.2171 1.2163 1.2156 1.215 1.1013 1.0997 1.0983 1.0971 1.0779 1.0377 1.0371 1.019 1.0186 1.0183 1.0387 1.0387 1.0999 1.2379 
26.1583 26.2094 26.2769 26.3656 26.4799 29.4106 29.5802 29.5743 29.7652 29.1866 29.9692 32.4242 30.6846 33.7523 33.1533 28.8952 25.7521 22.9529 25.5745 22.0265 19.3553 22.0344 21.7185 21.2523 17.9921 17.9315 17.547 17.0644 16.4597 16.434 16.0631 16.2324 15.0524 14.0965 13.5299 13.1655 13.1736 12.7683 11.2519 10.5251 10.0928 8.841 8.2011 8.8104 8.2843 8.1673 8.1084 7.776 7.927 8.0356 7.7863 7.7007 7.3978 7.4479 6.9814 7.0281 6.7037 6.1938 5.8855 5.504 5.3245 5.0581 4.9236 4.5515 5.0418 5.0552 4.3885 4.3046 4.2012 3.905 4.0103 3.2912 3.3025 3.3954 2.7645 2.8058 2.8595 2.4247 2.255 2.1266 2.2155 2.0882 1.9963 1.9382 1.92 1.8369 1.7618 1.6516 1.6399 1.5725 1.4521 1.3308 1.2977 1.2946 1.2235 1.2221 1.2178 1.2165 1.2156 1.2148 1.103 1.1009 1.0991 1.0975 1.0386 1.0378 1.0371 1.0189 1.0185 1.0181 1.0178 1.0383 1.0992 1.0903 1.2674 1.4666 
26.1111 26.1583 26.2245 26.318 26.4494 26.6291 29.3794 29.6853 29.9347 29.5201 30.118 31.7159 31.0779 32.0001 32.8237 34.5767 25.9994 22.6782 21.7866 20.6169 18.9759 19.2278 19.3322 18.1227 16.8322 17.5896 16.2454 15.8062 15.491 14.9086 15.152 14.6849 14.3339 14.0776 13.3364 13.1004 13.111 10.7391 9.9008 8.8649 8.1406 8.0713 7.5127 7.327 7.4778 6.9508 6.8267 7.1898 6.7239 6.8053 6.8111 6.8171 7.1103 6.5097 6.454 6.6877 5.9825 6.0728 5.8204 5.2428 4.9625 4.7531 4.2773 3.5209 4.0179 3.925 3.3753 3.2563 3.1654 3.3184 2.9823 2.9281 2.7653 2.7069 2.4993 2.1751 1.9381 2.0649 1.8787 1.7632 1.81 1.9854 1.9566 1.8707 1.7932 1.7483 1.6469 1.5615 1.4538 1.4448 1.3313 1.2971 1.2258 1.2235 1.219 1.2171 1.2156 1.1525 1.1521 1.1028 1.1003 1.0982 1.0965 1.038 1.037 1.0188 1.0182 1.0178 1.0174 1.0377 1.0378 1.0895 1.0904 1.2677 1.4672 1.4699 
26.0626 26.1011 26.1438 26.2305 26.3663 26.5779 26.893 29.339 29.5953 30.0744 30.5085 28.0707 30.3123 35.3173 27.1755 27.0849 21.7892 19.6244 18.9286 18.7587 18.1947 17.7631 17.2065 16.4012 16.3914 15.3874 14.4946 14.5526 14.616 14.3337 13.8407 14.178 13.8407 12.748 12.7945 12.5544 9.8608 9.0762 9.1731 7.8915 7.1475 6.9027 6.8657 6.5781 6.0975 6.1368 6.101 5.4401 5.4426 6.0274 5.9909 5.7977 5.546 6.1633 6.1545 5.875 5.6609 5.6405 5.2998 4.6692 4.5938 4.2907 4.1973 3.1137 3.6151 3.3981 2.8521 3.082 2.8255 2.8345 2.2745 2.3562 2.0915 1.7651 1.9547 1.6628 1.6069 1.6361 1.655 1.716 1.8273 1.9353 1.8812 1.8034 1.6504 1.618 1.5044 1.4401 1.3152 1.3066 1.2955 1.2263 1.2232 1.2181 1.2158 1.1533 1.1526 1.1521 1.1023 1.0994 1.097 1.0383 1.0371 1.0361 1.018 1.0174 1.0169 0.9881 1.0371 1.0885 1.0896 1.2661 1.4647 1.468 1.6077 1.6111 
25.9837 26.0037 26.0384 26.0998 26.2128 26.411 26.7985 27.7274 28.5117 29.875 36.3818 25.3237 23.3838 25.3108 23.6371 21.3709 20.0778 19.0504 18.2731 17.3687 16.2009 16.2823 16.1125 15.617 15.1556 14.6708 14.2669 12.8123 12.9602 13.5827 12.8497 12.8454 12.6356 12.1258 11.1651 9.9108 9.1177 8.1436 7.5945 6.57 6.5807 6.0619 5.5403 5.5909 5.6808 5.1569 5.1688 5.181 5.0073 4.7198 4.9757 4.9705 4.8827 4.8605 5.1401 5.3813 4.9979 4.7044 4.6126 4.1784 3.8923 3.4778 2.5604 2.4228 2.5294 2.8593 2.6332 2.292 2.0308 1.9222 1.9924 1.5462 1.3764 1.5126 1.3524 1.192 1.2524 1.3407 1.3935 1.5745 1.7869 1.9535 1.8464 1.6386 1.4799 1.4639 1.4007 1.3193 1.3056 1.2336 1.2265 1.2223 1.1562 1.1547 1.1535 1.1526 1.152 1.1014 1.098 1.039 1.0372 1.0359 1.0176 1.0169 1.0163 0.9875 1.0362 1.0871 1.0886 1.0898 1.2665 1.4654 1.469 1.6093 1.6129 1.9335 
24.8306 24.8736 25.8915 25.9004 25.935 26.0427 26.377 27.3774 27.8691 25.3064 25.8559 25.5941 21.0917 20.913 20.1266 20.6161 19.4368 17.6575 16.0985 15.7078 14.8643 14.6713 14.4491 14.3144 13.1767 13.5107 12.6982 12.2315 11.848 11.8432 12.1853 11.8056 11.4712 10.5746 9.9148 8.1963 7.9391 7.5091 6.843 6.2026 5.3686 5.3611 5.0357 4.5473 4.5666 4.6583 4.2058 4.3858 4.4325 4.3973 4.1113 4.2607 4.4266 4.1296 4.3929 4.6408 4.3612 4.286 4.1964 3.7729 3.6693 3.3755 2.5467 2.1506 1.8448 2.2351 1.8349 1.7975 1.4368 1.3033 1.3954 1.3366 1.1992 1.1318 1.126 1.1261 1.1198 1.151 1.3225 1.4117 1.5244 1.7993 1.8287 1.6983 1.3314 1.3629 1.3322 1.24 1.2173 1.2255 1.1606 1.1572 1.155 1.1535 1.1525 1.1053 1.0999 1.0404 1.0377 1.0357 1.0342 1.0161 1.0154 0.9868 0.9863 0.9772 1.0871 1.0887 1.2642 1.267 1.4664 1.4704 1.6113 1.6151 2.2046 2.3117 
22.399 22.4703 22.567 24.679 24.6912 23.934 25.2477 25.1763 25.7774 24.1742 22.4386 20.0846 19.3027 19.6698 19.0762 18.6738 16.7079 16.5503 14.6827 14.3152 13.8278 13.1054 12.9777 12.8899 11.8383 11.5843 11.4714 11.4139 11.2589 10.9954 10.7072 11.0509 9.988 9.0542 8.3661 7.812 6.8888 6.3162 5.8917 5.2503 4.7735 4.542 3.9542 4.0471 3.755 3.5817 3.6019 3.6529 3.5919 3.2829 3.5613 3.3067 3.6978 3.9604 4.0574 4.0127 4.1542 3.9324 3.8499 3.6207 3.1599 2.748 2.397 1.8695 1.6668 1.3817 1.2689 1.4722 1.239 1.2351 1.1722 1.1343 1.1042 1.0488 1.0055 0.9792 0.9583 0.9852 1.0533 1.243 1.374 1.5101 1.6522 1.5577 1.2479 1.3039 1.2507 1.2229 1.1627 1.1637 1.158 1.1549 1.1531 1.1519 1.1398 1.0432 1.0388 1.0356 1.0333 1.0151 1.0141 0.9856 0.9851 0.9763 0.9771 1.0872 1.1572 1.2647 1.2677 1.4678 1.4721 1.6138 2.204 2.2047 2.3119 2.6386 
22.2278 22.2505 22.2753 22.2994 22.3121 22.2756 22.0384 20.9817 20.7228 20.4692 20.0892 18.9746 18.2551 17.6356 16.8289 16.375 14.8265 14.2161 13.5922 12.9337 12.0114 12.2984 11.6992 10.9457 11.1321 10.8598 10.6423 9.9916 9.6497 10.2694 9.8606 9.0116 8.6611 8.3165 7.283 6.8449 6.0054 5.9335 4.9469 4.5036 4.5214 3.7488 3.2395 2.6 3.0371 2.7123 2.5001 2.9054 3.0045 2.7572 2.6851 2.9657 2.8915 3.1583 3.3804 3.5673 3.6654 3.565 3.4363 3.2226 2.8086 2.4809 2.1303 1.8122 1.4162 1.1416 1.1934 1.1981 1.1789 1.1674 1.0941 1.0144 0.9518 0.9278 0.9176 0.8372 0.8101 0.8821 0.9525 0.9838 1.1323 1.3395 1.3727 1.3754 1.2341 1.0722 1.2504 1.1763 1.1666 1.1578 1.1536 1.1516 1.1404 1.0497 1.0415 1.0359 1.0321 0.9678 1.0121 0.9839 0.9448 0.9453 0.9761 0.977 1.0874 1.2613 1.2654 1.3413 1.4697 1.6118 1.617 2.2041 2.2048 2.3121 2.6387 2.6402 
22.0536 22.0279 21.9823 21.9004 21.7485 19.8539 19.6022 18.9882 17.8059 18.4424 19.1024 17.4188 16.6433 15.2129 15.1555 14.9218 13.8902 13.0574 11.6795 11.8998 11.3714 10.3691 10.0483 10.5382 9.615 9.6685 9.3985 8.6143 8.9967 9.0695 8.4747 8.2309 7.883 7.0201 6.4316 6.0568 5.4511 5.0572 4.2402 3.8967 2.9669 2.9104 2.7531 2.3208 1.9031 2.3316 2.1713 2.1359 2.0491 2.2287 2.304 2.4648 2.5468 2.6955 2.8586 3.1989 3.282 3.363 3.2688 2.9961 2.6732 2.2731 1.9264 1.6973 1.3836 1.1794 1.0743 1.076 1.1376 1.0104 0.9872 0.9011 0.7804 0.7728 0.7016 0.6475 0.7256 0.5762 0.7731 0.9195 0.9817 1.2137 1.2454 1.1974 1.0934 0.9955 1.0944 1.1713 1.1616 1.1494 1.1048 1.0494 1.0488 0.9763 0.9697 0.9657 1.0087 0.9808 0.9435 0.9442 0.9449 0.9759 1.0851 1.1552 1.2619 1.2665 1.3429 1.4723 1.6155 1.9787 2.2042 2.205 2.3638 2.6389 2.6406 2.6421 
21.8901 19.1275 19.0885 19.0189 17.3512 17.3273 17.2447 17.0761 16.9522 17.1461 16.7303 15.3159 15.0261 14.3514 13.0372 12.337 12.355 11.3132 10.7835 10.1589 9.6565 9.3442 9.51 9.1858 8.6356 8.6739 8.2666 8.1421 8.3593 8.0868 8.1364 7.6572 6.7981 6.2695 5.6014 4.8703 4.5425 3.6899 3.151 3.1785 2.3421 2.173 2.1076 1.8762 1.6647 1.464 1.634 1.7127 1.7407 1.7201 2.0044 1.8811 2.0387 2.1643 2.4724 2.8598 2.8702 3.092 2.9006 2.7414 2.5796 2.2607 1.7669 1.5313 1.3163 1.0522 0.9915 1.0052 0.9591 0.9675 0.8829 0.7299 0.7414 0.6343 0.5245 0.507 0.4442 0.536 0.5341 0.6739 0.8724 0.9482 0.9244 1.07 1.053 0.9596 0.9195 1.0545 1.0651 1.0268 1.0406 0.9804 0.9682 0.9612 0.9324 0.9231 0.9241 0.9424 0.9435 0.9444 0.9736 1.0831 1.1556 1.263 1.2682 1.3453 1.4759 1.749 2.2033 2.2043 2.2052 2.637 2.6392 2.6411 2.6427 2.6441 
15.9277 15.9263 15.9195 15.9024 15.8653 14.493 15.5928 15.2904 14.1833 14.2762 15.3906 13.5782 12.8483 12.5472 11.477 11.3442 9.64 9.2146 9.7571 9.0367 8.6868 8.885 8.6342 8.4376 8.2495 7.9468 7.8065 7.4865 7.4236 7.7309 6.8909 6.2069 6.1738 5.7694 4.7408 4.5159 4.0297 3.2095 2.4708 2.13 2.011 1.4869 1.3891 1.3249 1.1703 1.1443 1.1526 1.3692 1.6191 1.5575 1.5577 1.7078 1.8332 2.0319 2.1412 2.606 2.8105 2.807 2.781 2.6299 2.415 2.1957 2.0107 1.4358 1.1643 0.9879 0.868 0.8729 0.8672 0.7735 0.7136 0.6254 0.5429 0.4632 0.4185 0.2972 0.3161 0.406 0.4439 0.5437 0.6635 0.7761 0.8814 0.902 1.0102 0.9546 0.7577 0.8021 0.8884 0.94 0.9018 0.8962 0.8708 0.8691 0.9203 0.9222 0.9409 0.9425 0.9716 0.9738 1.1522 1.1564 1.2648 1.3434 1.3486 1.7468 1.9786 2.2033 2.2045 2.3633 2.6371 2.6396 2.6417 2.6435 2.645 2.6463 
13.1147 12.5524 12.5348 11.6656 11.6677 11.6781 11.7137 11.8364 12.3602 12.6624 13.1058 12.1249 11.0768 10.6959 10.3363 9.0937 8.2598 7.9228 7.8051 8.3596 8.1872 7.813 8.0149 8.1738 7.9163 7.3718 7.3586 7.1671 7.0164 6.634 6.0684 5.9608 5.2147 4.5569 4.5015 4.0387 3.0228 2.6743 2.1388 1.9363 1.4566 1.2704 1.2836 1.0385 0.9263 0.9986 0.961 0.9986 1.1237 1.2531 1.3846 1.4704 1.599 1.7945 2.1249 2.2763 2.6428 2.8095 2.5972 2.4663 2.3829 2.0254 1.7009 1.5028 1.1021 0.7898 0.7039 0.6954 0.7244 0.659 0.5073 0.4251 0.3955 0.315 0.2302 0.1829 0.2361 0.2718 0.3331 0.5307 0.6243 0.6479 0.711 0.8189 0.9265 1.0221 0.7864 0.7486 0.7873 0.8655 0.8765 0.8758 0.8873 0.9146 0.9348 0.9387 0.9413 0.9717 1.079 1.1532 1.1582 1.268 1.3477 1.6185 1.8513 1.991 2.2033 2.2048 2.3635 2.6373 2.6401 2.6424 2.6444 2.6461 2.6475 2.6487 
15.3728 11.624 11.6082 11.5859 11.5524 11.4982 11.4029 11.2189 10.883 11.5447 11.2868 11.1952 10.1458 9.6488 8.9953 7.8334 7.7819 7.144 7.2238 7.0475 7.3616 7.3693 7.3945 6.7832 6.9603 7.211 6.3622 6.0079 6.1333 5.5925 5.6688 4.9317 4.2622 4.1409 3.6623 2.8798 2.8781 2.323 2.0614 1.4601 1.2359 1.2287 0.7897 0.6417 0.7154 0.6247 0.6788 0.841 0.9917 1.1245 1.1673 1.2394 1.5453 1.7366 1.9568 2.2372 2.4738 2.6188 2.6236 2.4894 2.3255 1.8258 1.679 1.5066 1.0056 0.7333 0.5656 0.5496 0.5381 0.4564 0.4135 0.3304 0.282 0.218 0.1647 0.1267 0.1954 0.2918 0.4123 0.5533 0.6071 0.6275 0.6521 0.6846 0.8628 0.9259 0.7747 0.7973 0.8409 0.9921 0.9036 0.8809 0.8995 0.9272 0.9249 0.9672 0.9726 1.1473 1.1557 1.1614 1.3459 1.4203 1.6212 1.8523 1.9918 2.2034 2.2051 2.3636 2.6375 2.6408 2.6435 2.6457 2.6476 2.6491 2.6503 2.6513 
15.6633 15.5905 15.3248 15.1483 14.8538 13.8287 13.0107 10.7856 11.0216 10.2724 10.0785 9.9814 9.1266 8.0587 8.273 7.2724 6.6916 6.4769 6.5871 6.1925 6.4886 6.5755 6.0834 6.5422 6.4921 5.7908 5.7775 5.5982 5.0767 5.1174 4.934 4.0755 3.9417 3.4916 2.891 2.6986 2.3057 2.0291 1.7826 1.3727 1.0063 0.7561 0.6925 0.5453 0.4234 0.486 0.5665 0.6268 0.7111 1.0081 1.1003 1.1898 1.4334 1.7051 1.9282 2.1721 2.3385 2.4976 2.4757 2.4197 2.1216 1.8442 1.5572 1.0994 0.9813 0.7283 0.2735 0.1959 0.3596 0.3698 0.2873 0.2987 0.234 0.1883 0.1764 0.1802 0.351 0.4705 0.555 0.5852 0.6054 0.6302 0.6595 0.7273 0.7939 0.8893 0.8896 0.8309 0.8648 0.9129 0.8326 0.8567 0.9052 0.9243 0.9688 0.9758 1.1511 1.1611 1.3045 1.4173 1.6157 1.8487 1.9904 1.9928 2.2036 2.3624 2.3639 2.6379 2.6417 2.6448 2.6473 2.6494 2.651 2.6523 2.6534 2.6542 
18.538 18.4935 18.4266 18.3211 18.1447 15.1494 14.8917 14.1081 10.3727 9.0374 9.5309 8.8079 7.9974 7.3096 6.9198 6.2794 6.2522 6.1799 5.8452 5.7667 5.6999 5.5176 5.5477 5.2955 5.5301 4.7447 4.8114 4.59 4.5879 4.7067 4.4778 3.9147 3.4454 3.0385 2.7494 2.3189 1.9661 1.6884 1.3715 1.1588 0.7895 0.5341 0.3994 0.2134 0.3215 0.3952 0.4481 0.518 0.7731 0.9247 1.0493 1.1694 1.4026 1.5223 1.9861 2.239 2.343 2.4604 2.4205 2.2905 2.0445 1.8642 1.4299 1.1626 0.9623 0.5148 0.2987 0.1891 0.3041 0.3135 0.2918 0.3233 0.3377 0.2903 0.3298 0.4073 0.4309 0.6077 0.6057 0.6669 0.7014 0.6788 0.7225 0.7505 0.8231 0.9258 0.9259 0.8768 0.8866 0.8943 0.8936 0.9144 0.9352 0.979 1.0649 1.1611 1.2975 1.3067 1.4613 1.6204 1.8496 1.9913 2.2007 2.204 2.3625 2.3644 2.6386 2.6431 2.6467 2.6495 2.6517 2.6535 2.6548 2.6558 4.0278 4.0417 
18.505 18.5875 18.7091 18.8984 19.2146 19.7938 20.9857 23.3127 24.7629 13.2238 8.8534 8.2553 7.5803 6.8653 6.2708 6.0479 5.6988 5.5201 5.4593 5.0839 4.6641 5.109 4.346 4.1526 4.156 4.5652 4.4595 4.1827 4.1961 4.1959 3.7348 3.4244 3.0201 2.7099 2.4004 2.0203 1.8267 1.4755 1.209 1.113 0.8803 0.3902 0.2846 0.2333 0.3664 0.4516 0.5644 0.654 0.8968 0.9806 1.2277 1.3262 1.3899 1.7338 1.9919 2.2046 2.3666 2.4797 2.4415 2.2539 2.1232 1.8962 1.497 1.0869 0.7074 0.4217 0.2706 0.2208 0.3336 0.3928 0.3384 0.3307 0.4011 0.4242 0.5279 0.6309 0.6516 0.6829 0.7161 0.7425 0.7501 0.7447 0.7395 0.7795 0.9004 0.9702 0.9972 0.9566 0.9667 0.9634 0.9631 0.9934 1.0165 1.0967 1.2016 1.2996 1.3126 1.4698 1.84 1.9872 1.9929 2.2003 2.2045 2.3627 2.6329 2.6398 2.6451 2.6493 2.6524 2.6548 2.6566 2.658 4.0194 4.0371 4.0521 6.3019 
18.0995 20.0941 20.1908 20.3407 20.593 21.0694 22.1313 24.522 31.3475 19.5668 9.6434 7.8004 7.2113 6.5661 6.2477 5.3443 4.7586 3.743 3.3208 3.9359 3.7925 3.5221 3.6198 3.9414 3.9869 3.5108 3.4821 3.8008 3.848 3.5688 3.5237 3.2255 2.9033 2.6626 2.2664 1.9018 1.8085 1.4522 1.0713 1.0878 0.9382 0.6797 0.291 0.4384 0.6512 0.6562 0.8061 0.8979 0.9578 1.1615 1.3647 1.4901 1.6542 1.9662 2.1558 2.3226 2.4989 2.5219 2.5402 2.3829 2.1312 1.9165 1.708 1.2508 0.934 0.6144 0.4988 0.4594 0.4082 0.4323 0.5277 0.4512 0.5057 0.5656 0.6265 0.7572 0.7354 0.795 0.8384 0.7913 0.8284 0.8205 0.8168 0.8353 0.965 1.0551 1.0354 1.0139 1.0017 1.027 0.9845 1.071 1.1516 1.2721 1.313 1.4935 1.6379 1.7913 1.9875 1.9957 2.1999 2.359 2.3632 2.6329 2.6416 2.6481 2.6529 2.6565 2.659 2.6608 4.007 4.0302 4.0496 6.2825 6.3195 9.0945 
19.8265 19.8335 19.8405 19.8459 19.8449 19.8215 19.7165 19.3281 19.6741 18.7819 9.8375 7.0548 6.7568 5.6523 5.1364 4.3328 4.0983 3.2572 2.5075 2.3822 2.916 2.8522 3.077 3.1476 3.4411 2.926 3.2961 3.4157 3.3357 3.4047 3.3983 3.159 2.8278 2.4376 2.1987 1.9738 1.5956 1.3369 1.1647 0.9884 0.9382 0.9684 0.9833 0.6491 0.7994 0.9941 0.9781 1.1064 1.1534 1.3636 1.5077 1.761 1.7933 2.0228 2.3548 2.5136 2.618 2.5771 2.5445 2.3777 2.2381 1.9205 1.5776 1.315 1.0562 0.6964 0.5721 0.555 0.5962 0.6266 0.6871 0.7753 0.6484 0.6581 0.7856 0.871 0.9783 0.8929 0.8917 0.8793 0.8507 0.9216 0.8984 0.9292 1.0642 1.066 1.1064 1.0748 1.0535 1.0606 1.0875 1.2708 1.332 1.4161 1.5469 1.6453 1.7925 1.9885 2.001 2.1995 2.3584 2.3642 2.6334 2.6447 2.6527 2.6583 2.6621 2.6647 2.6663 4.0197 4.0456 5.3633 6.3033 6.3436 9.1212 12.6128 
16.7084 16.6572 16.5772 14.2405 14.1721 14.0502 13.7966 13.1453 11.6608 12.9598 6.9376 5.4936 4.6509 4.0473 3.9332 3.4472 3.1947 3.1557 2.4307 2.3243 2.4402 2.502 2.8839 2.7171 2.8379 3.1761 3.0315 3.0087 3.1684 3.3519 3.367 3.1165 2.9434 2.4778 2.3188 2.0879 1.6965 1.572 1.3286 1.2262 1.0353 1.1517 1.2739 1.1523 1.0044 1.0641 1.1702 1.3837 1.5046 1.6597 1.8161 1.9995 2.1727 2.2312 2.605 2.7046 2.7751 2.7305 2.6561 2.487 2.1613 2.0233 1.6453 1.374 1.1242 0.8609 0.7678 0.7032 0.7851 0.7721 0.752 0.8557 0.9331 0.8945 0.9128 0.9438 0.9885 0.8828 0.9241 0.9535 0.9149 0.9594 1.0136 1.0927 1.0639 1.1677 1.1707 1.1605 1.1344 1.1559 1.2409 1.3725 1.46 1.523 1.6671 1.8009 1.9922 2.0724 2.1994 2.3577 2.3663 2.6351 2.6502 2.6601 2.6665 2.6704 2.6727 4.0027 4.0389 5.3476 5.3818 6.333 9.0951 12.5655 12.6364 14.9455 
14.2059 14.1507 10.0087 9.982 9.9398 9.8654 9.7093 9.2574 7.3817 6.8692 5.2861 4.7711 3.6347 3.3369 3.6755 3.217 2.7521 2.6289 1.9119 1.9422 1.9483 1.5976 1.6897 2.1628 2.3761 2.5527 2.7892 2.88 3.0456 3.1137 3.3747 3.2249 2.9226 2.7925 2.4288 2.1877 1.8698 1.7515 1.5983 1.347 1.4124 1.2602 1.2773 1.3578 1.4019 1.5077 1.586 1.6273 1.8888 1.8884 2.0227 2.3348 2.3798 2.4666 2.7645 2.8796 2.9947 2.8874 2.6532 2.5515 2.3089 2.0429 1.6491 1.4234 1.2042 1.0541 0.9432 1.0046 0.9941 0.9786 1.0099 0.9756 1.0248 1.0646 1.0071 0.9967 0.9936 0.9571 0.9845 1.0069 1.0117 1.0205 1.0851 1.1225 1.2202 1.2622 1.2365 1.239 1.253 1.323 1.3695 1.4294 1.4824 1.569 1.851 2.0534 2.0834 2.3301 2.3574 2.3715 2.6394 2.6603 2.6726 2.6794 2.6829 3.9731 4.0267 5.324 5.3721 5.4093 7.5822 10.3738 12.5902 12.6692 14.9963 22.2184 
8.3844 8.3796 8.3737 8.3664 8.3572 8.3453 8.3312 7.8821 8.1138 9.1631 5.1942 4.991 4.076 4.1453 3.7201 2.7221 2.3385 2.0132 1.7146 1.4605 1.4913 1.4567 1.4837 1.7212 2.1993 2.412 2.6318 2.7463 2.8791 3.136 3.2053 3.1663 3.0809 2.8286 2.6525 2.3768 2.0793 1.8612 1.7752 1.7639 1.5267 1.4841 1.5831 1.636 1.7068 1.8222 1.8208 2.0631 2.0053 2.1105 2.4928 2.5154 2.538 2.9195 3.0079 3.0805 3.1133 3.0135 2.9269 2.6844 2.5031 2.1185 1.699 1.4464 1.3508 1.3349 1.1801 1.1206 1.1795 1.1571 1.0936 1.1609 1.1894 1.1635 1.0725 1.0744 1.0943 0.9926 0.9946 1.1121 1.1193 1.123 1.2351 1.2765 1.3061 1.3086 1.3108 1.2846 1.2932 1.4426 1.5048 1.4543 1.664 1.8656 2.0426 2.1268 2.2905 2.3601 2.3859 2.6507 2.6808 2.6954 2.7012 3.9173 4.0029 4.7033 5.3574 5.4108 7.5668 10.3289 10.3985 12.6268 12.7149 22.1959 23.1778 23.1879 
7.6127 7.6084 7.6024 7.5937 7.5808 6.8768 6.9056 6.9274 6.6641 5.8832 4.5108 4.5795 3.9264 3.4425 2.8985 2.2797 2.0557 1.4664 1.2093 0.9576 0.7089 0.9226 1.428 1.594 1.8307 2.1117 2.545 2.6779 2.6588 3.0485 3.2581 3.251 3.133 2.9903 2.8047 2.4598 2.3492 2.2368 2.0038 1.9116 1.8679 1.986 1.8195 2.0059 2.152 2.0331 2.19 2.2583 2.3854 2.5497 2.5421 2.7613 3.0659 3.0949 3.1708 3.2598 3.204 3.0744 2.9648 2.7454 2.4247 2.1735 1.884 1.6717 1.4715 1.3311 1.3118 1.298 1.2325 1.1984 1.188 1.2008 1.2008 1.2008 1.1763 1.1251 1.1319 1.1816 1.1789 1.187 1.1946 1.2444 1.2755 1.3131 1.3829 1.3759 1.3486 1.3763 1.4331 1.4894 1.5994 1.6979 1.9219 2.0757 2.1356 2.183 2.3927 2.5946 2.6811 2.7268 2.7408 2.7405 4.4911 4.6616 5.3328 5.9813 7.5432 10.2559 10.3584 10.4373 12.6809 18.1039 22.1955 23.1781 23.19 23.1999 
6.6987 6.6933 6.6845 6.6693 6.6415 6.5864 5.9429 5.6407 4.8314 3.9612 4.0379 4.1314 3.5966 2.8055 2.5476 2.0642 1.7041 1.1269 0.9842 0.7318 0.6315 0.7294 1.1855 1.4502 1.6684 1.8677 2.2558 2.4419 2.6254 2.7404 3.1253 3.2741 3.2603 3.143 3.0785 2.783 2.535 2.5108 2.3325 2.2486 2.2642 2.2171 2.2001 2.3194 2.2855 2.4013 2.4308 2.52 2.8476 2.7675 2.8973 3.1634 3.1843 3.3575 3.4309 3.4131 3.4278 3.1661 2.9148 2.8151 2.5355 2.0034 1.8959 1.7523 1.6743 1.3539 1.3214 1.3276 1.3049 1.2467 1.2034 1.2009 1.2008 1.2009 1.2085 1.2213 1.2079 1.2544 1.2642 1.2516 1.338 1.323 1.3778 1.393 1.4065 1.4097 1.4166 1.4384 1.4505 1.538 1.6889 1.9528 2.013 2.2622 2.4384 2.5525 2.6247 2.7365 2.9744 3.4007 3.8221 4.5152 4.724 5.9636 8.0725 8.1816 10.2901 10.4097 12.6204 15.8162 18.1296 22.195 23.1786 23.1929 23.2044 23.2137 
6.6225 6.5979 6.5619 6.5067 5.8783 4.0672 4.024 3.7226 3.7327 3.7708 3.9533 3.5025 2.8447 2.5307 2.3126 1.621 1.3075 0.9326 0.8354 0.7684 0.6682 0.8447 0.9867 1.217 1.3401 1.7174 1.9558 2.1684 2.4647 2.7488 2.8997 3.1701 3.2635 3.2447 3.1671 3.0204 2.857 2.6697 2.6418 2.7228 2.5541 2.5499 2.5918 2.5894 2.6396 2.7031 2.8486 2.8438 2.9341 3.1581 3.3818 3.3814 3.4692 3.6061 3.4798 3.4414 3.4269 3.1717 2.9391 2.7126 2.3982 2.0851 1.9981 1.7721 1.6576 1.5467 1.3747 1.3336 1.3408 1.3256 1.2885 1.2819 1.2264 1.242 1.257 1.3162 1.3393 1.3099 1.3297 1.3582 1.3599 1.3964 1.4302 1.4461 1.4593 1.4538 1.3903 1.5607 1.5826 1.7128 1.8737 1.9597 2.2209 2.6168 2.6893 2.8101 2.9161 3.3255 3.4846 3.8746 5.0812 6.3859 6.535 8.1158 8.2475 10.3598 10.497 12.7219 15.839 19.0502 22.1946 23.1791 23.1965 23.2103 23.2211 23.2294 
5.8229 5.7792 4.0556 4.0352 4.0039 3.563 3.5558 3.5391 3.55 3.5611 3.5243 2.9457 2.7536 2.2811 1.6734 1.4469 1.2051 0.8893 0.8428 0.7461 0.6497 0.7037 0.9539 1.0807 1.2257 1.2663 1.6934 2.0074 2.181 2.4894 2.8089 2.994 3.2056 3.3451 3.2862 3.3627 3.3125 3.1596 2.938 2.866 2.9067 2.9316 2.8744 2.791 3.0365 2.9496 3.0664 3.2905 3.2505 3.3644 3.622 3.6507 3.6222 3.5227 3.5116 3.3711 3.2927 3.1397 2.861 2.5237 2.2745 2.0591 1.8699 1.7242 1.5854 1.5463 1.4475 1.3834 1.428 1.3807 1.3206 1.3266 1.3244 1.3203 1.328 1.347 1.4138 1.4281 1.4187 1.4608 1.4572 1.468 1.4679 1.4606 1.5 1.502 1.5753 1.6361 1.6114 1.8662 1.8872 2.1038 2.6061 2.7039 2.9926 3.336 3.611 3.6952 4.1088 6.0079 6.468 6.6576 8.2372 8.3835 10.4936 10.6449 15.4676 15.8775 19.8297 22.1943 23.1798 23.2016 23.2182 23.2308 23.2402 23.2471 
3.9203 3.9144 3.9053 3.8908 3.8671 3.3809 3.3625 3.3287 3.1733 3.0619 3.3565 2.8899 2.4636 2.2723 1.6829 1.5587 1.0907 0.9442 0.8161 0.7359 0.6539 0.6392 0.7421 0.8276 1.0436 1.0871 1.1358 1.6882 2.1179 2.427 2.6353 2.9665 3.1719 3.3862 3.5025 3.4055 3.3746 3.4115 3.3755 3.3185 3.2459 3.2335 3.2566 3.3424 3.2885 3.4204 3.421 3.585 3.6146 3.7137 3.7713 3.7191 3.6569 3.6279 3.4836 3.3285 3.216 3.047 2.7506 2.3668 2.1849 2.0097 1.7668 1.5672 1.5514 1.5186 1.3593 1.3696 1.4359 1.4595 1.3896 1.3532 1.4352 1.4168 1.4256 1.4469 1.5092 1.506 1.5391 1.4994 1.4581 1.4638 1.4613 1.498 1.5174 1.5971 1.6874 1.7794 1.9354 2.0289 2.067 2.5085 2.772 3.0402 3.3375 3.4803 4.2602 5.3132 6.3672 6.9197 7.0336 8.5305 8.6576 12.7384 13.3 15.3223 17.5704 19.827 23.1437 23.1808 23.2086 23.2291 23.244 23.2545 23.2618 26.2961 
3.7456 3.7479 3.7499 3.7511 3.7503 3.7441 3.7236 3.6631 3.4603 2.9549 2.8892 2.7206 2.3357 2.1377 1.6391 1.3056 1.1034 0.9565 0.8346 0.748 0.7132 0.6252 0.6092 0.634 0.6982 0.8908 1.0721 1.2251 1.5471 2.1052 2.5207 2.8304 3.1592 3.4025 3.5675 3.5003 3.5278 3.6107 3.5501 3.5729 3.5432 3.4643 3.4961 3.6001 3.6052 3.5878 3.7481 3.8668 3.8293 3.8674 3.7469 3.671 3.6333 3.4827 3.3467 3.2725 3.0623 2.8058 2.6301 2.3579 2.0836 1.8486 1.7565 1.6441 1.5067 1.4692 1.4662 1.4286 1.4417 1.4532 1.5488 1.4764 1.5166 1.5496 1.5037 1.5437 1.566 1.5668 1.5671 1.537 1.4913 1.4706 1.5472 1.6113 1.6192 1.6661 1.6976 1.931 2.0465 2.1074 2.5421 2.5629 3.002 3.5932 3.695 5.2366 6.1029 5.9627 8.0807 8.87 9.9327 11.7841 12.788 14.5702 15.4041 17.5848 19.8224 23.1306 23.182 23.219 23.2448 23.2624 23.2741 26.2622 26.3151 26.3572 
3.7691 3.7775 3.7885 3.8034 3.8243 3.7518 3.8031 3.881 3.9478 3.6207 2.8003 2.5844 2.2873 1.9899 1.7109 1.3963 1.131 0.9755 0.854 0.7467 0.7146 0.6266 0.5205 0.6014 0.693 0.7418 0.9854 1.1459 1.3578 1.6196 2.2655 2.6345 2.9175 2.9655 3.3583 3.5168 3.5543 3.6562 3.7131 3.7284 3.7389 3.7247 3.662 3.7107 3.8127 3.8675 3.9174 3.86 3.7823 3.7858 3.7107 3.6043 3.5065 3.4027 3.3566 3.0971 2.8972 2.7757 2.4024 2.1787 2.083 1.8052 1.7428 1.659 1.5732 1.489 1.5639 1.5513 1.4745 1.5244 1.5608 1.619 1.5881 1.5694 1.6007 1.676 1.6146 1.5768 1.567 1.5655 1.5391 1.5618 1.592 1.6007 1.6683 1.7856 1.8189 1.9506 2.1447 2.2834 2.556 2.8232 3.4785 4.396 4.9434 6.24 7.2797 8.3607 9.2679 10.6115 11.4433 13.0113 14.7214 16.6466 17.6144 19.8142 23.1077 23.1838 23.2352 23.2685 23.2893 23.3017 26.2817 26.3439 26.3917 26.4283 
3.5287 3.5445 3.5656 3.5954 3.7197 3.772 3.8615 4.0426 4.5363 5.2943 3.2107 2.5148 2.2632 2.0053 1.712 1.2328 1.0911 1.0077 0.8904 0.8292 0.6547 0.6289 0.5589 0.4828 0.6929 0.7814 0.7095 0.9804 1.3824 1.5297 1.6824 2.1319 2.6506 2.9153 2.9433 3.3418 3.5822 3.6649 3.6218 3.7529 3.7877 3.7895 3.7892 3.7102 3.7906 3.8367 3.6635 3.6004 3.7135 3.643 3.5724 3.4586 3.3966 3.3648 3.123 2.9161 2.7766 2.5983 2.207 2.1397 1.8677 1.6904 1.6047 1.5828 1.5852 1.5836 1.5784 1.5722 1.5736 1.6593 1.6087 1.6684 1.6602 1.6665 1.6749 1.6678 1.6725 1.6435 1.5661 1.564 1.5649 1.587 1.6574 1.7411 1.8055 1.8555 1.9608 2.1134 2.1537 2.709 2.861 3.9914 5.0035 5.9749 7.4275 8.4675 9.5901 10.6593 11.8939 13.5404 14.7627 15.8229 16.6646 19.5221 19.797 23.0632 23.1866 23.2627 23.3068 23.3307 23.3423 26.3149 26.3883 26.4422 26.4814 29.5793 
3.4945 3.5061 3.5214 3.5422 3.5722 3.618 3.6944 3.8342 4.0785 3.6861 2.7877 2.2569 1.8958 1.7129 1.4635 1.2111 1.1241 1.0091 0.9221 0.8884 0.7565 0.5883 0.5552 0.4736 0.5629 0.7456 0.836 0.9136 1.3074 1.4473 1.6854 1.8153 2.1602 2.4239 2.715 2.9024 3.33 3.4116 3.4801 3.523 3.5227 3.601 3.6329 3.6148 3.6511 3.6119 3.628 3.5612 3.4443 3.5005 3.4186 3.313 3.2944 3.1892 2.9874 2.8994 2.4899 2.2794 2.2332 1.7768 1.6894 1.631 1.4628 1.5486 1.5785 1.5839 1.5853 1.6618 1.6698 1.6725 1.6734 1.6704 1.6645 1.6525 1.6354 1.6069 1.6063 1.5678 1.5616 1.564 1.5742 1.6314 1.7215 1.8479 1.9009 2.0069 2.0723 2.1356 2.9232 3.4139 3.5298 4.8833 6.0173 7.1913 8.1824 9.1728 11.4767 12.7921 13.3136 14.8147 15.9648 16.7585 17.9607 19.7538 22.9606 23.191 23.3149 23.3741 23.3985 26.2497 26.3728 26.4589 26.5181 26.5579 29.6702 33.8522 
3.4731 3.4789 3.4857 3.4934 3.5017 3.5092 3.5095 3.4797 3.3558 2.5897 2.5707 2.0468 1.8278 1.6208 1.5024 1.1802 1.0528 1.0102 0.9009 0.8021 0.699 0.5742 0.5625 0.5615 0.617 0.6488 0.8703 0.8953 1.0111 1.1379 1.368 1.7585 1.9053 2.0904 2.4708 2.6679 2.8386 3.1934 3.1127 3.2053 3.3736 3.3973 3.4897 3.4958 3.3538 3.3383 3.5243 3.3613 3.3331 3.3156 3.2093 3.1244 3.0359 2.9391 2.8637 2.4872 2.3023 2.2158 1.9223 1.7074 1.6726 1.4735 1.4443 1.5382 1.5649 1.5553 1.5789 1.6403 1.5929 1.5799 1.5912 1.6319 1.5977 1.6044 1.5669 1.5605 1.5654 1.5687 1.5607 1.5771 1.6811 1.6925 1.7264 1.8879 1.9268 2.1236 2.1334 2.6943 3.5612 3.7726 5.601 6.584 7.4313 8.7046 10.487 11.8192 12.5893 13.3142 14.3897 15.6288 16.7814 17.9227 19.1264 22.6551 23.1973 23.4326 23.5083 23.5197 26.3233 26.4773 26.5757 26.6362 29.9664 33.7938 37.2058 37.3226 
3.5281 3.5267 3.5233 3.4946 3.5112 3.475 3.4014 3.2472 2.6557 2.334 2.9697 2.6024 1.9228 1.6442 1.86 1.3381 1.0928 0.9419 0.8252 0.7477 0.6587 0.6065 0.6244 0.6425 0.696 0.7013 0.7897 0.9693 1.0601 1.0876 1.1998 1.2982 1.682 1.8067 1.8546 2.2481 2.5035 2.7639 2.8097 2.8806 3.1956 3.1171 3.1319 3.2123 3.2852 3.2137 3.1908 3.2762 3.2576 3.1051 2.9448 2.9512 2.7165 2.5759 2.4813 2.2967 2.0447 1.7832 1.7074 1.5829 1.3532 1.3263 1.3738 1.4666 1.5162 1.4519 1.5394 1.5652 1.5608 1.5569 1.5671 1.5727 1.5555 1.5549 1.5534 1.4586 1.4827 1.5177 1.5678 1.5745 1.6984 1.8131 1.9318 1.9376 2.2507 2.256 2.7289 3.3132 4.0126 5.7479 6.6565 7.5245 9.0673 10.1481 11.4112 12.539 12.8756 14.4755 15.4495 16.1168 17.6139 19.0162 20.759 23.177 23.7883 23.8303 26.1776 26.4888 26.6766 26.7787 29.9824 30.14 33.9103 37.2608 40.5111 40.5788 
3.4772 3.4669 3.4513 3.4275 3.3906 3.3324 2.807 2.7862 2.7531 2.7754 3.0174 2.9261 2.4482 2.3235 1.7616 1.463 1.1706 0.8691 0.7509 0.7495 0.6941 0.7526 0.7167 0.752 0.8356 0.8484 0.793 0.8867 0.9115 0.9952 1.1697 1.1973 1.2713 1.5515 1.7513 1.8236 1.8632 2.153 2.4883 2.5612 2.5773 2.771 2.885 2.8195 2.9333 2.9665 3.0686 3.0388 2.9253 2.7977 2.7558 2.5173 2.3779 2.2003 2.2446 2.003 1.7369 1.5982 1.3968 1.3089 1.2855 1.2643 1.2627 1.3385 1.3675 1.4608 1.5185 1.5632 1.5484 1.5557 1.555 1.5533 1.5549 1.5532 1.5292 1.4819 1.4603 1.5165 1.5867 1.7061 1.868 2.0892 2.2264 2.4133 2.4736 2.787 3.7644 4.055 5.2712 6.4787 7.5162 8.8102 10.236 11.1982 12.2901 12.7883 13.926 15.1265 15.6954 16.9319 17.9706 19.3031 22.9657 25.8554 24.8649 26.4955 26.8828 27.0868 27.1556 30.2632 33.2642 36.3845 38.9169 40.5177 40.5999 40.66 
3.3852 3.3678 2.818 2.816 2.8138 2.8117 2.8108 2.815 2.8381 2.9037 3.0338 2.654 2.4497 2.1833 1.8378 1.6422 1.195 0.7535 0.7065 0.7045 0.7811 0.8523 0.8184 0.8827 0.8891 0.9572 0.9116 0.8729 0.9052 0.8772 1.0786 1.1655 1.0876 1.1323 1.2171 1.5746 1.7154 1.7835 1.7575 2.3595 2.4494 2.4215 2.6018 2.6342 2.7111 2.6971 2.7022 2.8102 2.5096 2.468 2.2565 2.1475 2.0708 1.9619 1.5869 1.671 1.4442 1.3686 1.1856 1.2075 1.2008 1.1993 1.1927 1.2099 1.2965 1.3298 1.4917 1.4651 1.4944 1.4993 1.5356 1.5525 1.5409 1.4502 1.4574 1.4718 1.6084 1.7192 1.7895 1.948 1.9989 2.2216 2.4143 2.6669 2.964 3.6507 4.1349 5.5497 6.5065 7.036 8.2011 9.6064 10.8699 11.9036 12.5137 13.5375 14.8994 15.2079 16.819 17.1213 18.4857 20.2919 25.0631 27.3405 27.387 27.8804 28.0292 30.5636 32.6205 36.1883 39.4226 38.9089 40.5358 40.6366 41.3093 41.3298 
2.8243 2.8236 2.823 2.8226 2.8228 2.8244 2.8287 2.759 2.787 2.7903 2.8132 2.4756 2.2577 1.8414 1.7657 1.5262 1.0596 0.7971 0.7421 0.7811 0.7972 0.8573 0.9441 0.9687 0.9402 0.9632 0.8772 0.8481 0.869 0.7625 0.7789 0.8429 1.0737 1.178 1.1185 1.2473 1.3614 1.4955 1.5619 1.518 2.0223 2.077 2.1489 2.213 2.3361 2.3035 2.3045 2.2113 2.2508 2.1438 1.8333 1.9062 1.7024 1.6912 1.4172 1.1846 1.1624 1.146 1.068 1.1142 1.1776 1.0872 1.0948 1.1715 1.1885 1.1876 1.2178 1.4322 1.4824 1.4365 1.4841 1.4765 1.4085 1.3852 1.4391 1.5905 1.7837 1.7264 1.8425 2.0901 2.2167 2.4038 2.5468 2.8245 3.1767 3.9704 5.0071 5.9705 6.5874 7.8576 9.2406 10.1849 11.7414 12.4035 13.1416 14.3474 14.9325 16.4787 17.0323 17.7712 19.8625 21.0937 23.3951 28.8389 31.0294 31.498 32.4762 35.3856 36.9867 38.4884 38.9058 39.062 41.2803 41.318 41.3434 41.3602 
2.5325 2.5357 2.54 2.5789 2.5836 2.5906 2.489 2.5058 2.5989 2.5569 2.5406 2.1183 1.8651 1.7155 1.5008 1.3176 1.2425 1.0828 0.7498 0.8052 0.8448 0.8632 0.9663 0.9504 0.7857 0.7834 0.8013 0.7834 0.7467 0.7569 0.7584 0.7962 0.8705 1.0265 1.0214 1.094 1.1585 1.3191 1.4254 1.4602 1.3652 1.6359 1.6896 1.9038 1.6979 1.9004 1.8836 1.8468 1.6993 1.494 1.635 1.3516 1.1087 0.9629 1.1531 0.9525 0.8883 0.963 0.9862 0.9839 1.0395 1.0846 1.0759 1.0707 1.102 1.1441 1.0864 1.1478 1.2358 1.3076 1.2556 1.2173 1.2668 1.3386 1.5058 1.5761 1.6918 1.7178 1.755 1.99 2.2078 2.3912 2.5115 2.7151 3.9037 4.4443 5.2936 6.1582 7.4058 8.7933 9.7622 10.5013 11.8162 12.9368 13.5297 14.9647 16.1951 16.9759 17.5219 19.1892 20.6433 21.967 23.7221 28.7058 34.5081 32.9451 36.5085 36.9529 39.191 39.6184 41.1984 41.2836 41.3353 41.3664 41.3849 41.3957 
2.2283 2.3226 2.3222 2.3216 2.3206 2.1019 2.101 2.0957 2.0763 2.0103 1.8114 1.6991 1.6565 1.4763 1.2563 1.2691 1.2086 1.0352 0.7834 0.7661 0.8007 0.7788 0.7004 0.7338 0.7358 0.7099 0.6673 0.7183 0.7299 0.7566 0.7582 0.7585 0.7736 0.8113 0.9668 0.9981 1.1195 1.1167 1.1698 1.2238 1.1877 1.3742 1.3862 1.4051 1.5725 1.4271 1.3347 1.4627 1.2816 1.168 1.2269 1.0076 0.9186 0.9293 0.8699 0.8964 0.8767 0.87 0.8873 0.8799 0.8871 0.9053 0.863 0.9984 0.9749 0.984 1.0709 1.0843 1.0145 1.0041 0.9803 1.0183 1.1174 1.2251 1.4549 1.4793 1.5038 1.6723 1.5891 1.756 2.164 2.33 2.522 3.5042 4.2118 4.6979 5.5827 6.3282 8.1649 9.1427 10.2745 11.9598 12.1731 13.8077 14.6429 15.3754 16.5104 17.359 18.7676 20.0681 20.9648 22.6191 26.5372 27.4068 31.6481 36.2796 37.0613 37.9932 40.6847 41.1541 41.2984 41.3714 41.4078 41.4254 41.4329 41.4351 
1.9296 1.9284 1.707 1.7083 1.7106 1.7146 1.7721 1.7732 1.7744 1.7691 1.713 1.5981 1.4754 1.3275 1.2638 1.1281 1.066 0.8819 0.7825 0.7286 0.6674 0.6439 0.6258 0.6646 0.6903 0.6422 0.6462 0.7264 0.6729 0.7585 0.759 0.759 0.7636 0.8039 0.8011 0.8825 0.955 1.0254 1.0328 1.0497 1.1513 1.1329 1.209 1.2503 1.0225 1.1458 1.2048 1.0349 0.9795 0.9637 0.8623 0.8903 0.8675 0.8103 0.8425 0.8199 0.7981 0.7771 0.77 0.8019 0.8244 0.7538 0.7493 0.7974 0.7763 0.8535 0.8589 0.746 0.745 0.712 0.7408 0.9419 1.0656 1.2355 1.141 1.2368 1.2415 1.523 1.5854 1.7733 2.0973 2.4823 3.0866 3.8907 4.2201 5.4543 5.8955 6.7425 8.5095 9.9874 11.214 12.0217 12.6433 14.2809 15.2195 15.9571 17.2831 18.4789 19.3714 20.8429 21.6132 23.8289 25.0471 27.5774 33.5508 37.4648 38.0118 40.2173 41.0675 41.3535 41.4542 41.4873 41.4946 41.4917 43.0219 43.0461 
1.6005 1.6013 1.6026 1.7006 1.7005 1.7012 1.7035 1.7101 1.7281 1.79 1.6968 1.7535 1.4293 1.3372 1.174 1.0747 0.9764 0.8221 0.6979 0.6844 0.6421 0.6248 0.625 0.6256 0.6255 0.6284 0.6402 0.711 0.749 0.759 0.759 0.8015 0.7913 0.8971 0.896 0.8975 0.9045 0.9494 0.9609 0.9639 0.9656 1.0154 1.0382 0.9599 0.9065 0.9863 0.9509 0.8764 0.845 0.8468 0.8236 0.8149 0.7991 0.794 0.7936 0.7925 0.7874 0.7142 0.6953 0.7276 0.7543 0.7381 0.721 0.7389 0.7388 0.7059 0.6439 0.6266 0.586 0.5756 0.5505 0.8968 0.9654 1.0628 1.0435 1.104 1.218 1.4844 1.7333 2.0682 2.2247 3.0462 3.6552 4.0388 5.109 5.4132 6.3067 7.6415 8.8609 10.8914 12.1037 12.5346 14.3599 14.5757 15.7968 17.1458 17.4429 19.0434 20.3148 21.4959 23.667 24.3087 24.646 31.0326 37.2546 39.993 38.2215 40.9295 41.5841 41.6655 41.6492 43.1196 43.1732 43.2066 43.2274 43.2405 
1.5928 1.5919 1.5909 1.5897 1.5885 1.5872 1.5862 1.586 1.5879 1.5911 1.3562 1.6244 1.3076 1.179 1.0595 1.0032 0.9453 0.8734 0.6884 0.6801 0.6286 0.6257 0.6259 0.6307 0.6427 0.7331 0.7563 0.7588 0.7586 0.7741 0.7946 0.8642 0.871 0.9014 0.9021 0.902 0.9284 0.9445 0.9256 0.9274 0.9405 0.9074 0.8753 0.8975 0.9082 0.8758 0.8422 0.8351 0.8027 0.7727 0.7858 0.7889 0.794 0.7929 0.7805 0.7844 0.6999 0.6473 0.6473 0.6664 0.709 0.6373 0.6311 0.7005 0.594 0.5835 0.5686 0.5424 0.5129 0.5762 0.7234 0.8964 0.9074 0.9355 1.0052 1.0304 1.2194 1.5654 1.7807 2.1713 2.5825 3.2825 3.8928 4.4764 5.1213 5.7486 6.6475 8.3704 9.2027 10.9197 12.4575 13.5277 14.7754 15.3854 16.7645 17.6732 18.3083 20.4041 21.0362 23.2462 24.2045 24.3714 27.8852 38.5018 39.4776 40.8862 40.5529 42.7596 42.4846 43.0145 43.1567 43.2268 43.895 44.944 45.0138 45.0639 
1.2829 1.2827 1.2825 1.2822 1.2817 1.2809 1.2795 1.2769 1.2719 1.2668 1.2628 1.1996 1.1887 1.1752 1.0558 0.9752 0.9036 0.8684 0.7108 0.6669 0.6406 0.6259 0.6332 0.6548 0.7501 0.7542 0.7577 0.7585 0.7974 0.8417 0.8626 0.9009 0.9014 0.9016 0.8772 0.8697 0.8737 0.9206 0.8454 0.8428 0.8591 0.8442 0.8564 0.8777 0.8771 0.8515 0.8336 0.7813 0.74 0.7023 0.7388 0.7024 0.7134 0.7556 0.7148 0.6922 0.6498 0.6467 0.6462 0.6381 0.5991 0.6255 0.6094 0.596 0.5238 0.5114 0.5009 0.4103 0.5064 0.6401 0.7195 0.8363 0.9276 0.9673 1.0226 1.1652 1.4394 1.6749 2.0172 2.4721 3.336 3.5377 4.4021 5.1406 5.4487 6.2356 7.1184 8.5857 10.5949 11.4071 12.4303 14.4193 14.8562 16.6155 16.9281 18.8231 20.7112 21.487 22.6787 23.7975 25.4692 30.5143 38.1822 39.6447 41.7553 43.3137 42.5686 42.7361 43.1602 43.6472 44.6639 44.8578 44.9704 45.0418 45.0904 45.1252 
1.2802 1.2795 1.2785 1.2771 1.1703 1.1719 1.1744 1.1781 1.1833 1.1826 1.1638 1.0671 1.0496 1.0464 1.1467 0.9678 0.9255 0.6972 0.6817 0.6637 0.6418 0.6259 0.6345 0.6562 0.7378 0.758 0.7583 0.7589 0.8015 0.8639 0.8957 0.901 0.9014 0.8713 0.7988 0.7957 0.7985 0.8019 0.8389 0.835 0.8254 0.7852 0.8344 0.8707 0.7651 0.755 0.7551 0.7386 0.7418 0.7406 0.7046 0.6823 0.6874 0.6774 0.6751 0.6697 0.6442 0.6463 0.6247 0.5574 0.5718 0.5387 0.5579 0.5346 0.5092 0.4892 0.4565 0.4288 0.5097 0.64 0.7238 0.7781 0.9048 0.9919 1.0385 1.1729 1.4074 1.7241 2.3179 2.645 3.3698 4.0351 4.7323 5.238 5.848 6.7743 8.2414 8.8327 10.8289 12.0612 13.5534 14.4921 16.4453 17.1495 18.1606 20.5402 24.519 22.8032 23.7422 28.5405 35.7948 38.5461 39.6106 40.9849 43.4567 45.143 46.0941 46.321 45.0402 45.1026 45.0939 45.1191 45.1445 45.1657 45.1828 45.1967 
1.1635 1.1632 1.1627 1.1621 1.1611 1.1176 1.1181 1.1181 1.1168 1.1139 1.0905 1.0415 0.9493 0.9899 0.9443 0.9143 0.8245 0.6633 0.6512 0.6624 0.6345 0.63 0.6385 0.7084 0.7571 0.753 0.759 0.759 0.7619 0.8964 0.825 0.8433 0.8366 0.8092 0.7925 0.7926 0.7925 0.7952 0.7943 0.755 0.753 0.7439 0.7919 0.7739 0.7359 0.7336 0.689 0.6964 0.6801 0.7091 0.6416 0.6483 0.6592 0.6861 0.5938 0.5846 0.5394 0.5453 0.5408 0.5193 0.5235 0.4954 0.4594 0.4607 0.4 0.4009 0.424 0.364 0.5377 0.6549 0.7189 0.8364 0.9185 1.0143 1.0249 1.31 1.6619 1.9532 2.1431 3.1093 3.755 4.2498 4.8618 5.4925 6.4373 6.9093 8.3158 9.7691 11.5021 12.6045 14.232 15.5743 16.8538 17.867 19.2383 21.4002 22.302 22.6397 29.6491 36.3145 37.9763 39.8056 42.352 43.3084 44.612 47.5686 48.8308 48.3625 47.582 46.2695 45.9574 45.8623 45.8135 45.2979 45.2808 45.2721 
1.0848 1.0847 1.0844 1.0838 1.0827 1.0805 1.0763 1.032 1.022 0.9927 0.9167 0.9228 0.8526 0.8612 0.8448 0.8166 0.6902 0.5544 0.6297 0.6462 0.6458 0.6441 0.6486 0.6991 0.7209 0.708 0.7521 0.7608 0.7807 0.7994 0.7889 0.7593 0.7835 0.7918 0.7924 0.7924 0.7924 0.7802 0.8107 0.7641 0.7433 0.7433 0.7457 0.7359 0.6993 0.6539 0.6492 0.6476 0.6442 0.6195 0.621 0.5937 0.5859 0.5973 0.5836 0.5388 0.4897 0.5096 0.4759 0.4522 0.4212 0.4039 0.3976 0.3319 0.3628 0.3357 0.3658 0.4405 0.59 0.6477 0.7973 0.9479 1.0356 1.0501 1.1904 1.4386 1.7958 1.9849 2.6277 3.1684 3.7645 4.4742 5.3112 5.7224 6.6569 7.5784 9.2707 10.4588 11.4013 13.662 14.7159 16.0679 17.8326 19.4746 21.6459 23.9537 25.0502 31.8703 35.9091 37.0511 39.2709 40.9779 43.4546 44.1763 46.2896 47.8239 49.1417 48.7727 48.5289 47.7633 47.5388 46.2068 46.0713 45.9919 45.9442 45.915 
1.0811 1.0802 1.0789 1.0769 1.0738 1.0301 1.0256 1.0172 0.9076 0.8666 0.9 0.858 0.8259 0.7517 0.7729 0.6202 0.6663 0.6382 0.6353 0.6463 0.648 0.6661 0.6778 0.6846 0.6893 0.6847 0.7087 0.7394 0.7785 0.7624 0.7218 0.6989 0.7473 0.7713 0.7466 0.7407 0.7924 0.7607 0.7329 0.7219 0.7255 0.7115 0.7108 0.6695 0.6411 0.6475 0.6396 0.6277 0.6227 0.5835 0.5722 0.5833 0.5692 0.4999 0.5325 0.481 0.4331 0.4408 0.4073 0.3991 0.3972 0.3341 0.2914 0.2877 0.2885 0.3054 0.34 0.4801 0.6161 0.7152 0.7935 0.9177 1.0317 1.0522 1.2842 1.508 1.7948 2.395 2.6981 3.3435 4.1976 4.8869 5.4088 6.3805 7.3036 8.0849 9.5821 10.8362 12.3579 14.1764 15.3722 18.0841 18.9333 20.6645 23.2053 26.8865 30.8606 35.0923 36.6671 37.9123 39.6188 41.149 45.7905 44.8417 47.1832 48.6347 49.2242 48.9155 48.6763 48.5575 47.7641 47.6083 47.5088 46.1587 46.0803 46.0269 
1.221 1.1489 1.1473 1.0655 1.0105 1.0027 0.9891 0.9648 0.7147 0.7038 0.6726 0.6722 0.777 0.6235 0.6312 0.584 0.6014 0.6466 0.6843 0.6727 0.6503 0.6559 0.6681 0.676 0.6714 0.6839 0.6493 0.6571 0.7006 0.6693 0.673 0.65 0.6508 0.686 0.6802 0.68 0.7 0.6342 0.6767 0.6355 0.5923 0.6658 0.619 0.4939 0.5187 0.6177 0.5569 0.5942 0.5951 0.5566 0.5515 0.5501 0.4816 0.4824 0.4865 0.4309 0.4011 0.3918 0.4059 0.3679 0.3459 0.2893 0.2757 0.2211 0.2314 0.2491 0.306 0.3913 0.6502 0.6656 0.7946 0.9351 1.0385 1.0659 1.1643 1.4977 1.9591 2.4674 2.7003 3.9878 4.3215 5.082 5.9262 6.6666 7.5889 8.7301 9.5712 12.135 12.7994 14.519 16.975 18.4382 21.2169 23.9138 25.8123 31.5808 36.7699 37.7973 38.0419 40.7132 40.3858 41.4934 44.4533 44.8399 47.1083 48.4091 48.8765 48.8844 48.6979 48.6064 48.5481 47.7323 47.6224 47.5453 47.4914 47.4537 
1.0807 1.0818 1.2512 1.251 1.2501 1.2478 1.2425 1.2292 1.1927 1.0803 0.7634 0.4969 0.6475 0.6321 0.5838 0.5839 0.5949 0.6893 0.7548 0.7493 0.752 0.7177 0.7131 0.6781 0.6478 0.6465 0.6333 0.6772 0.68 0.6522 0.6028 0.5538 0.5426 0.5521 0.6045 0.6 0.5835 0.5936 0.5931 0.5768 0.5159 0.4615 0.473 0.4716 0.482 0.484 0.4724 0.4632 0.5314 0.528 0.5004 0.4837 0.4159 0.4366 0.4248 0.3657 0.3315 0.3328 0.3409 0.2859 0.2187 0.2652 0.1906 0.1835 0.2227 0.2324 0.289 0.5182 0.555 0.6697 0.8128 0.9414 1.007 1.0763 1.1085 1.6272 2.1299 2.7393 3.2487 3.7608 4.6576 5.3815 6.2911 6.8104 8.0781 8.8126 10.7077 11.4318 13.7623 16.5674 18.8102 20.9364 25.5956 28.399 32.6506 36.4296 38.4337 39.2426 39.0389 39.8896 40.6055 41.3947 42.9102 44.4917 45.9523 48.2372 48.7673 48.7965 48.6723 48.615 48.5689 48.5359 48.5134 47.6182 47.5583 47.5136 
1.2666 1.2702 1.2748 1.2808 1.2891 1.3009 1.3182 1.7169 1.5678 1.411 1.3535 1.1996 0.9034 0.9686 0.6869 0.7269 0.8148 0.7695 0.7577 0.7664 0.7668 0.7728 0.7687 0.7184 0.6578 0.6472 0.6487 0.7146 0.6983 0.6794 0.5854 0.5468 0.5376 0.5376 0.5472 0.5779 0.5774 0.4652 0.476 0.5025 0.4204 0.3998 0.4111 0.4195 0.4199 0.4012 0.4142 0.4029 0.4414 0.4084 0.4157 0.4782 0.4186 0.3841 0.3388 0.3218 0.305 0.2527 0.2191 0.1968 0.1708 0.148 0.1668 0.1775 0.1782 0.1729 0.2716 0.5215 0.5487 0.6559 0.9221 0.9452 1.0374 1.0552 1.2164 1.7972 2.2262 2.8165 3.1745 4.0319 5.2919 5.8411 6.6697 7.5581 9.0137 9.829 11.4681 14.4127 15.5158 17.755 21.1198 28.3816 30.6718 32.9586 37.5492 38.9887 38.9874 39.2653 39.0693 39.529 40.657 41.1979 41.7008 43.873 45.7342 48.1322 48.7201 48.7451 48.7509 48.6071 48.5741 48.5469 48.526 48.5104 47.6082 47.5609 
2.3428 2.343 2.343 2.3425 2.3412 2.3382 2.3321 2.3197 1.9164 1.9995 2.2265 2.1139 1.9106 1.6907 1.7047 1.8019 1.8055 1.4192 1.5228 1.1817 0.8483 0.8521 0.8699 0.7939 0.7466 0.6663 0.7706 0.9684 0.7665 0.6916 0.647 0.6313 0.6361 0.5376 0.5454 0.5946 0.5197 0.4244 0.3846 0.4088 0.4004 0.4014 0.3965 0.3453 0.3578 0.3765 0.3647 0.34 0.3346 0.3599 0.3513 0.3603 0.3909 0.3331 0.2654 0.2285 0.2355 0.2201 0.1386 0.1267 0.1116 0.0871 0.0882 0.1792 0.1958 0.1154 0.1134 0.2987 0.5538 0.6677 0.7181 0.9196 0.975 1.0343 1.355 1.848 2.0514 2.6206 3.6612 4.9421 5.452 6.2016 7.061 8.0782 9.4216 10.833 13.9875 18.4418 18.9363 20.4605 23.0432 28.515 31.6861 37.0744 37.1014 38.7835 38.8908 38.8963 39.1852 39.4251 40.6751 41.0387 41.398 44.5346 45.5966 48.0782 48.3866 48.7141 48.7231 48.5947 48.5716 48.5504 48.5326 48.5182 48.507 47.5968 
3.3983 3.3918 3.3831 3.371 3.3537 3.328 3.2886 2.7639 2.7502 2.715 2.6715 2.6036 2.3437 2.5484 2.4525 2.0708 2.1587 2.0593 1.7084 1.6422 1.7113 1.2791 1.0489 1.0917 1.1515 1.2024 1.086 1.008 0.8791 0.9857 0.9082 0.7356 0.8692 0.8049 0.7629 0.7815 0.8976 0.587 0.5942 0.5203 0.4815 0.4749 0.4608 0.354 0.3081 0.2903 0.3066 0.3224 0.3051 0.3016 0.3209 0.3149 0.2969 0.2148 0.2048 0.181 0.1964 0.1798 0.092 0.0793 0.0822 0.0894 0.0939 0.2325 0.2387 0.1392 0.1403 0.183 0.3964 0.6593 0.7109 0.936 1.0205 1.0763 1.1865 1.4678 1.7829 2.7714 4.2896 4.9272 5.417 6.6833 7.6874 8.9959 12.0513 16.7927 13.4452 17.7499 25.6763 21.036 23.3923 30.3227 32.1819 35.7103 36.4578 37.1144 38.7725 38.7819 39.4326 39.3046 40.6838 40.9416 41.2367 43.3 44.9512 46.6889 48.3331 48.4136 48.7031 48.5823 48.5659 48.5498 48.5352 48.5226 48.5122 48.5038 
4.2484 4.2408 4.2312 4.2188 4.2021 4.1789 4.1451 4.0932 4.0084 3.4797 3.429 3.3692 3.0834 3.3552 3.244 3.0448 2.9587 2.5539 2.8191 2.4224 2.3674 2.1715 1.7717 1.3169 1.5468 1.7272 1.4732 1.3906 1.4899 1.332 1.4884 1.4708 1.187 1.2159 1.2247 1.157 1.1095 1.1685 0.8073 0.7478 0.5153 0.4975 0.4922 0.378 0.2888 0.2872 0.2869 0.2868 0.2883 0.2873 0.291 0.289 0.2729 0.1898 0.1778 0.1775 0.1775 0.1429 0.1022 0.0887 0.0897 0.1766 0.2369 0.2786 0.2182 0.1942 0.2016 0.2065 0.4144 0.5795 0.8543 0.9694 1.0332 1.0689 1.2525 1.4137 1.714 3.2209 5.5987 5.5249 6.2424 6.9296 8.6207 10.046 12.0694 13.6135 13.5419 16.9248 20.6778 20.5031 23.3885 29.6699 31.5916 35.4174 36.1548 36.5691 37.6652 38.9469 39.3929 39.4568 39.588 40.8834 41.0677 42.7975 44.8344 46.5854 48.3007 48.3688 48.4184 48.6931 48.5594 48.5471 48.5353 48.5246 48.5154 48.5075 
4.2894 4.2904 4.2925 4.296 4.3021 4.3124 4.3301 5.2844 5.1669 4.7007 4.4084 4.5626 4.8563 4.1746 4.5012 5.1803 4.2763 3.7688 3.75 3.7891 3.1088 2.8964 2.8766 3.0402 2.5021 2.0115 2.4498 2.3209 1.9304 1.9769 1.8758 1.9082 1.8915 1.5984 1.53 1.4372 1.5508 1.5086 1.2167 1.1035 1.0256 0.6441 0.5238 0.4008 0.3396 0.299 0.2892 0.284 0.2762 0.2961 0.291 0.2828 0.2059 0.1972 0.1806 0.1776 0.1777 0.1766 0.1788 0.2092 0.1719 0.2571 0.3337 0.4055 0.4761 0.2503 0.2378 0.2793 0.3242 0.5314 0.7945 0.976 1.0377 1.0545 1.2445 1.3152 1.5947 3.3006 5.8544 6.0233 6.9806 8.0801 8.9425 10.9485 11.0301 11.9459 13.1845 16.7041 18.5321 19.1727 22.9851 29.5315 31.2375 35.4093 36.0137 36.2924 37.3868 38.6409 39.3709 39.4198 39.6615 40.8484 40.9894 41.1127 44.7606 45.0375 46.7116 48.3379 48.3825 48.6825 48.5529 48.5434 48.5339 48.525 48.5169 48.5098 
5.4896 5.4915 5.4941 5.4978 5.5034 5.5122 5.5271 5.5545 5.6106 5.7396 6.0779 6.2211 6.29 6.7811 5.5124 5.6971 6.018 6.4812 5.4997 5.4102 5.2735 4.4862 4.1699 3.9471 3.699 3.219 3.0593 2.8662 3.3216 3.0372 2.8081 2.1798 2.2901 2.2622 2.0374 1.9299 1.6128 1.5816 1.5818 1.4439 1.2769 1.1789 0.6587 0.539 0.3304 0.3383 0.2869 0.2108 0.2396 0.2904 0.3001 0.2558 0.2343 0.2437 0.2637 0.1776 0.1778 0.2176 0.2725 0.2879 0.3267 0.2879 0.4232 0.5806 0.6103 0.468 0.3131 0.2761 0.3026 0.4798 0.7018 0.9698 1.0382 1.0472 1.1181 1.2855 1.947 5.0108 6.0055 6.4662 8.5881 9.1012 10.1833 10.9527 11.1988 12.0318 11.645 15.9933 17.4865 18.3745 21.8204 29.4202 30.0006 35.4179 35.9427 36.1387 37.2128 37.3886 38.8774 39.3967 39.4307 41.1482 40.938 41.0379 44.7142 44.9426 46.6365 48.3167 48.3559 48.3867 48.6767 48.5395 48.5318 48.5244 48.5174 48.5111 
5.5267 5.5363 5.5492 5.5673 5.5933 5.6326 5.695 5.8002 6.5072 6.9114 7.2316 7.5084 7.8438 8.1087 9.2218 7.4083 8.0134 7.9885 7.7664 7.946 7.6204 6.6335 6.6597 5.59 5.4745 5.4774 4.7587 4.2093 4.4437 4.0295 3.8891 3.5013 3.2913 2.997 2.5492 2.25 1.8266 1.8406 1.914 1.7068 1.4096 1.3976 1.2305 0.6648 0.4656 0.4094 0.3801 0.2178 0.228 0.2453 0.3189 0.2784 0.2902 0.3164 0.3297 0.2589 0.2543 0.2955 0.2941 0.3604 0.3987 0.3821 0.4281 0.5724 0.5803 0.5446 0.3918 0.3168 0.29 0.4199 0.68 0.8492 0.9784 1.0444 1.1139 1.2755 1.9875 5.1133 6.422 7.0886 9.009 9.7154 10.0788 10.6634 10.9958 10.6633 11.5432 11.6891 16.5713 17.5778 20.2053 29.3502 29.7655 35.4272 35.6441 36.0467 37.1036 37.254 37.3635 39.3538 39.4094 41.1157 41.236 40.9853 43.2827 44.8758 45.0484 48.3019 48.3362 48.3643 48.3865 48.5355 48.5293 48.5231 48.5171 48.5116 
5.5615 7.8548 10.3384 10.3077 10.2686 10.2176 10.1487 9.8529 8.6044 8.5866 9.4153 9.5057 9.6644 10.8668 11.156 10.3094 9.7734 10.0762 9.8225 9.4847 8.6286 8.8437 8.4365 8.2716 6.5208 6.2055 6.0176 5.441 5.0358 4.5778 4.8835 4.6166 4.0413 3.3898 3.2627 2.7604 2.6396 2.2836 2.0053 2.0567 1.918 1.5091 1.3609 1.3831 0.8726 0.52 0.477 0.2929 0.1863 0.1992 0.2688 0.3598 0.4114 0.3941 0.3625 0.3992 0.3828 0.3583 0.3937 0.4991 0.4087 0.3876 0.4422 0.5335 0.5553 0.5368 0.454 0.3981 0.3632 0.2916 0.6732 0.8313 0.9152 1.0432 1.1112 1.2707 2.9734 6.4128 7.0511 9.0465 9.2066 9.7826 9.9814 10.5619 10.9739 11.243 10.7421 11.6141 14.8759 15.9818 20.7949 27.9584 29.6146 35.435 35.5991 35.988 37.0335 37.1601 37.2592 39.328 39.3738 39.7448 41.1966 40.9474 43.2285 44.8282 44.9763 48.2915 48.3214 48.3468 48.3677 48.5318 48.5267 48.5215 48.5164 48.5115 
10.5106 10.5162 10.526 10.5425 10.5703 10.6176 12.308 12.4924 12.6628 13.1154 14.5244 15.2781 14.8957 12.4752 12.1602 13.0889 12.8742 11.9909 11.4859 10.9339 10.8679 10.6223 10.0224 8.9855 9.4708 8.1927 7.0206 6.3163 5.95 5.8112 5.3019 4.902 5.2356 4.4965 3.65 3.1399 2.9866 3.0378 2.474 2.2559 2.0707 1.9623 1.7729 1.4732 1.2251 0.709 0.5765 0.4136 0.1858 0.1714 0.1995 0.4274 0.4307 0.4299 0.4291 0.4721 0.4373 0.3924 0.3934 0.4393 0.4169 0.3951 0.432 0.534 0.5625 0.5313 0.5166 0.412 0.372 0.2877 0.6716 0.7759 0.9007 1.0426 1.1099 1.2687 3.0506 7.0389 7.1012 9.1683 9.2993 9.7978 9.9203 10.5126 10.9575 11.281 10.7001 11.5766 14.6987 15.0665 15.9933 24.1384 29.5141 33.1388 35.5695 35.9487 36.9875 37.0937 37.1813 39.3103 39.3502 39.401 41.1689 41.2481 43.1894 43.3461 44.9219 46.6054 48.3104 48.3332 48.3525 48.3685 48.5241 48.5197 48.5153 48.5111 
12.319 12.3403 12.3712 12.4162 12.4836 14.8703 14.8878 14.9358 15.0502 15.2966 16.0666 16.2633 15.8276 15.8583 15.3747 14.0566 14.3655 14.0801 13.8747 13.4668 12.1929 11.7345 12.3762 11.5256 9.8112 9.5253 9.29 8.0791 6.8983 6.7462 6.3086 5.8252 5.9605 5.4453 4.9196 4.0373 3.5776 3.1755 3.1636 2.4899 2.5515 2.2264 2.1237 1.976 1.6269 1.2786 0.6435 0.5731 0.2466 0.1074 0.2509 0.4355 0.4432 0.4306 0.4355 0.4445 0.4273 0.4098 0.4134 0.41 0.4087 0.4344 0.4353 0.5249 0.5542 0.5276 0.5183 0.4182 0.4054 0.3727 0.5889 0.769 0.8915 1.0422 1.1093 1.1154 4.1745 7.0765 9.166 9.2408 9.3438 9.7977 9.8801 10.484 10.9468 10.9362 11.251 10.7273 11.6038 14.8914 15.1329 23.886 28.1246 33.0621 35.5492 35.6463 36.9565 37.0461 37.1229 37.1854 39.3328 39.3635 40.9234 41.2183 43.1611 43.2975 44.8805 44.9824 48.302 48.3225 48.3402 48.3553 48.5216 48.5179 48.5141 48.5104 
14.9763 14.9872 15.0034 15.028 15.0656 15.1238 15.2154 17.0858 16.901 16.8887 16.885 17.4557 17.7808 17.1246 16.6073 15.9416 15.229 15.0425 14.8508 14.5738 14.2275 13.1381 13.3755 12.4392 12.7436 11.5965 10.2999 9.4325 8.2171 7.1039 7.0262 6.6328 6.1213 6.1057 5.666 4.9795 4.7972 3.7018 3.6212 3.4563 2.845 2.5723 2.4125 2.316 2.0285 1.4228 0.6725 0.5584 0.2211 0.1002 0.2297 0.4294 0.4263 0.4452 0.436 0.4406 0.4372 0.4483 0.4125 0.4157 0.4165 0.4373 0.4374 0.5206 0.5335 0.5249 0.5185 0.4673 0.4107 0.3761 0.4423 0.7653 0.7854 0.918 1.0435 1.114 5.6639 7.1004 9.2201 9.2845 9.7334 9.7929 9.852 10.4654 10.9394 10.9326 11.2682 12.0612 11.5845 14.7805 14.9826 20.411 27.9538 33.0088 34.3305 35.615 36.9354 37.0114 37.0785 37.1352 39.3201 39.3474 40.8979 41.196 41.2513 43.2602 44.8487 44.939 48.2957 48.314 48.3302 48.3443 48.3563 48.516 48.5128 48.5095 
16.5961 19.329 19.318 19.3036 19.2841 17.8137 17.8177 18.5081 17.8109 17.934 18.4581 18.9861 19.0299 18.2147 17.3291 16.9111 16.3562 16.0246 15.6743 15.4718 15.3692 14.8431 13.5185 13.6301 13.3113 12.6448 12.4003 10.5993 10.0197 9.0599 8.2811 7.5436 7.6174 6.8656 6.4165 5.8314 5.5267 5.0714 4.3549 3.7942 3.3657 3.1296 2.7061 2.5747 2.2933 1.6985 1.4952 0.6598 0.2798 0.1534 0.2201 0.3033 0.4086 0.4501 0.4548 0.4382 0.4343 0.4476 0.4307 0.4306 0.4121 0.3943 0.4384 0.5053 0.5284 0.55 0.5182 0.5136 0.4137 0.4072 0.3757 0.6025 0.7795 0.9122 1.0431 1.1132 5.6978 9.2141 9.2569 9.3112 9.7419 9.7871 9.8314 10.4524 10.9342 10.9295 10.9239 12.0802 11.5723 14.7089 14.8784 20.2315 24.115 32.9718 34.2653 35.5917 36.9207 36.9858 37.0445 37.0955 39.3108 39.3351 39.3568 40.9544 41.2285 43.2314 43.3321 44.9045 44.9782 48.3073 48.3221 48.3352 48.3466 48.3563 48.5114 48.5086 
19.4371 19.4478 19.462 19.4812 19.5078 20.1234 20.1439 20.1733 20.2137 20.4602 20.2852 19.8584 19.1244 19.2787 18.8455 17.8146 17.3979 17.0215 16.83 16.2577 15.9833 15.8055 15.8726 14.5916 14.0506 13.8176 12.9913 12.6588 10.7904 10.0685 9.403 8.8294 8.0462 7.7591 7.3528 7.0039 5.9359 5.5795 5.2408 4.2821 3.8589 3.3911 2.9876 2.7821 1.9599 1.7088 1.4967 1.0829 0.4566 0.2049 0.2432 0.2594 0.3344 0.3993 0.4621 0.4565 0.4327 0.4469 0.4491 0.4297 0.4092 0.4095 0.4388 0.5045 0.5253 0.5316 0.5177 0.5142 0.4799 0.4099 0.3774 0.5982 0.7756 0.9081 0.918 2.2017 6.3625 9.2441 9.282 9.3277 9.7459 9.7812 9.8156 10.4429 10.9303 10.9268 10.9227 11.2637 12.0746 11.5867 14.8051 14.9313 23.964 29.2855 34.2168 34.3725 36.9104 36.9665 37.0181 37.0638 37.1033 39.3256 39.3453 40.9327 41.2107 43.2092 43.299 44.8767 44.9434 48.3019 48.3154 48.3276 48.3383 48.3476 48.51 48.5075 
19.5344 19.5633 21.0473 21.067 21.0951 21.1361 21.6086 21.6317 21.6714 21.7466 21.8936 22.0912 21.6333 20.447 19.7644 19.778 18.81 18.0778 17.6356 17.7009 16.835 16.5436 16.2405 16.3006 15.744 15.3623 14.596 13.7315 13.5493 11.7763 10.1738 9.5993 9.3603 8.7073 8.2676 7.8692 7.931 6.2231 5.3835 5.0467 4.4231 3.9555 3.2389 2.8422 2.1665 1.8355 1.4394 1.1887 0.9835 0.2226 0.2594 0.2424 0.261 0.3911 0.4629 0.4575 0.4507 0.4522 0.448 0.429 0.4474 0.4077 0.4389 0.5043 0.5092 0.5285 0.5172 0.5144 0.4814 0.4117 0.4078 0.6371 0.7728 0.9053 0.9139 2.223 7.873 9.2661 9.2994 9.7201 9.7474 9.7758 9.8033 10.4355 10.9273 10.9246 10.9215 10.9181 12.0856 11.5785 14.7528 14.8629 20.4185 24.2038 34.1805 34.3179 36.9031 36.952 36.9974 37.0385 37.0747 39.3182 39.3361 40.9161 40.9722 41.2333 43.2724 43.3488 44.9148 46.5041 48.31 48.3212 48.3313 48.3401 48.3479 48.5065 
26.3211 26.2748 26.2146 26.1345 26.0257 25.8745 22.763 22.7699 22.7871 22.4903 23.0414 22.9895 22.5472 21.8601 20.8469 20.277 19.8525 19.3353 18.5597 18.0567 18.1831 17.4648 17.0426 16.9464 16.9674 16.286 15.9814 15.6861 14.4252 13.9292 12.1543 10.606 10.2234 9.6176 9.1582 8.5832 8.2575 8.0655 6.2526 5.4423 5.6273 5.8007 5.0575 3.1377 2.3259 1.9671 1.6175 1.2104 1.0819 0.7263 0.269 0.2354 0.2491 0.3222 0.4632 0.4579 0.4515 0.4516 0.4473 0.4485 0.4474 0.4457 0.4579 0.5042 0.5081 0.5264 0.5002 0.5144 0.4823 0.4782 0.4095 0.6354 0.7338 0.7796 0.9108 3.7034 9.2574 9.2824 9.3116 9.7249 9.7476 9.7708 9.7933 10.4298 10.9249 10.9228 10.9203 10.9176 11.2617 12.0815 14.7151 14.8115 20.3022 24.0782 34.1533 34.2749 34.385 36.9408 36.981 37.0179 37.051 37.08 39.3287 39.3436 40.9539 41.2189 43.2509 43.3201 44.8911 44.942 48.3055 48.3159 48.3253 48.3337 48.3411 48.5054 
26.5552 26.5507 26.5435 27.6361 27.5758 27.4865 27.3488 27.1271 26.7557 26.1246 23.3589 23.4915 23.8654 23.0701 22.1679 21.598 20.9877 20.4681 20.0408 19.1918 18.8179 18.9756 18.3467 17.9546 17.7693 17.7911 17.3692 17.1544 15.8275 15.0093 14.3436 12.5739 11.4037 10.3626 10.7741 9.8076 8.931 8.7059 8.3849 7.1003 6.8357 7.474 6.8473 6.1262 3.7479 2.029 1.622 1.2111 1.1269 0.783 0.274 0.2721 0.2425 0.2502 0.3854 0.4638 0.4578 0.4512 0.4526 0.4477 0.4474 0.4459 0.4577 0.5043 0.5074 0.5468 0.5281 0.5143 0.4828 0.4794 0.4107 0.4877 0.6426 0.7771 0.9085 3.7329 9.2721 9.2946 9.3201 9.728 9.7471 9.7664 9.7851 10.4951 10.923 10.9213 10.9193 10.9171 10.9149 12.0887 11.5814 14.7723 20.2138 23.9804 29.2996 34.241 34.3401 36.9321 36.968 37.0012 37.0315 37.0584 39.3229 39.3365 40.9394 41.2073 43.1298 43.2964 44.8713 44.9182 48.3018 48.3114 48.3201 48.3281 48.3352 48.3415 
28.2254 28.2346 28.2463 28.2614 28.2816 28.3094 28.3495 28.0878 28.1709 29.0531 28.8595 27.7317 25.5701 24.7776 23.3132 22.8746 22.3234 21.5687 20.8495 21.0519 20.6836 19.6286 19.691 19.416 19.2478 18.974 18.2763 18.627 18.4898 16.7029 15.0734 13.8466 13.2096 12.1175 11.7469 11.8597 11.2998 9.8639 9.689 8.7657 7.0364 7.7697 7.8385 7.2383 6.8739 4.5957 1.7055 1.2066 1.1483 1.0969 0.5615 0.2746 0.2387 0.245 0.3168 0.4638 0.4579 0.4515 0.4521 0.453 0.4473 0.4461 0.445 0.5044 0.507 0.5095 0.5481 0.4977 0.5127 0.4801 0.4774 0.4092 0.6407 0.816 0.9067 3.7554 9.2835 9.3037 9.7143 9.7299 9.7461 9.7624 9.7782 10.4918 10.4973 10.9199 10.9183 10.9165 10.9146 12.0942 12.0856 14.7424 14.8113 20.4079 29.2264 34.214 34.3035 36.9254 36.9575 36.9875 37.0152 37.0401 39.3182 39.3307 39.3422 40.9674 43.1043 43.2768 43.3314 44.8979 46.6606 48.3076 48.3158 48.3233 48.33 48.3361 
28.393 28.4355 31.0216 31.0849 31.4778 31.5727 32.015 32.2281 32.6017 33.3679 34.458 36.9451 30.956 26.4043 25.4305 24.1782 23.7182 24.4132 26.7695 22.801 22.2335 27.2301 21.2737 20.4123 21.8057 26.0308 22.0511 19.2885 18.9197 20.7847 20.7368 18.2254 14.8655 14.9913 15.4372 12.8766 11.7868 12.3366 10.4539 9.7474 7.9388 7.9534 8.0368 8.0774 8.0995 6.585 4.3687 1.2013 1.1589 1.1198 0.7932 0.2761 0.2752 0.2416 0.3125 0.3981 0.458 0.4578 0.4518 0.4525 0.4469 0.4462 0.4452 0.5045 0.5067 0.5088 0.5472 0.4971 0.5127 0.4807 0.4783 0.4101 0.6393 0.8142 2.0203 4.9125 9.2925 9.3106 9.7174 9.7309 9.7449 9.7589 9.7724 10.4889 10.4938 10.9188 10.9174 10.9159 10.9144 11.7886 12.0906 14.7193 14.7812 20.3276 24.0463 34.1924 34.2734 34.348 36.949 36.9762 37.0015 37.0246 37.0454 39.3259 39.3366 40.9548 41.2139 43.1567 43.3105 44.8807 44.918 48.3044 48.312 48.3191 48.3255 48.3313 
31.141 31.8288 31.89 31.9721 32.0853 32.2464 32.484 33.8375 35.9711 36.311 37.1017 39.8513 33.335 31.5808 26.7131 26.5325 24.5838 25.7834 26.8977 30.535 28.5762 27.0632 22.4529 28.1055 26.0068 21.8543 22.895 23.562 20.966 21.8003 22.4417 22.1661 20.3767 18.8203 20.5713 15.0021 16.2001 18.8621 11.9987 10.5006 9.2719 8.8322 8.6912 8.1584 8.1523 8.1512 6.5139 2.7622 1.1643 1.1338 1.1075 0.5716 0.2761 0.2393 0.3095 0.3138 0.458 0.4578 0.4731 0.4522 0.4467 0.4462 0.4454 0.5046 0.5065 0.5083 0.5465 0.548 0.5127 0.4811 0.479 0.477 0.6383 0.8129 2.0309 4.9267 9.2995 9.3157 9.7197 9.7315 9.7436 9.7557 9.7674 10.4865 10.4908 10.9178 10.9167 10.9154 10.914 10.9127 12.0946 14.1234 14.7572 20.2634 23.9785 29.2949 34.2487 34.3169 36.942 36.9668 36.99 37.0114 37.0309 39.3219 39.3318 40.9444 40.9762 43.1338 43.2929 43.3369 44.9007 48.3016 48.3088 48.3154 48.3215 48.3271 
32.6323 32.6887 32.7612 32.8562 35.4988 35.54 35.5938 35.6657 35.7632 35.8877 35.9652 35.5051 32.3711 29.1617 27.6193 27.9772 27.0592 25.6323 28.0744 35.3887 27.4048 25.4108 33.5031 25.935 27.6789 27.5506 32.4719 27.8134 23.1456 22.3644 23.6745 26.7591 24.3872 24.4929 19.6986 23.4045 16.1819 16.6184 13.6187 10.8248 10.2562 9.3191 9.1797 8.8395 8.8506 8.1897 8.1808 5.6401 2.7553 1.1426 1.1209 0.5826 0.2768 0.3432 0.2408 0.3112 0.3971 0.4578 0.4732 0.4519 0.4524 0.4462 0.4455 0.4448 0.5064 0.508 0.5095 0.5473 0.4957 0.4813 0.4794 0.4777 0.5573 0.6423 0.8165 6.7264 9.305 9.7112 9.7212 9.7316 9.7422 9.7528 9.763 10.4845 10.4882 10.917 10.916 10.9149 10.9137 10.9125 11.7889 12.0919 14.7379 20.2119 20.3935 29.1827 34.2282 34.2908 36.9364 36.9589 36.9802 37.0001 37.0183 39.3187 39.3279 39.3365 40.9652 43.1145 43.1743 43.3186 44.8857 46.6478 48.306 48.3122 48.318 48.3233 
32.7071 35.3952 35.4109 35.429 35.4498 35.4733 35.4985 35.5215 35.5292 35.4806 35.2574 33.6345 32.593 31.6856 30.0248 28.5836 27.5958 26.3995 28.7493 32.2348 40.0213 28.6197 34.9178 36.8462 26.8076 32.4319 32.4827 34.8184 25.9588 29.1816 27.2196 26.3062 29.8263 35.2547 26.77 23.1008 17.5715 16.2141 15.4876 11.7513 10.4569 10.2363 9.3714 9.2935 9.2609 8.8984 8.9026 8.1971 5.7548 2.4352 1.1302 0.5906 0.2772 0.3434 0.344 0.3092 0.3951 0.4579 0.4732 0.4734 0.4521 0.4462 0.4456 0.445 0.5063 0.5077 0.509 0.5468 0.5478 0.4815 0.4798 0.4782 0.4768 0.6413 0.8153 6.7467 9.3094 9.7134 9.7223 9.7315 9.7409 9.7502 9.7592 10.4827 10.486 10.9162 10.9153 10.9144 10.9134 10.9124 10.9113 12.095 14.1457 14.7653 20.3352 29.13 34.2112 34.2687 36.9317 36.9523 36.9719 36.9903 37.0074 37.023 39.3245 39.3326 40.9561 43.0982 43.1538 43.3029 44.8747 44.901 48.3036 48.3094 48.3149 48.32 
35.3606 35.3697 35.3794 35.3892 35.3983 35.4049 35.4052 35.3908 35.3444 36.1605 35.0179 35.2257 35.4606 39.4575 36.4962 31.5302 32.0039 34.5402 34.6135 35.2756 38.7497 42.4485 44.6536 41.3015 37.6052 40.3984 44.1002 39.7126 38.3934 41.9712 33.742 33.3741 36.1012 32.9617 30.1307 24.2705 18.9467 19.02 15.7923 13.0421 10.5204 10.3688 10.2722 9.3944 9.3447 9.3178 8.9253 8.9257 7.3854 5.7501 2.4122 1.1232 0.5842 0.2769 0.3441 0.3077 0.3103 0.3963 0.4577 0.4734 0.4518 0.446 0.4456 0.4451 0.5063 0.5075 0.5087 0.5463 0.5473 0.4948 0.4801 0.4787 0.4773 0.5591 0.8143 7.8909 9.3129 9.715 9.723 9.7313 9.7396 9.7479 9.7559 10.4811 10.484 10.9155 10.9148 10.9139 10.9131 10.9122 10.9112 11.789 12.0928 14.7492 20.287 23.9712 34.197 34.25 34.2998 36.9468 36.9649 36.9819 36.9979 37.0126 39.3217 39.3292 39.3363 40.9725 43.1363 43.1858 43.323 44.8879 46.6494 48.307 48.3122 48.317 
35.339 35.3437 35.3477 35.35 35.3492 35.3426 36.3082 36.3294 38.1452 36.5636 35.6582 36.4535 37.7061 41.1009 38.9973 36.4377 38.904 44.5811 46.3824 45.903 45.3238 44.7798 42.9316 45.1887 44.9836 44.6539 45.0307 45.394 44.44 43.0297 39.1093 36.2639 33.4078 31.984 29.9975 24.4066 22.6427 18.5808 14.0327 13.2382 12.9857 10.4328 10.3532 9.4593 9.4064 9.3721 9.3509 9.3383 8.9408 7.3614 4.2175 2.3966 0.5897 0.2772 0.3442 0.3446 0.3089 0.3949 0.4577 0.4734 0.4736 0.452 0.4456 0.4451 0.4925 0.5073 0.5084 0.546 0.5469 0.5163 0.4803 0.479 0.4778 0.5588 0.8135 7.7605 9.7093 9.7163 9.7235 9.7309 9.7383 9.7457 9.7529 10.4797 10.4824 10.9149 10.9143 10.9135 10.9127 10.9119 10.9111 11.7896 12.0953 14.1598 20.2469 20.3795 29.1784 34.2341 34.2803 36.9421 36.9588 36.9746 36.9896 37.0034 39.3193 39.3264 39.333 40.9644 43.1212 43.1676 43.309 44.8781 46.6389 48.3049 48.3098 48.3144 
35.3177 35.3186 36.3034 36.3167 36.3343 36.3584 36.3935 36.6715 36.6836 35.6634 36.0686 36.8522 37.1444 37.7201 38.6229 39.8203 46.0243 46.9755 47.8101 45.279 45.5794 44.6765 43.8379 44.7379 44.7482 45.0992 44.902 44.7357 42.8811 42.4474 38.3116 37.1438 34.8134 31.25 30.5503 28.3495 23.2181 22.4164 17.2332 13.3206 13.123 11.3811 10.4016 10.3553 9.4494 9.4136 9.3886 9.3717 9.3605 8.9513 7.4293 4.1782 2.1626 0.5854 0.3444 0.3446 0.3078 0.3937 0.3958 0.4734 0.4735 0.4518 0.4456 0.4452 0.4925 0.5072 0.5082 0.5091 0.5465 0.5472 0.4804 0.4792 0.4781 0.4771 2.1502 7.7612 9.7109 9.7172 9.7237 9.7304 9.7371 9.7437 9.7502 10.4784 10.4809 10.9144 10.9138 10.9131 10.9124 10.9117 10.911 10.9103 11.7891 14.1463 14.7562 20.3356 29.1379 34.2205 34.2634 36.9381 36.9535 36.9683 36.9823 36.9953 37.0075 39.3239 39.3302 40.9574 43.1082 43.1517 43.1934 44.8626 46.6296 48.303 48.3077 48.312 
36.3109 36.3232 36.3387 36.3586 36.3852 36.4218 36.6944 36.7149 35.6072 35.84 36.2137 35.4605 35.1426 38.0853 40.0493 45.4913 46.1742 46.951 46.9416 47.3479 47.1791 45.6381 45.4342 45.1936 44.9454 45.1766 45.2621 44.9764 44.3682 41.9643 40.9307 37.8516 36.8715 30.7575 30.3638 28.5599 23.4823 22.8783 17.4599 13.3515 13.1998 13.0812 10.4309 10.391 10.3616 9.4442 9.4183 9.3993 9.3856 9.376 9.3694 5.5129 4.1507 2.1448 0.3445 0.3447 0.3449 0.3087 0.3947 0.4795 0.4735 0.4736 0.4517 0.4452 0.4449 0.5071 0.508 0.5088 0.5462 0.5469 0.5157 0.4794 0.4784 0.4775 2.1522 7.7617 9.7121 9.7179 9.7239 9.7299 9.736 9.7419 9.7478 10.4773 10.4795 10.9139 10.9134 10.9128 10.9122 10.9115 10.9109 10.9102 11.7896 12.0955 14.7446 20.2982 29.1031 34.2088 34.2488 34.2866 36.949 36.9628 36.9759 36.9882 36.9997 39.3218 39.3277 39.3333 40.9704 43.1379 43.1771 44.849 44.8797 46.6406 48.3058 48.3099 
36.3362 36.3522 36.3722 36.3979 36.4318 36.6974 36.7169 36.7521 35.6993 35.9123 36.2082 35.1833 37.183 39.9979 45.255 46.2439 46.8915 46.9651 47.1512 47.5728 47.7249 46.7699 45.4197 45.1757 44.873 45.1594 45.2609 45.3146 44.262 44.1806 40.782 37.9376 37.1827 36.655 30.1916 28.6344 27.3865 23.1466 21.8086 17.2738 13.2421 13.1434 11.4113 10.4152 10.3884 10.3683 9.4411 9.4216 9.4067 9.3955 9.3872 9.3811 5.2695 4.1314 1.8217 0.3448 0.3449 0.3078 0.3938 0.4794 0.4735 0.4736 0.4517 0.4453 0.4449 0.4931 0.5078 0.5086 0.5459 0.5466 0.5157 0.4796 0.4787 0.4778 2.0708 6.5437 9.7131 9.7184 9.7239 9.7294 9.7349 9.7403 9.7456 10.4763 10.4783 10.9135 10.913 10.9125 10.9119 10.9113 10.9107 10.9101 11.79 12.0972 14.1572 19.6899 20.3671 29.1722 34.2361 34.2715 36.9451 36.958 36.9702 36.9818 36.9927 39.32 39.3256 39.3309 40.9642 43.1258 43.1628 43.1983 44.8661 46.6324 48.3041 48.308 
36.3599 36.3789 36.4025 36.4325 36.6922 36.7089 36.7346 35.6056 35.7419 35.9201 34.6269 36.5638 40.114 45.7205 46.0475 46.4262 46.9179 46.9954 47.1312 47.3096 47.118 46.8172 45.8827 45.2835 44.7973 45.4817 45.209 45.2923 44.8079 44.1414 42.9106 41.7157 37.3442 36.897 30.0486 28.6436 27.6017 23.3058 23.0199 17.4046 13.265 13.1834 12.3363 11.3869 10.408 10.389 10.3746 9.4393 9.4241 9.412 9.4027 9.3955 9.39 5.231 2.1913 1.8099 0.345 0.3072 0.393 0.3945 0.4796 0.4736 0.4736 0.4453 0.445 0.4931 0.5077 0.5084 0.5091 0.5463 0.5468 0.4797 0.4789 0.478 2.0701 6.5361 9.7139 9.7188 9.7238 9.7288 9.7338 9.7388 9.7436 10.4754 10.4773 10.9131 10.9126 10.9121 10.9116 10.9111 10.9106 10.91 10.9095 11.7895 15.2387 19.6567 20.3328 29.1401 34.225 34.2583 36.9417 36.9537 36.9652 36.9762 36.9865 36.9962 39.3237 39.3287 39.3335 43.1153 43.1502 43.1837 44.8539 44.8802 46.6415 48.3064 
36.3813 36.4025 36.4286 36.6839 36.6978 36.7172 35.5392 35.6334 35.7514 35.8948 34.5008 39.8247 42.8873 45.9889 46.2423 46.5213 46.9278 46.9895 47.0706 47.148 46.8499 46.7517 46.4921 45.7112 45.234 45.495 45.3055 45.2804 44.8001 43.5721 43.3365 41.7726 37.418 37.0505 29.9329 28.6233 27.7243 27.2218 23.1661 21.8829 13.2766 13.209 13.1506 12.2949 11.3751 10.4049 10.391 10.3802 9.4382 9.4259 9.416 9.4081 9.4019 7.1271 3.9803 1.8649 1.8015 0.3451 0.3078 0.3938 0.4795 0.4735 0.4736 0.4515 0.445 0.4931 0.5076 0.5083 0.5089 0.5461 0.5466 0.5153 0.479 0.4782 2.0695 6.5294 9.7146 9.719 9.7236 9.7282 9.7328 9.7374 9.7418 10.4746 10.4763 10.9127 10.9123 10.9119 10.9114 10.9109 10.9104 10.9099 10.9094 11.7898 12.0971 19.6282 20.3031 29.1122 34.2154 34.2466 36.9387 36.95 36.9608 36.9712 36.981 36.9902 39.3221 39.3268 39.3314 43.106 43.139 43.1708 43.2013 44.8681 46.6341 48.3048 
36.3999 36.6656 36.6747 36.6862 36.7013 36.7214 35.5586 35.6421 35.7414 35.8551 39.6443 42.7158 45.989 46.1548 46.3541 46.8889 46.9244 46.9684 47.0165 47.0549 46.7064 46.6927 46.5322 45.8109 45.291 45.8778 45.5163 45.2732 44.7951 44.7569 43.3382 41.7991 41.4863 37.1437 38.6174 28.5907 27.7933 27.3831 23.2657 22.0491 17.3912 13.2253 13.1749 12.3422 12.2716 10.4172 10.404 10.3934 9.4495 9.4374 9.4274 9.4191 9.4124 9.4069 5.2763 3.9461 1.8497 0.3451 0.3073 0.3932 0.4794 0.4735 0.4736 0.4515 0.445 0.4931 0.4935 0.5081 0.5087 0.5459 0.5464 0.5153 0.4791 0.4784 2.0691 6.5235 9.7151 9.7192 9.7234 9.7276 9.7319 9.736 9.7401 10.4739 10.4754 10.4769 10.912 10.9116 10.9112 10.9107 10.9103 10.9098 10.9094 10.9089 11.7894 15.2469 19.6976 25.5128 29.1656 34.2362 34.2642 36.9467 36.9569 36.9667 36.9759 36.9847 36.993 39.3252 39.3295 40.9643 43.1291 43.1593 43.1883 44.8573 46.6275 48.3035 
36.6576 36.6655 36.6752 36.6871 36.7023 35.504 35.5661 35.6385 35.7209 37.7549 42.6054 46.0083 46.1201 46.2594 46.4188 46.8867 46.9143 46.9449 46.9746 46.996 46.6183 46.6484 46.5423 45.8606 45.7281 45.2491 45.5182 45.3752 44.7906 44.7596 43.5442 41.8091 41.5566 37.1979 38.7198 28.5541 27.8303 27.4913 27.1872 23.1923 21.9377 13.2355 13.192 12.3772 12.3132 11.398 10.4145 10.4043 10.3959 9.4469 9.437 9.4286 9.4215 9.4157 9.4109 5.2464 3.9198 1.838 0.3453 0.3927 0.3938 0.4796 0.4735 0.4736 0.4513 0.4448 0.4934 0.508 0.5085 0.509 0.5462 0.5466 0.515 0.4786 2.0687 6.5183 9.7154 9.7193 9.7232 9.7271 9.731 9.7348 9.7386 9.7422 10.4746 10.476 10.9117 10.9113 10.9109 10.9106 10.9101 10.9097 10.9093 10.9089 11.7897 15.2406 19.6706 20.3289 29.1397 34.2271 34.2535 36.9438 36.9534 36.9626 36.9714 36.9798 36.9877 39.3237 39.3278 39.3317 43.1204 43.149 43.1766 43.2031 44.8692 46.6351 
36.6568 36.6649 36.6746 36.6865 36.701 35.5104 35.5654 35.6274 37.6446 39.7443 46.032 46.1105 46.2095 46.3264 46.4556 46.8811 46.902 46.9235 46.9427 46.9557 46.5591 46.6153 46.541 46.4688 45.7738 45.2754 46.0785 45.5828 44.7863 44.7608 43.5618 41.8099 41.6026 37.2273 37.0437 33.9571 27.8481 27.5644 27.3043 27.0755 22.052 17.1036 13.2039 13.1698 12.3454 12.295 11.3923 10.4132 10.4051 10.3984 9.445 9.4366 9.4295 9.4235 9.4184 9.4141 3.988 3.8994 1.8978 0.3073 0.3933 0.4795 0.4735 0.4736 0.4513 0.4448 0.4934 0.5079 0.5084 0.5089 0.546 0.5464 0.515 0.4787 0.4781 6.5137 9.7157 9.7193 9.7229 9.7265 9.7301 9.7337 9.7372 9.7405 10.4739 10.4751 10.9114 10.9111 10.9107 10.9104 10.91 10.9096 10.9092 10.9089 11.79 11.7894 19.6469 19.7271 29.1167 34.219 34.244 36.9412 36.9503 36.959 36.9674 36.9754 36.9829 39.3224 39.3263 39.33 43.1126 43.1398 43.1661 43.1914 44.8594 46.6291 
36.6556 36.6636 36.6731 36.6844 35.4679 35.511 35.5592 37.5675 39.6396 42.6815 46.1123 46.1845 46.2711 46.3697 46.8586 46.8738 46.8897 46.9051 46.9181 46.5181 46.6382 46.5901 46.5356 46.4812 45.8005 46.4331 46.108 45.5829 45.377 44.7607 43.5732 43.4483 41.6329 41.468 37.0836 38.6671 27.8542 27.6141 27.39 27.1885 22.1396 17.1544 13.2123 13.182 12.3702 12.3241 12.2837 11.3894 10.4128 10.4062 10.4007 9.4435 9.4365 9.4304 9.4251 9.4206 7.4522 3.9609 3.8835 1.8511 0.3928 0.4098 0.4796 0.4735 0.4734 0.4448 0.4934 0.4937 0.5083 0.5087 0.5458 0.5462 0.5151 0.4788 0.4783 6.5097 9.7159 9.7193 9.7226 9.726 9.7293 9.7326 9.7359 9.739 10.4732 10.4744 10.9112 10.9109 10.9106 10.9102 10.9099 10.9095 10.9092 10.9088 10.9084 11.7896 15.2472 19.7017 25.5186 29.1592 34.2354 34.2581 36.9475 36.9557 36.9637 36.9713 36.9785 36.9854 39.325 39.3285 39.332 43.1315 43.1566 43.1807 44.8506 44.8696 
36.6539 36.6617 36.6707 35.4344 35.4691 35.5075 37.5121 39.565 42.6149 46.1191 46.1733 46.2386 46.3141 46.3977 46.8539 46.866 46.8782 46.8895 46.8986 46.4859 46.6073 46.5704 46.5289 46.4868 45.8152 46.4635 46.13 46.1583 45.377 45.077 43.5801 43.4736 41.6528 41.5121 37.1091 38.7236 27.853 27.6476 27.4534 27.2756 27.1174 22.0629 17.0963 13.1911 12.3894 12.3472 12.3096 12.2767 10.4192 10.4129 10.4074 10.4029 9.4424 9.4363 9.431 9.4265 9.4225 5.2196 3.9391 1.9205 0.3925 0.3934 0.4105 0.4735 0.4735 0.4511 0.4934 0.4937 0.5082 0.5086 0.5457 0.5461 0.5464 0.5327 0.4784 6.5062 9.7161 9.7192 9.7223 9.7255 9.7286 9.7316 9.7346 9.7376 10.4726 10.4737 10.911 10.9107 10.9104 10.9101 10.9097 10.9094 10.9091 10.9087 10.9084 11.7898 15.2422 19.6793 25.4884 29.1378 34.2277 34.2493 36.945 36.9528 36.9604 36.9676 36.9746 36.9811 39.3238 39.3272 39.3305 43.1242 43.148 43.1711 43.1934 44.8608 