ncols 99 
nrows 65 
xllcorner 159477.080994
yllcorner 383838.233002
cellsize 0.25
nodata_value -9999 
46.5998 46.6051 46.6107 46.6167 46.623 46.6297 46.6367 47.2615 47.2631 47.265 45.0872 44.9993 45.0012 45.003 45.0046 45.006 43.2705 43.2391 39.3371 42.9153 42.8938 38.7095 34.2829 30.1267 28.9766 27.9218 27.9054 26.2733 26.1722 21.4023 20.6064 20.5877 19.0798 19.0934 18.8014 19.2971 19.2826 19.1732 17.9364 17.338 17.5897 16.9795 16.9481 16.3109 15.1038 15.0417 15.1715 15.1667 14.665 14.7405 14.8225 14.8119 14.8762 14.8862 15.1578 15.2546 15.2644 15.2748 15.285 15.2937 15.3003 15.3044 15.3063 15.3064 15.3052 15.3031 15.3006 15.2133 14.5637 14.5563 14.4054 14.396 14.3877 14.3804 14.374 14.5432 14.54 14.5371 14.5344 14.532 14.5299 14.21 21.5697 28.7312 42.8168 48.8396 49.4124 49.4124 49.4124 49.4124 49.4125 49.4125 49.4125 49.4125 49.4125 49.4125 49.4289 49.429 49.4291 
46.5965 46.6019 46.6078 46.6139 46.6205 46.6274 46.6347 47.2597 47.2612 47.2631 47.2653 45.0788 45.005 45.0071 45.009 45.0107 43.2943 43.2611 39.3716 42.9267 42.9029 38.7493 38.6483 30.1353 28.9933 28.972 27.9205 27.4227 26.2035 21.4043 20.6109 20.5895 19.0791 19.0946 18.3385 19.3046 19.2877 19.2703 19.1543 17.9507 17.606 17.5774 16.9582 16.9016 15.107 15.0971 15.1705 15.1647 14.669 14.6593 14.8272 14.8148 15.1709 14.8815 15.1484 15.2522 15.2647 15.2786 15.2921 15.3034 15.3113 15.3155 15.3165 15.3153 15.3126 15.3092 15.221 14.5765 14.5671 14.4144 14.4031 14.3933 14.3847 14.5506 14.5464 14.5427 14.5395 14.5365 14.5339 14.2145 14.2103 14.2065 28.6127 42.7745 48.8383 48.8413 49.4124 49.4125 49.4125 49.4125 49.4125 49.4125 49.4126 49.4126 49.4126 49.4126 49.429 49.4291 49.511 
46.0774 46.5985 46.6045 46.6109 46.6177 46.6249 46.6325 46.6405 47.2592 47.261 47.2632 45.0904 45.0091 45.0115 45.0137 45.0157 45.0174 43.2866 43.247 39.3509 42.9139 38.584 38.6866 34.2724 30.1454 28.9897 27.9383 27.9157 26.2431 26.3414 21.3947 20.5922 19.0774 19.0954 19.1141 18.2549 19.2941 19.2733 19.156 17.9535 17.364 17.5945 16.972 16.9086 15.7793 15.1002 15.1698 15.1624 14.8899 14.6641 14.7496 14.8197 15.1617 14.8744 15.134 15.2479 15.2643 15.2834 15.3023 15.3174 15.3267 15.3302 15.3293 15.3258 15.321 15.2311 14.5928 14.5804 14.425 14.4111 14.3993 14.5603 14.5547 14.5499 14.5456 14.5419 14.5386 14.2196 14.2146 14.2101 14.2061 21.3762 36.0981 48.8366 48.84 49.4125 49.4125 49.4125 49.4126 49.4126 49.4126 49.4126 49.4126 49.4126 49.4126 49.429 49.4292 49.4293 49.5111 
46.0818 46.0857 46.601 46.6076 46.6147 46.6221 46.63 46.6384 47.2569 47.2587 47.2609 45.1034 45.0133 45.0161 45.0188 45.0211 45.0232 43.3165 43.2742 39.3935 42.9271 42.8958 38.7341 34.2933 30.157 29.0108 27.9594 27.9342 26.2935 26.1396 21.3964 20.596 19.0745 19.0954 19.1174 18.2735 19.3024 19.2771 19.158 17.956 17.9759 17.6174 16.9913 16.934 15.7802 15.105 15.1694 15.1599 15.1509 14.6712 14.745 14.8277 14.8059 15.1574 14.8872 15.2402 15.262 15.2899 15.3179 15.3388 15.349 15.3499 15.3452 15.3379 14.6333 14.614 14.4584 14.4375 14.4202 14.2331 14.5656 14.559 14.5534 14.5486 14.2328 14.2256 14.2195 14.2141 14.2093 14.2052 21.2674 35.9886 48.8343 48.8382 48.8418 49.4126 49.4126 49.4126 49.4126 49.4127 49.4127 49.4127 49.4127 49.4127 49.4127 49.4292 49.4293 49.5111 49.5111 
46.0864 46.0909 46.5972 46.604 46.6113 46.6191 46.6273 46.636 47.2543 47.256 47.2582 45.1182 45.0929 45.021 45.0241 45.027 45.0295 45.0316 43.3064 39.4444 39.3638 42.9078 39.8063 34.3194 30.1701 29.0361 29.0041 27.9567 27.4625 26.1826 21.3991 20.6015 20.5674 19.0941 19.1205 18.2006 18.2629 19.2823 18.6546 17.958 17.983 17.6486 17.5957 16.9479 15.7817 15.1124 15.0929 15.1573 15.145 14.8001 14.664 15.0316 14.8143 15.1392 14.8774 15.2263 15.2553 15.2987 15.3444 15.3742 15.3825 15.3763 15.2876 14.6713 14.6427 14.4801 14.4524 14.2602 14.5808 14.5712 14.5634 14.5569 14.2418 14.2327 14.225 14.2184 14.2128 13.6392 13.6286 13.6194 28.8042 48.8315 48.8358 48.84 48.8439 49.4126 49.4127 49.4127 49.4127 49.4128 49.4128 49.4128 49.4128 49.4128 49.4292 49.4293 49.5111 49.5111 49.6195 
46.0913 46.0963 46.1009 46.6002 46.6077 46.6157 46.6242 46.6333 46.6429 47.2531 47.2551 47.2577 45.1077 45.0262 45.0299 45.0333 45.0364 45.039 45.041 43.2891 39.4177 39.3175 38.5901 38.7021 34.2766 30.1867 29.0315 27.9844 27.9466 26.2405 25.5908 21.3819 20.5684 19.091 19.1227 18.2521 18.2883 19.2898 18.6563 17.9585 17.9908 17.4349 17.6294 16.9698 16.8557 15.778 15.1006 15.1551 15.1374 14.8809 14.6795 15.0356 14.8303 14.7839 14.8578 14.7199 15.2376 15.3113 15.3963 15.4385 15.4335 15.3348 14.7296 14.6834 14.5079 14.3035 14.2729 14.5883 14.5767 14.5676 14.2528 14.2409 14.2311 14.223 14.2162 13.6442 13.6315 13.6206 13.6112 21.2846 42.4008 48.8328 48.8375 48.842 48.8462 49.4127 49.4128 49.4128 49.4128 49.4128 49.4129 49.4129 49.4129 49.4129 49.4293 49.4295 49.5112 49.6196 49.6194 
46.0964 46.1021 46.1074 46.1121 46.6038 46.6121 46.6209 46.6303 46.6403 47.2498 47.2517 47.2542 45.1246 45.0316 45.036 45.0401 45.0438 45.0471 45.0498 43.331 39.4839 39.3726 38.5993 39.5548 34.3078 30.2056 29.0655 28.0189 27.9752 26.3193 26.06 21.3837 20.5711 19.0846 19.1235 19.1654 18.323 18.2634 18.6581 17.7698 17.9989 17.5777 17.6798 17.0054 16.8748 15.7802 15.1147 15.1544 15.1273 15.1059 14.8049 15.0459 14.7708 14.7984 15.0839 14.7426 15.1918 15.327 15.5256 15.5651 14.9499 14.8286 14.7439 14.3832 14.3254 14.6138 14.595 14.5813 14.266 14.2501 14.2375 14.2274 13.8474 13.6489 13.6334 13.6204 13.6095 13.6004 21.1314 42.145 48.8289 48.8343 48.8394 48.8443 49.4128 49.4128 49.4129 49.4129 49.4129 49.413 49.413 49.413 49.413 49.4294 49.4295 49.5112 49.5112 49.6194 49.6193 
46.1018 46.1082 46.1143 46.1198 46.5996 46.6082 46.6174 46.6271 46.6374 46.6484 47.2478 47.2501 45.1438 45.1113 45.0425 45.0474 45.052 45.0561 45.0595 45.0621 41.4422 39.4423 39.2995 38.575 34.3486 30.2278 29.1084 29.0548 28.012 27.8855 26.1196 21.3879 20.5767 20.5138 19.1212 19.1751 18.372 18.2977 19.2456 18.5843 18.0059 17.6191 17.5046 17.6305 16.8844 15.712 15.7719 15.0884 15.114 15.0771 14.7991 15.2732 14.8865 14.7433 14.9731 14.902 15.0852 15.3012 15.9739 15.3852 15.0199 14.5691 14.4271 14.3434 14.6202 14.5982 14.2806 14.2588 14.2426 13.8639 13.8505 13.6522 13.6331 13.6176 13.6049 13.5945 13.5859 20.9431 34.5195 48.824 48.8301 48.836 48.8416 48.8469 49.4129 49.413 49.413 49.413 49.413 49.4131 49.4131 49.4131 49.4131 49.4296 49.5113 49.5113 49.6195 49.6193 49.6191 
46.1073 46.1147 46.1217 46.1281 46.1337 46.6041 46.6136 46.6237 46.6343 46.6456 47.2436 47.2455 47.2483 45.1304 45.0493 45.0552 45.0609 45.066 45.0705 45.074 43.3625 39.5316 39.3688 38.5795 35.2061 34.2778 30.2598 29.1027 28.0604 27.9861 26.2089 20.8048 21.3498 20.5045 19.1131 19.184 18.6985 18.3499 18.2301 18.5514 17.8269 18.0992 17.6227 17.7191 16.9096 15.7102 15.7754 14.9205 15.0998 15.0209 14.6214 14.8324 14.9219 14.8226 14.4669 14.8538 14.5119 14.5851 16.1491 15.3204 14.6614 14.4417 14.6467 14.6119 14.29 13.9101 13.883 13.8632 13.8482 13.6516 13.6281 13.6096 13.5951 13.5835 13.5743 13.5669 13.5609 27.9545 48.8178 48.8247 48.8315 48.838 48.8441 48.8498 49.413 49.4131 49.4131 49.4131 49.4132 49.4132 49.4132 49.4132 49.4296 49.4298 49.5114 49.6196 49.6193 49.6191 49.6189 
46.1129 46.1214 46.1295 46.137 46.1437 46.1493 46.6097 46.6201 46.631 46.6426 46.655 47.2403 47.2427 45.1525 45.0565 45.0636 45.0705 45.077 45.0827 45.0875 45.0909 41.4987 39.4613 39.2432 35.1984 34.3281 30.2959 29.167 28.1261 28.0341 27.8037 21.2443 20.0123 20.495 19.0936 19.1892 18.7552 18.4338 18.2659 18.4953 17.7843 18.1425 17.8517 17.9197 16.9726 15.7264 15.6995 15.2807 15.1148 14.8724 14.7072 14.6306 14.9142 15.1566 15.1443 13.7583 14.7361 13.7023 14.1218 14.2988 14.2584 14.228 13.915 13.8825 13.8602 13.8439 13.8316 13.822 13.6127 13.5915 13.5754 13.5633 13.5542 13.5472 13.5419 12.8348 26.9182 41.321 48.8179 48.8256 48.8331 48.8402 48.847 48.8532 49.4132 49.4132 49.4133 49.4133 49.4133 49.4133 49.4133 49.4133 49.4298 49.5114 49.5114 49.6194 49.6191 49.6189 49.6187 
46.1187 46.1285 46.1379 46.1468 46.1547 46.1614 46.1666 46.6165 46.6277 46.6395 46.6521 47.2345 47.2363 45.178 45.1356 45.0725 45.081 45.0891 45.0965 45.103 45.1079 41.579 39.5869 39.3284 38.5155 35.1933 30.3399 29.2552 29.1483 28.1025 27.8866 21.2937 20.8016 19.8865 19.1909 19.1829 18.8389 18.5789 18.3307 17.4659 17.6759 18.0268 18.0849 18.1056 17.7312 15.9362 15.6863 15.2676 15.2312 14.4282 15.168 14.6131 14.2824 15.1265 14.5881 13.5797 13.1909 13.2736 12.9772 13.0569 13.6006 13.7149 13.7568 13.7729 13.7794 12.778 12.743 12.7174 12.6987 12.6849 13.519 13.5142 12.8342 12.8305 12.8278 19.9375 34.0 47.5272 48.8179 48.8265 48.8349 48.8429 48.8503 49.4133 49.4133 49.4134 49.4134 49.4134 49.4134 49.4134 49.4134 49.4298 49.5115 49.5115 49.6194 49.6192 49.6189 49.6187 49.6185 
46.1244 46.1357 46.1467 46.1572 46.1668 46.175 46.1815 46.6131 46.6246 46.6365 46.6491 47.2283 47.2291 47.2312 45.1606 45.0818 45.0922 45.1024 45.1121 45.1208 45.1278 45.1327 39.7605 39.4525 36.1729 35.1632 29.9419 30.4214 29.2546 28.2053 28.0083 26.038 20.8785 19.9582 19.1077 19.1434 19.41 19.0192 18.4608 17.4273 16.9448 17.9276 18.5666 18.5664 17.6688 15.971 15.6966 15.099 16.3113 14.6861 14.7944 14.019 14.2267 14.7137 14.3107 13.1972 12.9297 12.7781 12.7213 13.1624 13.3022 13.2032 12.9811 12.8679 12.7923 12.7428 12.7103 12.6884 12.6735 12.6631 12.826 12.8222 13.8299 13.8415 15.3567 27.073 47.4943 47.5321 48.818 48.8277 48.8371 48.846 48.8542 49.4134 49.4135 49.4135 49.4136 49.4136 49.4136 49.4136 49.4136 49.4301 49.5116 49.6195 49.6192 49.6189 49.6187 49.6185 49.4843 
45.9806 45.9982 46.1559 46.1684 46.18 46.1902 46.1983 46.2038 46.6219 46.634 46.6464 46.6596 47.2211 47.222 45.1894 42.3984 45.1041 45.117 45.1297 45.1414 45.1516 45.1591 41.7061 39.6376 36.3031 31.6921 30.4645 30.5126 29.421 28.3708 28.0842 26.5457 21.0568 20.7579 19.5991 19.0125 19.47 19.4098 18.7455 17.8537 16.2005 17.414 18.9679 19.8188 17.1317 16.3191 15.8171 14.3931 14.5121 14.3874 14.2298 14.3799 14.2218 13.9804 12.9032 12.1261 12.4442 12.2272 12.1827 15.0421 13.6507 13.1565 12.9169 12.7904 12.7224 12.6847 12.6631 12.6502 13.7604 13.797 13.8179 15.313 15.3383 15.3588 21.9364 32.8989 47.4947 47.5375 48.818 48.829 48.8396 48.8496 48.8588 49.4136 49.4137 49.4137 49.4138 49.4138 49.4138 49.4138 49.4302 49.5117 49.5117 49.6193 49.6189 49.6187 49.6184 49.4845 49.4848 
45.9887 46.0088 46.029 46.1803 46.1945 46.2071 46.2174 46.2247 46.2283 46.6322 46.6444 46.6569 47.2125 47.2116 45.2227 42.4657 42.5075 45.1329 45.1494 45.1654 45.1801 45.192 41.8894 39.922 39.3297 31.7942 35.0054 30.159 29.6964 29.3941 28.2116 26.5844 21.2775 20.993 19.6153 18.7665 19.3319 20.5694 18.8253 16.4638 16.5741 16.3251 17.7078 18.0657 16.8852 16.2326 15.3697 14.4658 14.1099 14.1455 14.273 14.4155 14.1643 13.2125 12.5832 11.9458 11.373 11.8681 12.524 13.4717 13.1423 12.756 12.8763 12.8345 12.828 13.8432 13.9341 13.7635 15.2296 15.2785 15.315 15.343 15.365 15.3826 32.3383 40.5702 47.4948 47.5437 48.818 48.8306 48.8427 48.854 48.8642 49.4138 49.4139 49.4139 49.414 49.414 49.414 49.4139 49.5118 49.5118 49.6193 49.619 49.6186 49.6184 49.4848 49.4851 49.4854 
45.9961 46.019 46.0424 46.0658 46.2101 46.2259 46.2392 46.2488 46.254 46.2539 46.6436 46.6551 46.6673 47.2004 45.2614 45.1999 42.5928 42.649 42.6988 45.1933 45.2146 45.2337 45.2477 41.9233 39.6049 36.0719 31.5666 30.8788 31.0116 28.6566 28.4448 27.5429 21.939 21.4331 20.2544 18.0856 18.1184 21.0792 18.6665 15.68 16.2182 15.9738 17.1302 17.5134 17.2081 16.3626 15.1702 14.7172 14.1236 14.1424 14.087 14.4499 13.727 13.0014 11.8856 11.6615 11.5699 11.8547 12.1228 13.1271 12.7182 12.691 12.8573 12.9875 14.115 14.0506 15.1419 15.2287 15.2862 15.3263 15.3556 15.3778 15.395 20.5804 39.9966 47.4378 47.4944 47.5506 48.818 48.8326 48.8465 48.8593 48.8708 49.4141 49.4141 49.4142 49.4142 49.4142 49.4142 49.4306 49.5119 49.6194 49.619 49.6186 49.6183 49.4851 49.4855 49.4782 49.4781 
46.0022 46.0283 46.0555 46.0831 46.1103 46.2468 46.264 46.277 46.2844 46.2852 46.645 46.655 46.6651 47.1887 47.1833 45.2353 42.6802 42.7605 42.8391 42.9083 45.2565 45.2879 45.3152 42.313 40.1207 35.3609 31.711 30.3106 30.814 30.019 28.6457 26.9402 22.303 22.7555 20.6625 17.8295 17.8261 17.2031 15.1183 15.3406 15.3728 15.8409 16.3376 17.2945 17.2665 16.3785 15.3935 14.8391 14.1344 14.1434 14.0796 14.0714 13.1753 12.0673 11.7536 11.7321 12.0876 11.8415 12.7568 12.7447 11.2751 12.4419 13.3756 14.003 14.7644 15.2586 15.3622 15.4224 15.4612 15.4883 15.5086 15.5244 20.2898 39.4306 40.4332 47.4273 47.4931 47.5585 48.8179 48.835 48.8511 48.8658 49.4143 49.4144 49.4144 49.4144 49.4144 49.4144 49.4144 49.512 49.6195 49.619 49.6186 49.6182 49.4854 49.4859 49.4786 49.4785 49.4784 
46.0065 46.0361 46.0676 46.1003 46.1333 46.1648 46.2924 46.3099 46.3206 46.3228 46.3158 46.6577 46.6648 46.6724 47.1676 45.275 42.7652 42.8747 42.9913 43.1064 43.2065 43.2785 45.4155 42.9735 42.3327 38.9684 32.1235 27.1318 30.0931 34.826 29.0013 24.3489 22.005 22.8971 20.0411 18.2879 16.4259 16.6021 15.2995 14.7278 15.0402 15.5857 15.7455 16.4277 17.26 16.8731 15.6958 14.9018 14.1407 14.1456 14.1502 14.0707 12.7283 12.7725 12.0916 12.4008 13.0298 13.1864 14.123 13.8114 12.0509 13.0622 13.9831 15.1838 15.3881 15.463 15.4964 15.5163 15.5309 15.5428 15.5528 16.5166 27.7614 39.9126 46.537 47.3033 47.4905 47.5675 48.8178 48.838 48.8569 48.8738 49.4147 49.4147 49.4147 49.4147 49.4147 49.4147 49.5121 49.5121 49.6191 49.6185 49.4852 49.4858 49.4863 49.479 49.4789 49.4788 49.4597 
46.008 46.0414 46.0778 46.1166 46.1568 46.1962 46.2323 46.3488 46.3641 46.3683 46.3605 46.3408 46.6675 46.6704 47.1527 45.3197 45.2455 42.9832 43.1477 43.3275 43.5028 43.6511 43.8131 44.0874 43.4997 38.5676 33.5636 29.8504 28.5581 29.675 26.3427 22.969 21.122 21.0572 19.6372 18.5987 17.8999 15.7965 14.7335 14.3893 14.3024 14.8802 15.6252 15.7152 17.2533 16.153 15.7383 14.9358 15.3156 15.4397 17.0366 18.1385 19.1568 14.4234 15.1312 14.2362 13.8064 14.4277 15.5319 15.2405 14.8982 15.8905 15.877 15.8089 15.7024 15.6365 15.6058 15.5939 16.4847 16.5196 16.5493 27.071 33.8225 40.482 46.5236 47.2888 47.486 47.5778 48.8175 48.8418 48.8643 48.8839 49.4151 49.4151 49.415 49.415 49.415 49.415 49.5123 49.6192 49.6185 49.4856 49.4863 49.4869 49.4795 49.4794 49.4607 49.46 49.4594 
46.0059 46.043 46.0846 46.1305 46.1796 46.2296 46.2767 46.3159 46.4169 46.4241 46.415 46.3903 46.6746 46.6712 47.1399 47.1161 45.2791 43.0713 43.2911 43.5613 43.8652 44.1176 44.3454 45.2223 46.093 40.212 42.2286 26.0913 27.4667 27.1599 26.3055 23.4581 20.4831 19.9749 19.2864 18.6853 16.7556 14.8559 13.0191 13.2897 13.7363 14.1079 14.773 14.9592 16.2075 17.519 18.4652 19.8779 21.3738 21.4678 21.7537 21.3584 20.8388 20.1086 18.6736 17.2099 16.6663 16.2379 16.1403 15.8785 16.8695 17.5785 17.1467 16.5841 17.0562 17.1006 17.9893 18.1225 18.231 18.318 18.388 31.6515 37.9242 45.8106 46.5046 47.2685 47.4784 47.5897 48.8172 48.8469 48.8739 48.8969 49.4155 49.4155 49.4154 49.4154 49.4154 49.5124 49.6193 49.6185 49.486 49.4869 49.4802 49.4801 49.48 49.4612 49.4604 49.4596 49.3991 
45.9988 46.0392 46.086 46.1397 46.1997 46.2636 46.3263 46.3801 46.4168 46.4931 46.4819 46.4495 46.4005 46.6755 46.6655 47.1016 45.3118 43.1173 43.3848 43.7568 44.2834 44.9069 44.8265 45.9249 40.4475 35.0016 34.1624 30.5384 26.8751 26.5304 25.265 21.1878 20.3472 19.2657 18.8004 16.0197 15.489 14.4959 12.5862 12.9096 13.5825 13.8502 14.06 15.1876 18.3023 21.1914 21.539 21.4798 21.4067 21.4075 21.4943 21.4465 21.3372 20.5955 19.6178 19.3636 18.217 17.4801 16.7963 16.431 17.5586 18.4047 17.2562 16.8142 17.1892 17.587 17.867 18.0607 18.1992 18.3018 27.1283 36.5138 43.7129 45.7732 45.8543 46.5386 47.4659 47.6034 48.8166 48.8538 48.8868 49.4162 49.416 49.4159 49.4159 49.4158 49.4158 49.5126 49.6184 49.4865 49.4876 49.481 49.4808 49.4806 49.4617 49.4608 49.4011 49.3991 49.4487 
45.9852 46.0279 46.0791 46.1404 46.2129 46.2952 46.381 46.4572 46.5089 46.5275 46.5641 46.5197 46.4541 46.3779 46.6644 47.0941 45.3434 43.0989 43.3779 43.7886 44.4447 45.4947 45.5285 42.7071 37.9689 32.7937 32.6657 31.1232 26.8454 26.7984 25.3227 21.317 19.2651 18.6038 17.2804 16.0585 15.2156 14.8165 14.047 13.682 14.0285 14.3421 15.3044 16.8495 21.1163 21.2207 21.2084 21.4939 21.3821 21.2402 21.4111 21.7154 21.5408 20.751 20.0247 19.3754 19.2569 18.2649 19.4483 18.4902 20.0237 19.5383 13.8452 15.1479 16.7416 17.4479 17.8216 18.0486 18.2 18.3077 34.8607 37.4713 43.7057 43.7895 45.8135 46.5117 47.4454 47.6191 48.8156 48.8635 48.9045 49.417 49.4166 49.4164 49.4164 49.4163 49.5127 49.6184 49.4871 49.4886 49.4818 49.4817 49.4814 49.4623 49.4612 49.4013 49.399 49.4489 49.3439 
45.9638 46.0069 46.0603 46.1274 46.2122 46.3175 46.4382 46.5522 46.6261 46.6484 46.6234 46.6003 46.509 46.4104 46.3165 46.6432 45.3746 45.2661 43.2454 43.5735 44.023 44.4701 43.976 41.7839 38.9876 37.301 32.72 32.6257 26.464 26.8292 24.2275 21.3295 18.4526 18.0959 16.6745 15.9377 15.4739 15.0983 14.7389 14.5875 15.0303 16.0813 17.759 19.7375 20.8582 21.5937 21.6378 21.5418 21.3788 21.2388 21.1688 21.759 21.8589 21.206 20.153 18.9267 20.5155 20.5988 20.6889 20.3922 21.5988 20.7896 16.3288 16.0207 17.0101 17.577 17.9003 18.1028 18.2401 29.9902 35.9854 41.795 43.6937 43.795 44.9425 46.469 46.7354 47.6363 48.8141 48.878 48.9297 49.4179 49.4173 49.417 49.4169 49.5129 49.6184 49.4878 49.4897 49.4829 49.4827 49.4645 49.463 49.4617 49.4013 49.4494 49.3447 49.3447 49.4298 
45.9337 45.9742 46.0257 46.0934 46.1853 46.3138 46.4879 46.6779 46.7849 46.7936 46.7582 46.6456 46.5536 46.4275 46.3189 46.636 45.3674 45.262 43.02 43.2047 43.3667 43.331 42.7331 41.4402 39.9169 38.9217 35.9739 32.7683 30.4031 26.8442 24.1295 21.4475 17.3625 16.8794 16.4674 16.0126 15.3135 15.1077 15.0709 15.5929 16.6275 17.6359 18.9942 19.7829 20.797 21.5447 21.646 21.6596 21.4359 21.1191 20.6146 22.0722 22.0366 21.9523 20.8472 20.7387 22.1522 21.0183 20.7091 20.8462 21.4488 20.6934 18.8562 17.8028 17.7417 17.9145 18.0829 18.2145 29.3306 36.3921 41.8577 41.8089 43.1424 43.7987 44.9286 46.4003 46.6945 47.6531 48.8118 48.9008 48.9667 49.419 49.4179 49.4176 49.4177 49.5131 49.4887 49.4913 49.4843 49.4841 49.4656 49.4637 49.4622 49.2645 49.3457 49.3457 49.3455 49.4302 49.43 
45.8945 45.9289 45.973 46.0317 46.1155 46.248 46.4808 46.8545 47.0644 46.9275 46.902 46.7116 46.5007 46.4113 46.2955 46.2068 46.6123 45.2597 42.7635 42.8253 42.8102 42.6126 42.1112 41.311 40.4254 39.7452 36.409 32.8665 32.7699 26.4684 24.0803 18.8185 17.1124 16.7144 16.4292 15.8973 15.7117 15.8945 16.8456 17.2477 18.1941 18.6394 19.0446 19.8607 20.6871 21.2138 21.6912 22.1334 21.6065 21.1098 22.045 23.4024 22.6382 21.912 21.2158 20.475 20.9241 21.0746 20.9059 21.1686 21.1525 20.3046 19.3264 18.6279 18.3286 18.2688 18.2996 26.7682 33.8079 41.0034 41.7845 41.8139 43.1773 43.8017 44.9011 46.2886 46.6163 47.9951 48.8079 48.9402 49.4241 49.4199 49.4184 49.4184 49.5131 49.4897 49.4863 49.4862 49.4858 49.4669 49.4646 49.4627 49.2655 49.3468 49.3467 49.4308 49.4305 49.4303 49.4301 
45.8473 45.8723 45.9031 45.9418 45.9932 46.0726 46.2458 46.8041 47.4771 46.9076 46.8822 46.6434 46.4129 46.2366 46.2366 46.1607 46.1055 45.2617 42.5225 42.5067 42.4126 42.189 41.7997 41.2717 40.7115 40.2531 36.681 32.9329 32.8553 26.5391 23.642 17.1745 16.9726 16.6475 16.7304 16.4384 17.0024 17.2652 18.1531 18.0175 17.3661 18.5475 19.2504 20.3163 20.5422 20.9261 21.5081 22.4663 22.7487 22.8946 23.7809 23.7721 23.2515 22.458 21.2338 20.912 20.8742 20.9485 20.9176 21.4142 21.0151 20.1515 19.6288 22.4165 22.9458 23.5396 29.1668 34.4664 39.39 40.8632 41.6485 42.0575 43.2266 42.9669 44.8462 44.8921 46.1378 47.9127 48.8004 49.016 49.4294 49.4196 49.4186 49.4199 49.4909 49.4887 49.4887 49.4883 49.4686 49.4656 49.2722 49.3482 49.3481 49.348 49.4311 49.4309 49.4306 49.4304 47.8763 
45.7941 45.8076 45.8217 45.8342 45.8382 45.8138 45.6988 45.336 45.6475 46.3038 46.4538 46.3568 46.2047 46.0747 45.9766 46.0892 46.0542 46.5543 42.2122 42.2612 42.1413 41.9354 41.6362 41.2679 40.8875 40.5623 36.8171 32.9781 32.9146 28.4934 22.7978 17.0636 17.0829 17.0844 17.2412 17.4309 17.7113 18.7095 19.0193 18.3895 18.0159 19.694 20.2422 20.36 20.271 20.7223 21.3409 22.6976 24.2512 24.2548 24.2878 24.197 23.5777 23.2031 21.5055 21.0156 21.0153 20.8948 20.8993 21.4526 21.4747 24.1913 25.0236 25.6988 30.5551 35.9363 42.481 40.9227 39.4225 39.3019 42.2986 41.9686 43.2972 43.1588 44.733 44.774 45.9837 47.369 48.4818 49.1863 49.4363 49.4147 49.4204 49.4921 49.4918 49.4924 49.4919 49.4706 49.2843 49.2744 49.3497 49.3495 49.4318 49.4315 49.4313 49.431 49.4308 47.8568 47.9588 
45.7378 45.7394 45.7372 45.7261 45.6936 45.6077 45.3843 44.9284 44.9909 45.6584 45.9198 45.9515 45.9099 45.8566 45.8104 45.7744 45.9791 45.9614 42.1466 42.0781 41.9567 41.779 41.5467 41.2777 41.0046 40.7642 40.5833 36.9049 32.957 28.5666 22.7505 17.2479 17.2945 17.4647 17.6581 18.9994 19.8235 19.8657 19.882 19.4327 18.5638 20.7115 21.539 20.7927 20.4428 20.7193 21.3433 22.771 24.0274 24.2819 24.2335 24.2565 23.9294 23.38 22.0457 21.571 21.0429 20.873 20.8824 21.2953 27.0877 28.8781 34.0547 35.6588 39.3313 39.2951 41.1335 40.9739 39.4918 39.3038 41.8888 41.1364 43.3772 43.5732 43.9048 44.4397 45.1753 46.6882 48.3314 49.6209 49.3905 49.4118 49.4065 49.4952 49.498 49.4813 49.4734 49.2905 49.3516 49.3512 49.3512 49.432 49.4318 49.4317 49.4315 49.4313 47.8614 47.8146 47.7771 
45.6812 45.6719 45.656 45.6286 45.5802 45.495 45.357 45.2103 45.2237 45.3474 45.4473 45.5346 45.5903 45.6168 45.6278 45.6325 45.6349 45.4136 45.9914 41.9429 41.8299 41.6796 41.4962 41.2924 41.0877 40.9037 40.7569 36.8983 32.9883 32.9498 20.2466 17.8688 17.5685 17.7387 19.1114 19.96 20.0703 20.2871 20.746 21.1981 20.9184 21.4551 23.156 22.9036 22.1572 21.0995 21.3818 22.6946 23.6101 24.1556 24.211 24.1961 24.2123 23.7994 22.1815 21.7242 21.0608 20.8629 25.7555 27.8892 36.0344 33.0529 39.5527 40.1176 39.9431 39.4963 42.2371 37.9618 39.6507 39.3322 38.9305 40.5419 42.6651 44.9746 43.5338 43.3669 45.1083 46.4898 47.3105 49.1042 49.1441 49.4851 49.4907 49.5077 49.4913 49.3319 49.2988 49.3527 49.3524 49.4318 49.432 49.4321 49.4321 49.432 47.9049 47.6466 47.596 47.5565 46.3887 
45.6266 45.6079 45.5813 45.5428 45.487 45.4083 45.3061 45.1881 45.0463 44.9232 44.9976 45.1708 45.3052 45.3927 45.4513 45.4927 45.523 42.8313 42.8538 44.0365 41.7413 41.6148 41.4674 41.3082 41.1496 41.0047 40.8843 37.0305 33.012 28.1275 20.2444 17.6085 19.0061 19.1376 20.789 20.8294 20.8991 21.4158 21.3911 21.4362 22.1588 22.1889 22.9931 22.6937 22.2893 21.7189 21.5302 22.6512 23.4471 24.1 24.1442 24.1811 24.2205 23.8347 26.8519 32.2765 32.2941 35.2406 42.0729 39.08 35.8142 36.9055 37.6843 41.7029 40.9286 39.6469 38.2553 39.9759 39.1915 39.5131 38.3615 38.7201 40.3291 46.906 42.2374 42.6234 44.762 45.8952 46.3988 47.3955 49.2767 49.3553 49.4675 49.4838 49.3763 49.3084 49.3503 49.3519 49.4301 49.4317 49.4325 49.4328 49.3146 47.7008 47.6212 47.56 46.4091 45.2996 44.9242 
45.5757 45.5494 45.5143 45.4673 45.4043 45.3202 45.2073 45.0481 44.8217 44.6423 44.7458 44.9469 45.0969 43.1761 42.83 42.5449 39.9721 39.6057 39.2121 39.3122 41.2302 41.5716 41.4512 41.3238 41.1974 41.0807 40.9806 37.128 28.3168 25.9982 21.2783 20.5893 20.8823 20.9217 20.9784 21.0603 22.9361 22.8691 22.8876 23.5164 24.3281 24.9461 24.9972 24.6863 24.2601 21.803 22.0179 23.008 23.3681 24.0718 24.1088 24.1695 30.2499 33.2675 38.9826 41.9276 39.1173 37.4836 37.9466 37.2846 35.2477 36.1315 38.1255 44.9485 43.2137 39.6691 36.201 36.2848 39.8302 41.1705 35.9261 37.8787 41.1236 39.8227 40.6134 41.9792 42.6785 44.619 45.4284 46.9746 47.3637 48.9264 49.3707 49.4354 49.1357 49.3285 49.416 49.4262 49.4313 49.3227 49.3185 47.8177 47.6842 47.5822 46.6291 45.317 45.2525 43.717 43.698 
45.5299 45.4976 45.4563 45.4029 45.3339 43.4763 43.6167 43.8341 44.1563 44.4091 44.2073 43.751 42.0286 40.9893 40.3343 39.6997 39.2459 38.931 38.7157 38.6368 38.801 41.0748 41.4426 41.3384 41.2355 41.1395 41.0554 37.2009 31.7722 24.8887 20.6667 23.397 23.3933 23.3962 23.4112 23.449 23.5329 23.7158 24.4384 25.094 26.0652 26.0236 26.7991 26.2823 25.6425 24.9919 24.7091 23.015 23.1218 26.9757 30.8318 37.9674 41.6543 42.2488 41.8068 41.8661 39.0819 37.5891 37.9904 40.5298 32.4965 34.2525 31.4167 39.3072 40.1312 39.6863 36.7035 33.2726 37.8292 39.2986 36.2351 34.8564 38.0423 38.6635 39.1311 41.1097 42.2928 42.9894 45.0381 46.6757 46.9868 47.5708 48.6773 48.8185 49.1643 49.3806 49.4228 49.3366 49.3278 48.9944 47.8384 47.6546 46.672 46.5566 45.2573 43.7122 43.6835 43.6639 43.6508 
42.7528 42.7792 42.8059 42.8349 42.8723 42.9329 43.0458 43.2494 42.7368 43.3096 43.7051 43.14 41.7002 40.2917 39.2488 38.7735 38.3888 38.1663 38.0447 37.9672 38.1504 38.3668 37.255 41.3519 41.2665 41.1863 41.1148 36.0083 31.5843 23.3179 23.5517 23.5729 23.6062 23.6582 23.7403 23.8722 24.0902 24.4605 25.363 26.4035 27.7374 30.3919 29.8144 27.7831 26.6131 25.9686 25.323 28.0804 41.4961 44.5917 44.5526 44.008 42.5669 41.5299 41.7402 41.5538 38.9815 37.7101 36.723 37.7996 36.623 31.8259 27.3569 25.7607 30.5888 35.9868 36.088 29.7299 31.692 33.1819 33.2165 34.1839 34.4422 37.2792 38.6841 39.6783 41.4622 43.1145 43.5913 45.3274 46.7187 46.903 47.7354 48.627 49.0544 49.2003 49.1144 49.0571 49.0224 47.8664 46.8064 46.582 45.1533 43.7143 43.6667 43.6364 43.6175 43.54 43.5429 
42.4293 42.4075 42.3773 42.3397 42.2999 40.2798 40.5506 40.9639 41.6511 42.9634 44.5633 43.4737 40.8721 39.0275 37.9962 37.4554 37.3869 37.3173 37.3253 37.3017 37.5281 37.7753 35.529 33.9911 37.7446 41.2243 36.331 35.766 26.8113 23.6601 23.6935 23.74 23.8052 23.8981 24.0326 24.2316 24.5317 25.329 26.1218 27.0183 28.4252 30.4581 30.3106 29.5797 30.9522 31.2315 31.8313 41.2621 44.6034 44.5607 44.5254 44.4613 42.5261 42.4874 41.6534 40.8614 39.8789 38.9956 38.517 36.2972 33.3345 36.2583 25.5027 21.5827 32.4215 26.6209 26.8522 26.6241 28.7481 29.7893 31.2481 32.4511 34.4784 35.8171 37.5961 38.6576 39.9391 41.4106 43.8335 44.4375 45.7269 46.4003 46.9077 48.8716 49.8954 49.3187 49.1288 49.0575 47.7585 46.7308 46.29 45.0053 43.6494 43.5974 43.5683 43.5016 43.5053 42.1152 42.109 
42.097 42.0226 39.2577 39.2661 39.2722 39.2843 39.3238 39.4496 39.832 40.8194 41.9458 40.5225 38.0959 36.7825 36.254 36.105 36.1292 36.4174 36.5859 36.7554 36.9389 37.228 37.5089 35.3094 33.8199 37.5758 36.1032 31.5327 25.9194 23.7739 23.8243 23.8912 23.9808 24.1026 24.2702 24.504 27.3126 27.6118 28.0476 28.6376 30.6569 31.0335 31.4595 32.0777 32.6885 34.7095 38.5103 43.78 44.9914 44.4878 44.4588 44.464 44.9613 42.5932 41.0471 40.8098 39.3235 37.9635 40.8012 42.2862 26.124 24.6145 20.0618 19.2462 19.8309 21.134 23.569 25.06 26.4117 29.1029 30.3246 31.2461 32.7665 34.9064 36.78 38.0265 39.1181 40.8693 42.83 44.3404 45.2531 45.9922 46.5979 47.6203 48.8866 48.9366 48.8618 48.0064 46.4807 46.0629 44.6182 43.5369 43.4464 43.4447 43.4501 42.2686 42.1141 42.1071 42.1013 
38.8015 38.7489 38.6736 38.5684 38.4242 38.2288 37.9663 37.6149 37.1298 36.3421 34.8964 33.6657 33.6608 33.9246 34.2699 34.6625 35.0439 35.3857 35.8708 36.1648 36.3954 36.7304 37.0443 35.0143 35.1528 33.6952 32.2616 26.0234 23.8272 23.8769 23.9404 24.0219 27.2485 27.3317 27.4567 27.6396 27.8999 30.6905 31.1354 31.492 31.9877 32.6739 33.5808 34.4499 35.7739 35.9714 38.7885 42.3387 44.8679 44.6384 44.4258 44.5318 44.3722 42.5404 42.6177 41.0231 44.6203 32.7274 33.0497 34.0139 24.13 19.3015 17.7567 17.416 17.3208 18.6756 21.5104 23.839 24.963 26.6782 29.2585 30.1463 31.2811 32.7729 35.0734 37.3869 38.7795 39.7148 41.5745 43.3262 43.9992 45.3776 45.9184 46.5991 48.1717 48.6131 48.1798 46.1412 44.6856 44.3556 43.3561 43.349 43.3598 43.3771 42.2642 42.1121 42.1041 41.6216 41.6121 
38.3889 38.2698 38.1113 37.8995 37.6144 37.225 36.6805 35.8894 34.6738 32.7363 30.1598 29.3013 30.5966 31.5854 32.5352 33.38 34.0731 34.6295 35.0769 35.6338 35.9135 36.2907 36.6347 36.9476 34.9098 35.0455 30.6503 25.8151 23.9092 27.3511 27.3983 27.4646 27.5568 30.4929 30.653 30.8734 31.1701 31.5622 32.1277 32.7207 33.5435 34.6339 35.8472 36.7108 37.1736 38.1624 40.5859 42.1136 44.8159 44.4067 43.1354 44.0657 46.1123 43.4033 41.6571 38.3431 39.9599 28.4136 21.4271 18.9512 17.4662 17.8385 16.4166 15.1833 16.4081 17.0944 19.2553 21.3016 23.933 25.4973 26.206 28.3461 31.1019 31.7987 33.8577 35.4944 38.2346 39.1725 40.1233 42.8224 44.0092 44.3784 45.4547 46.6911 47.2934 47.798 47.3927 45.2228 43.0534 43.1238 43.1713 43.2242 42.2496 42.2585 42.1088 42.0996 41.6293 41.6171 41.6073 
38.0026 37.8262 37.5978 37.2997 36.9061 36.3788 35.6598 34.6628 33.2801 31.4867 29.7116 29.1667 29.3048 30.1782 31.384 32.4646 33.3393 34.0321 34.5826 35.0251 35.5081 35.9169 36.2837 36.614 36.9112 30.739 27.274 25.9016 27.5167 27.5743 30.5647 30.6585 30.7843 30.9518 31.1728 31.4625 31.8396 32.3284 32.9978 33.7608 34.7614 35.9562 37.096 37.9021 37.8396 38.1847 40.1787 41.8755 44.9158 44.6656 44.28 46.1521 45.3362 39.7581 36.3793 29.3515 21.1787 18.6872 18.0136 16.6935 15.8191 15.7851 14.7227 14.2408 15.1306 17.051 18.4373 19.7904 21.4428 24.0668 25.0656 26.1348 28.9957 31.6246 32.6372 34.1089 36.1723 38.6404 40.276 41.0065 42.7819 44.4044 44.5589 46.31 47.1468 47.5388 45.9688 43.0367 42.3124 42.7828 42.1918 42.2347 42.1181 42.1046 41.6598 41.6388 41.6226 41.6101 41.6004 
37.6536 37.4327 37.153 36.7963 36.3376 35.7434 34.971 33.9756 32.7436 31.3795 30.1817 29.2649 28.8781 29.7445 30.9188 31.9973 32.8995 33.6328 34.2261 34.7087 35.1049 35.614 35.9936 36.334 36.6399 30.982 30.6647 28.8914 30.6806 30.7576 30.8569 30.9844 31.1479 31.3568 31.6231 31.9618 32.3917 32.936 33.6476 34.4563 35.4406 36.508 37.5983 37.8706 37.9734 38.7277 39.7407 41.2068 45.0951 45.0796 45.2609 46.1625 43.7794 40.0088 26.4858 20.0942 19.5715 17.5608 14.7939 13.6433 14.2603 13.9447 13.5113 13.8658 14.3319 15.7902 16.971 19.2787 20.4087 22.14 24.2993 25.5174 27.8025 29.5692 32.813 33.8477 35.7463 37.0597 39.6341 40.4443 41.8056 42.7888 44.1941 45.3902 45.5816 45.41 43.9788 42.7339 41.8456 42.1265 42.2314 42.9153 42.9954 41.6824 41.6504 41.6278 41.6117 41.2819 41.2645 
37.3493 37.0981 36.787 36.4 35.9174 35.316 34.5729 33.6772 32.6537 31.5925 30.6303 29.8838 29.6592 30.1653 31.0279 31.9256 32.7358 33.429 34.0106 34.496 34.9021 35.3828 35.7642 36.1067 36.4151 30.9876 30.7039 29.0258 30.8984 30.9972 31.1204 31.2738 31.4647 31.702 31.9967 32.362 32.8132 33.431 34.0598 34.8187 35.6805 37.0558 37.5149 37.7432 38.0094 38.8058 39.8205 41.1236 45.1929 45.2386 44.154 39.2641 34.6739 27.798 23.7813 21.7047 17.8769 14.4637 13.5289 11.4103 12.3932 13.0963 12.5273 12.6713 13.0745 14.1104 17.1494 17.9362 19.3801 21.3623 22.4055 24.7636 26.036 28.0222 29.8811 33.5465 34.8131 37.5679 38.1899 39.7975 40.2441 41.778 42.5421 42.346 44.3792 42.4328 41.6211 42.0642 42.1486 42.9187 42.955 43.0276 41.7175 42.8924 42.8935 41.3038 41.2761 40.809 42.3241 
37.0927 36.8248 36.5003 36.1071 35.6318 35.0616 34.3889 33.6204 32.7887 31.9612 31.2321 30.7205 30.5794 30.8659 31.4384 32.1144 32.7805 33.3873 33.9199 34.3797 34.7742 35.1127 35.5925 35.9295 33.13 30.9904 33.6379 32.8654 31.0962 31.2119 31.3528 31.5242 31.7327 31.986 32.2931 32.6642 33.1099 33.6929 34.2731 34.9366 35.647 36.9529 37.292 38.0432 38.615 39.1133 39.9445 40.9875 45.1888 42.6033 36.4301 37.282 36.8216 34.1238 23.7096 21.0696 15.4948 14.0878 11.8778 10.3902 10.8198 11.1966 11.3338 11.7716 12.0411 12.4237 14.0554 18.0232 18.2958 20.069 21.3581 23.8777 25.0875 26.9201 29.1426 31.3876 33.7284 36.7212 38.2518 38.991 39.6618 40.5017 41.5526 42.4703 42.9086 42.0362 42.1384 41.5102 43.3172 42.7699 42.9596 42.9467 43.8663 42.6371 42.5288 42.5486 42.3151 42.2967 42.2856 
36.8834 36.6105 36.287 35.905 35.4567 34.9375 34.3489 33.7049 33.0369 32.3975 31.8567 31.497 31.3927 31.5617 31.9407 32.4321 32.9553 33.4615 33.9272 34.3442 34.7123 35.0353 35.4732 35.7983 34.3419 33.4701 33.6198 32.8866 32.6351 31.4007 31.5534 31.7356 31.9529 32.2113 32.5176 32.8786 33.2999 33.8318 34.3435 34.902 36.4638 36.7942 37.9285 38.0204 39.1043 39.575 40.2958 41.179 39.79 37.4 38.1439 39.9583 43.7003 33.1469 22.7563 19.6642 15.7717 12.9737 10.4445 10.1636 9.8829 9.5725 9.3311 9.5632 11.6779 12.2256 13.631 14.812 18.4359 19.491 20.7049 22.1207 25.0458 25.8277 27.9516 30.8476 32.6552 35.4782 36.6851 38.8419 39.3375 40.2501 40.8921 41.3891 41.9915 43.1502 43.3235 46.5319 43.2432 42.818 43.4131 43.6915 42.4956 42.5336 42.3084 42.2722 42.2525 42.2433 42.2405 
36.7184 36.4493 36.1372 35.7773 35.3665 34.9053 34.3999 33.8661 33.3316 32.8365 32.4307 32.1658 32.0808 32.1823 32.4381 32.7941 33.1974 33.6088 34.0041 34.371 34.7045 35.0041 35.3996 34.8947 35.1251 34.4597 32.4995 32.907 32.6995 31.5637 31.723 31.9098 32.1285 32.3835 32.6793 33.0195 33.4802 33.8813 34.3213 36.0887 36.6669 36.9281 38.028 38.1509 38.8104 39.0684 38.9113 39.2422 37.0818 37.4237 37.9365 38.6073 38.4118 35.8868 27.3874 18.2009 15.402 13.9645 9.8144 9.8244 9.7182 9.0758 8.8107 9.0888 9.5186 12.2597 13.4453 14.158 15.6173 18.4599 20.1418 21.8149 22.7462 25.8449 27.2836 28.7291 32.425 34.9254 36.6546 37.8379 38.9401 39.8396 40.1808 40.4291 40.6822 42.5141 43.6547 44.5055 42.7852 42.4211 42.2881 42.5233 42.3292 42.2368 42.1921 41.7457 41.7381 41.7385 41.7429 
36.5929 36.334 36.0397 35.7078 35.3384 34.9345 34.5046 34.0637 33.6345 33.247 32.9355 32.7323 32.6595 32.7201 32.8961 33.1562 33.4659 33.7961 34.126 34.4425 34.7383 35.0104 34.6442 34.8806 35.1037 34.4621 34.7649 32.9263 32.7544 31.7019 31.8634 32.0499 32.2643 32.5098 32.7888 33.1026 33.5191 33.8704 36.1794 36.4216 36.6635 38.0304 38.0276 38.8932 38.6248 38.783 38.9931 39.2344 38.3698 38.4436 37.8767 37.7541 37.5706 38.1769 32.3955 23.0933 15.3098 13.0235 11.2646 10.5555 10.0669 8.8401 8.7458 8.8704 9.3952 10.0656 11.7226 14.3092 15.0505 17.1677 18.7918 20.8171 22.387 23.3496 26.5589 28.5496 30.5831 33.058 36.6502 37.0294 38.343 38.9494 39.7536 40.533 40.1179 41.8947 44.3107 44.2262 44.111 42.2133 42.4439 41.936 41.7162 41.6469 41.6367 41.6473 41.664 41.1696 41.2067 
36.5015 36.2569 35.9838 35.6822 35.3537 35.0029 34.6384 34.2734 33.926 33.6181 33.3733 33.2123 33.1484 33.1832 33.3063 33.4984 33.737 34.0011 34.274 34.5437 34.8024 35.0456 34.664 34.8868 35.0999 34.4741 34.7672 32.9443 32.8003 33.0216 31.9773 32.1595 32.3658 32.5978 32.8566 33.1417 33.5162 36.0343 36.2406 36.4553 37.8991 38.0101 38.5703 38.6349 38.7331 38.8662 39.0254 39.0331 38.1135 38.0587 37.9193 36.9383 36.2275 34.2594 32.2425 21.9264 19.2306 12.87 11.823 10.8208 9.7524 8.458 8.5298 8.4644 8.4933 9.5266 10.6331 12.2938 14.5971 16.0851 17.581 19.7534 21.0667 23.4272 25.2562 27.6134 29.9059 32.6913 34.2345 36.7034 37.6871 38.4378 38.9366 39.3686 39.5792 39.5878 41.8842 42.6377 43.9132 45.7125 41.3648 41.2886 41.3137 41.4008 41.0155 41.1203 41.1872 41.2306 41.0793 
36.4387 36.2106 35.9602 35.6885 35.3983 35.0947 34.7854 34.4817 34.1975 33.9491 33.7525 33.6215 33.5646 33.5828 33.6697 33.8132 33.9983 34.2098 34.4347 34.6629 34.887 35.1023 34.7015 34.9093 34.2153 34.4939 34.7753 32.9609 32.8378 33.0555 32.0676 32.2429 32.4384 32.6548 32.8921 33.1488 35.93 36.1062 36.2939 37.8913 37.9929 38.6143 38.6567 38.7201 38.8063 38.9123 38.8728 37.9167 37.8517 37.7366 35.762 35.7971 33.879 33.226 28.7922 22.5129 19.3054 15.2467 11.3532 9.5912 8.5634 7.5782 8.3206 8.272 8.2651 8.8894 10.1333 11.5282 13.6279 15.1351 16.7504 18.5626 20.7225 22.3011 24.4086 27.2615 28.9453 31.2563 33.9859 35.4085 36.9148 38.3366 38.7777 38.8876 39.3084 39.5377 40.9038 41.2473 40.787 40.6526 40.15 40.2104 40.5568 40.8568 40.9999 41.0703 41.1066 41.126 41.1366 
36.3994 36.1886 35.9607 35.7175 35.462 35.1991 34.9359 34.6813 34.4464 34.2427 34.0818 33.973 33.9218 33.9292 33.991 34.0993 34.2438 34.4138 34.5992 34.7917 34.9848 34.5564 34.752 34.9442 34.2545 34.5197 34.7881 32.976 33.3218 33.0798 32.1374 32.3041 32.4874 32.6873 32.9032 35.8534 36.005 36.1684 37.887 37.9782 38.8139 38.8483 38.8987 38.9665 39.05 39.1423 37.8124 37.7532 36.2955 36.3185 35.7786 35.7468 35.906 35.7698 35.1204 23.2627 17.5255 14.3476 10.3351 8.3854 7.561 7.2822 7.1982 8.2506 8.3248 8.5518 9.2972 10.819 13.3108 14.6561 16.207 17.927 20.4091 21.7643 23.658 25.4082 29.6745 30.4627 32.0946 34.7097 35.8972 37.3808 38.1058 39.2541 39.2881 39.3519 39.3779 39.6064 40.0311 40.0037 39.9956 40.4597 41.0314 41.1692 41.197 41.197 41.1897 41.1809 41.1725 
36.3789 36.1854 35.979 35.7619 35.5371 35.3092 35.0841 34.8691 34.6726 34.5033 34.3694 34.2774 34.2311 34.2313 34.2753 34.3577 34.4715 34.6087 34.7619 34.9241 35.0901 34.6339 34.8115 34.9882 34.2989 34.55 34.8044 32.9897 33.3192 33.096 33.296 32.3468 32.5173 32.7009 35.796 35.9272 36.0698 37.8854 37.9663 38.8482 38.8717 38.9054 38.9501 39.0051 39.0666 38.7421 36.251 36.143 36.1578 36.0256 36.0044 35.9759 35.4555 35.2183 34.4071 31.4457 20.5165 15.727 11.1713 8.343 6.0769 6.7881 6.7401 7.8829 7.692 7.8609 9.3064 10.5112 11.6012 14.8168 16.2023 16.8518 18.9868 21.6607 23.2159 24.9692 27.0546 30.4044 31.5493 32.7072 35.2087 36.9406 37.7666 38.573 39.1493 39.3711 39.324 39.3214 39.6048 40.1827 42.5915 42.9095 41.9687 41.6012 41.4366 41.3472 41.292 41.2548 41.2282 
36.3733 36.1964 36.0101 35.8165 35.6186 35.4203 35.2267 35.0437 34.8776 34.7351 34.622 34.5431 34.5011 34.4965 34.5277 34.5908 34.681 34.7924 34.9192 35.0562 35.1986 34.7157 34.8766 35.0384 34.3465 34.5832 34.8234 33.0018 33.3147 33.1054 33.297 32.3744 32.5321 35.752 35.8666 35.9914 37.8856 37.9573 38.8763 38.8927 38.9158 38.9462 37.6585 37.6341 37.0995 35.9558 35.9492 35.9364 35.9142 35.8786 34.3808 34.5066 34.6509 34.8242 35.4336 31.7642 22.6773 15.7194 13.2435 9.0672 6.2604 6.1024 5.3244 6.6291 7.6724 7.7435 8.6057 9.9341 10.8962 13.0812 15.1334 17.3297 18.2414 19.757 22.7612 23.8485 26.5354 27.4854 31.6915 32.6475 33.9016 35.2447 37.8846 38.48 39.1229 39.3506 39.2016 39.1536 39.3188 40.4945 43.9177 43.5668 42.3215 41.7647 41.6236 41.4719 41.3802 41.3201 41.2784 
36.3794 36.2181 36.0501 35.8775 35.7028 35.5297 35.3622 35.2051 35.0634 34.942 34.8453 34.7768 34.7384 34.7307 34.7525 34.8012 34.8731 34.964 35.0695 35.1852 34.6578 34.7993 34.9448 35.0927 34.3959 34.6182 34.8441 33.0126 33.3088 33.1093 33.2918 32.3897 35.7177 35.0398 35.1386 36.8862 36.9338 38.8998 38.9114 37.6767 37.6633 37.6461 37.6244 37.0767 37.0372 35.8964 35.8797 35.855 34.0932 34.134 34.1752 34.2089 34.2248 33.0596 34.1709 29.7107 24.1718 15.0897 12.7785 11.003 9.5509 5.3709 3.1152 4.0438 7.1399 7.9812 8.8064 9.3579 11.2527 13.1166 14.3346 16.1922 18.487 19.2904 20.7133 23.8419 25.3083 27.1638 29.5328 32.0772 33.7327 34.741 36.3898 38.1079 39.295 39.2736 39.2277 39.1639 39.2465 40.7317 42.0068 42.4483 42.103 41.761 41.5319 41.3837 41.4412 41.3695 41.3186 
36.3943 36.2475 36.0961 35.9419 35.7874 35.6356 35.4899 35.354 35.2319 35.1274 35.0438 34.9837 34.9486 34.9389 34.9537 34.9913 35.049 35.1236 35.2116 35.3097 34.7559 34.8827 35.0142 34.243 34.4457 34.654 34.866 33.022 33.3017 33.1087 33.2819 33.4508 34.7839 34.8684 36.861 36.9033 37.6808 37.6735 37.664 37.0882 37.0519 37.0075 36.9546 37.0258 35.8627 34.3468 34.3592 34.3715 34.3824 33.7204 33.6973 33.6359 31.8291 31.7821 31.2289 27.5093 22.7581 17.8715 12.6964 10.4491 9.1126 5.4591 2.1429 2.7027 4.8265 5.952 7.9292 9.0582 10.5537 11.5684 14.2426 15.5587 17.1962 19.4129 20.2486 22.2612 24.5074 27.0335 28.2 31.4451 32.7851 34.6175 35.2451 37.021 38.4467 39.2656 39.2455 39.2017 39.8468 40.5788 41.3755 41.7459 41.7819 41.6357 41.4919 41.3775 41.2911 41.2262 41.1766 
36.416 36.2824 36.1458 36.0079 35.8708 35.737 35.6095 35.4911 35.3851 35.2943 35.2213 35.1681 35.1358 35.1248 35.1345 35.1636 35.2101 35.2715 35.3453 35.4287 34.8506 34.9644 35.0835 34.3058 34.4952 34.69 34.8885 33.0301 33.2939 33.5524 33.2685 34.7305 34.8054 36.8405 36.8782 37.6694 37.113 37.0926 37.0672 37.0359 36.9981 36.9532 35.4461 34.2698 34.221 34.2144 34.2021 34.1806 34.1444 34.0842 32.3723 32.3131 30.5032 30.412 30.1369 28.634 21.0496 17.9271 14.097 12.0327 7.0255 4.9504 3.3211 1.5857 4.0398 5.932 6.9025 8.8977 9.7578 11.4476 13.0655 14.6497 16.9719 18.3109 19.8729 21.5847 23.7137 25.0913 27.6294 30.3007 31.1779 33.5354 34.8698 36.9994 37.9134 38.8524 39.2537 39.2197 39.9976 40.4234 40.9767 41.3863 41.502 41.4967 41.4195 41.3429 41.2765 41.2219 41.1777 
36.4426 36.321 36.1976 36.074 35.9519 35.8335 35.7212 35.6174 35.5247 35.4451 35.3809 35.3334 35.3037 35.2919 35.2977 35.3202 35.3577 35.4086 35.4707 34.8458 34.9413 35.0437 35.1515 34.3667 34.5435 34.7256 34.9112 33.0372 33.2855 33.5292 33.2525 34.7522 36.4215 36.4491 37.1055 37.0908 37.0725 37.05 37.0228 36.9904 36.9521 35.4091 34.1473 34.1345 34.1162 34.0903 34.0532 33.9996 32.2673 32.2251 32.1517 30.4107 30.3979 29.7519 28.8392 29.7182 25.6932 17.6178 14.3318 12.2078 7.8325 5.7589 2.8721 2.1763 3.1906 6.0078 7.4264 9.0641 9.4986 11.4851 13.4612 14.219 16.0643 18.0856 19.6481 20.8911 23.8401 24.6224 26.7112 28.7177 29.9307 31.7366 33.9116 36.5202 37.7346 38.1271 38.8832 39.2279 39.2215 40.388 40.8266 41.1979 41.308 41.3548 41.344 41.2969 41.2499 41.2073 41.1704 
36.4727 36.3621 36.2504 36.1393 36.0302 35.9249 35.8255 35.7339 35.6522 35.582 35.525 35.4824 35.4548 35.4427 35.4456 35.4628 35.4933 35.5355 35.588 34.9419 35.0275 35.1198 35.2177 34.4253 34.5903 34.7603 34.9337 33.0432 33.2768 33.5062 35.0802 36.2611 36.2832 37.0859 37.0724 37.0558 37.0359 37.0121 36.984 35.4352 35.3815 34.092 34.0738 34.05 34.0184 33.9762 32.2278 32.1995 32.1568 32.0923 29.603 29.3969 29.3333 28.1408 28.7071 29.8902 26.0587 19.2566 14.6707 12.1017 8.4812 5.6979 4.4802 1.4947 2.5936 4.1514 7.6538 9.1365 9.7513 10.7908 12.297 14.4845 15.0682 16.6885 18.8565 20.9369 23.2204 24.7721 26.3693 27.2238 29.5738 31.4085 32.9462 35.1643 37.6817 37.9694 38.8146 39.232 39.2269 40.3754 40.6003 40.9158 41.184 41.2379 41.2609 41.25 41.2185 41.1869 41.1575 
36.5054 36.4045 36.3033 36.2031 36.1052 36.0113 35.9228 35.8415 35.769 35.7066 35.6557 35.6172 35.5917 35.5794 35.5801 35.5932 35.618 35.6532 35.6976 35.032 35.1091 35.1925 35.2814 34.4813 34.6353 34.7939 34.9558 33.0483 33.2679 33.4838 35.0765 37.0797 37.0694 37.057 37.0421 37.0243 37.0034 35.6203 34.2525 34.1857 34.0521 34.0316 34.0057 33.9729 33.9308 32.1898 31.6113 29.2904 29.2676 29.2281 28.174 28.2276 28.2888 28.3445 27.5419 26.8544 24.4995 22.7543 16.1226 11.4323 10.434 6.3785 3.4089 1.6902 2.2585 3.9576 5.5414 8.0789 9.516 10.7679 12.0548 13.3564 14.2131 16.1883 18.0275 21.1224 22.9774 24.7004 26.3466 26.817 28.1442 30.1073 32.6243 34.9503 36.3492 37.888 38.7723 38.8269 39.2301 40.374 40.5396 40.8334 40.934 41.1541 41.1839 41.1968 41.1867 41.1642 41.1416 
36.5397 36.4475 36.3556 36.265 36.1769 36.0927 36.0136 35.9411 35.8763 35.8206 35.7749 35.7399 35.7162 35.7039 35.7029 35.7128 35.7329 35.7623 35.8001 35.1164 35.186 35.2617 34.3964 34.5345 34.6781 34.8262 34.9774 33.0525 33.259 33.4622 35.7552 37.0556 37.0441 35.9533 35.9152 34.7555 34.6785 34.2262 34.166 34.0234 34.0023 33.9764 32.4422 32.4173 32.3853 30.2572 30.2316 30.1954 28.0518 28.0743 28.0967 28.1521 28.1212 28.0176 26.823 26.1692 25.4169 23.8068 18.2635 12.7586 9.5945 6.7444 4.0655 1.2802 1.1052 2.871 6.1789 6.8473 8.9779 10.6445 11.5599 12.4911 13.7126 13.9653 17.6071 21.2205 22.8907 24.6321 26.3667 26.6499 26.8673 28.7653 32.2069 33.872 36.1852 37.8459 37.9764 38.7937 39.2321 40.3777 40.5043 40.6249 40.8638 41.0935 41.1245 41.1425 41.1505 41.1413 41.1244 
36.5749 36.4906 36.4069 36.3248 36.2453 36.1694 36.0984 36.0333 35.9752 35.9251 35.8838 35.8519 35.8298 35.8177 35.8154 35.8227 35.839 35.8637 35.1387 35.1953 35.2583 35.3271 34.4558 34.5847 34.7189 34.8571 34.9983 33.0561 33.2502 35.6006 35.978 34.8763 34.8314 34.7791 34.7186 34.649 34.2056 34.1514 34.0029 32.4387 32.4214 32.4002 30.2338 30.2176 30.1961 30.1676 27.987 28.0434 28.0454 28.041 28.0251 27.9886 27.0675 27.0182 26.9637 25.9321 27.872 25.5743 19.2076 15.3109 10.454 7.2187 4.9501 2.7039 1.1233 2.3409 5.6832 6.428 7.8632 10.3269 11.4718 11.7906 12.801 13.7698 16.4691 19.6165 22.8605 24.5922 26.3884 26.574 26.7317 28.6207 31.0843 33.7138 36.0782 36.3319 37.9279 38.7706 39.2335 39.2315 40.4831 40.5795 40.8151 40.8708 41.0787 41.0986 41.1103 41.1156 41.1071 
36.6106 36.5333 36.457 36.3823 36.3102 36.2417 36.1776 36.119 36.0666 36.0214 35.9838 35.9546 35.9339 35.922 35.9188 35.924 35.9372 35.9579 35.2177 35.269 35.3263 35.389 34.5115 34.6321 34.7574 34.8866 35.0184 33.0589 33.0344 33.6151 34.8337 34.7919 34.7436 34.6883 34.6252 34.1895 34.1406 32.425 32.4099 30.2196 30.2085 30.1944 30.1766 30.154 27.9873 27.989 27.9885 27.9844 28.2715 28.2486 26.9984 26.978 26.9433 25.8733 26.0362 25.639 25.418 24.8796 21.8271 16.95 12.3399 8.6074 5.7363 4.0214 2.1427 2.6868 4.7031 6.2013 7.7151 10.198 10.5595 11.6883 12.7133 12.8791 14.5986 17.6343 22.8508 24.5703 26.4064 26.5364 26.6533 26.7439 28.7705 31.2696 33.9225 36.2252 37.8967 38.7546 38.7812 39.2327 40.4704 40.5489 40.621 40.8288 40.8676 41.0632 41.0767 41.0847 41.0884 
36.6463 36.5754 36.5055 36.4375 36.372 36.3098 36.2518 36.1987 36.1513 36.1102 36.076 36.0491 36.0297 36.0181 36.0141 36.0177 36.0284 36.0457 35.2912 35.3379 35.3902 35.4474 34.5638 34.6766 34.7938 34.9146 35.0378 32.8558 33.2104 33.555 34.7586 34.7141 34.6634 34.606 32.8311 32.7741 30.2102 30.2021 30.1922 30.1802 30.1654 30.1472 28.2577 28.2555 28.2514 28.2444 28.2335 28.217 28.1924 27.1643 27.1333 25.712 25.7632 25.8294 24.5623 24.5975 24.4192 23.6587 21.1755 18.0144 14.0814 10.5747 7.422 3.9729 2.4661 2.7939 4.386 6.0266 7.7052 8.0195 10.3997 11.6428 11.7697 12.8096 12.9007 16.3403 20.7537 22.9892 26.4209 26.5166 26.6057 26.6798 28.6799 31.1607 33.8208 36.1506 37.8762 37.9366 38.7666 39.2335 40.4627 40.5277 40.5886 40.7972 40.8323 41.0346 41.0487 41.0582 41.064 
36.6818 36.6166 36.5525 36.4903 36.4306 36.374 36.3212 36.273 36.2299 36.1924 36.1611 36.1362 36.1181 36.1068 36.1023 36.1045 36.113 35.3225 35.3596 35.4023 35.45 34.512 34.6128 34.7184 34.8281 34.9411 32.8899 33.041 33.442 33.4989 34.6893 34.6428 34.5905 32.8102 32.7581 30.1901 30.1814 30.171 30.1587 28.2349 28.2332 28.2304 28.2261 28.2199 28.211 28.1986 27.1477 27.1334 27.1124 27.0822 25.6685 25.6981 24.8415 24.265 24.2664 23.8386 23.5229 22.9355 20.5844 17.9947 16.8719 11.3841 7.9423 3.9111 3.4953 3.2099 4.2543 5.9362 7.7211 7.9264 10.1609 11.6244 11.7206 12.7761 12.8505 14.6084 20.6604 22.958 26.4325 26.5057 26.5754 26.6362 28.6203 31.0885 33.7533 36.0986 36.2325 37.914 38.7557 39.2341 40.4725 40.5129 40.5647 40.6119 40.8045 40.8307 41.0254 41.0356 41.0426 
36.7168 36.6567 36.5979 36.5409 36.4862 36.4345 36.3864 36.3424 36.303 36.2687 36.2399 36.2169 36.1999 36.1889 36.1841 36.1851 36.1919 35.3894 35.4234 35.4625 35.5062 34.564 34.6586 34.7577 34.8604 34.9662 32.8903 33.0303 33.398 33.5002 33.4418 33.3764 32.7932 32.7454 30.174 30.165 28.2195 28.2181 28.2161 28.2132 28.2092 28.2038 28.1965 28.187 27.1256 27.1148 27.0999 27.0796 27.0521 25.6378 24.9111 24.093 24.1061 24.0994 23.6565 23.4867 23.1909 22.7499 20.3152 17.8954 17.2393 13.805 10.9409 5.8886 3.5863 3.2744 4.1949 5.8956 6.0855 7.8825 10.0864 10.2272 11.6928 11.7559 12.8207 12.8694 18.1952 22.9379 26.4419 26.4997 26.5555 26.6057 26.6481 28.7008 31.187 33.8684 36.1792 37.8975 38.7474 38.7626 40.4663 40.5023 40.5469 40.5882 40.6251 40.8066 40.8265 41.0163 41.0239 
36.7512 36.6957 36.6415 36.5891 36.539 36.4917 36.4476 36.4073 36.3713 36.3398 36.3132 36.2918 36.2758 36.2652 36.26 36.2602 36.2656 35.4516 35.4828 35.5187 35.559 34.6126 34.7015 34.7944 34.8908 32.7573 32.89 33.0197 33.3569 33.416 33.3557 32.7793 30.6687 28.2083 28.2073 28.2057 28.2036 28.2009 28.1973 28.1926 28.1866 28.1957 27.111 27.1026 27.0915 27.0771 27.0583 25.6035 25.6155 24.6492 24.0049 24.0094 24.0014 23.5465 23.4445 23.2777 23.0345 20.4964 20.1621 17.7971 17.3808 13.9434 11.2653 7.9646 3.6245 3.3043 3.9772 4.3407 6.0262 7.8609 9.0514 10.1587 11.677 11.7287 12.8032 12.8449 16.4223 22.9246 24.4121 26.4964 26.542 26.584 26.6206 28.6571 31.1342 33.8177 36.1395 37.8855 38.7411 38.7547 40.4625 40.4948 40.5334 40.5697 40.6027 40.7869 40.8057 40.9998 41.0078 
36.7849 36.7335 36.6835 36.6353 36.5892 36.5457 36.5052 36.4682 36.4351 36.406 36.3815 36.3615 36.3464 36.3362 36.3308 36.3303 35.4852 35.5095 35.5384 35.5714 35.6085 34.6579 34.7416 34.8289 34.9194 32.7658 32.8892 33.2748 33.3943 33.3386 30.7085 28.1991 28.1979 28.1963 28.1943 28.1917 28.1885 28.1845 28.1961 28.1861 27.1007 27.094 27.0856 27.0748 27.0613 27.0443 25.5897 24.8056 24.6032 23.9443 23.9451 23.9377 23.4739 23.4066 23.3029 23.1552 22.9629 20.3075 20.0691 17.7177 17.4352 13.9913 11.4407 11.1193 3.6392 3.3183 3.98 5.2611 5.9901 7.8502 9.0195 10.1127 11.6682 11.7109 11.7478 12.8286 12.8587 18.9648 24.3956 26.4948 26.5326 26.5681 26.5998 28.6255 28.7072 33.781 36.1099 36.1905 37.9068 38.7485 40.4603 40.5037 40.5231 40.5552 40.5848 40.6114 40.7883 40.8031 40.9937 
36.8177 36.7701 36.7239 36.6793 36.6368 36.5968 36.5595 36.5254 36.4948 36.468 36.4452 36.4266 36.4123 36.4024 36.3969 36.3958 35.5411 35.5636 35.5903 35.6208 35.655 34.7003 34.7791 34.8612 34.9462 32.7731 32.8879 31.5142 33.3244 30.7961 28.1905 28.189 28.1871 28.1847 28.1819 28.195 28.1879 28.1794 28.1693 27.0878 27.0811 27.0728 27.0626 27.0502 27.0349 24.7775 24.7753 23.8977 23.9004 23.8996 23.4527 23.4225 23.3751 23.3054 23.2089 23.0833 22.9316 20.1863 20.0085 17.6557 17.4534 17.2669 12.4394 11.2794 5.8693 3.5452 3.9823 5.2571 5.9679 7.8451 7.9055 10.0816 10.148 11.6991 11.7308 12.818 12.8444 16.4958 24.3837 26.4941 26.526 26.5563 26.5839 28.6024 28.6743 31.1562 33.8345 36.1598 37.8967 38.7434 38.7532 40.4973 40.5151 40.5436 40.5702 40.5945 40.7736 40.7877 40.7997 
36.8497 36.8055 36.7627 36.7214 36.6821 36.6451 36.6107 36.5792 36.5509 36.526 36.5048 36.4874 36.4739 36.4643 36.4588 36.4572 35.5932 35.6142 35.6389 35.6671 34.6691 34.7399 34.8142 34.8915 32.6707 32.7794 31.1805 31.4887 30.7808 28.1832 28.1814 28.1793 28.1933 28.1881 28.1819 28.1747 28.1662 27.083 27.0775 27.071 27.0631 27.0536 27.0422 24.7569 24.7554 24.7523 23.8662 23.8674 23.8658 23.4081 23.3844 23.3493 23.2996 23.2326 23.1464 23.041 22.9201 20.1039 19.9666 17.6069 17.4557 17.3117 13.544 11.3817 5.9168 3.5639 3.9839 5.2558 5.9542 6.0229 7.8921 10.0603 10.1176 11.6912 11.7186 12.8111 12.8343 14.7011 24.375 26.4941 26.5213 26.5474 26.5716 26.5933 28.6491 31.1257 33.8036 36.1357 36.1944 38.7394 38.7483 40.4926 40.509 40.5344 40.5584 40.5805 40.6006 40.7746 40.7861 
36.8807 36.8397 36.7999 36.7616 36.7252 36.6909 36.6591 36.6299 36.6036 36.5805 36.5607 36.5444 36.5316 36.5224 36.5168 35.626 35.642 35.6615 35.6844 35.7106 34.71 34.7769 34.847 34.9199 31.0615 31.1175 31.4486 28.9768 28.1768 28.1915 28.1875 28.1828 28.1774 28.1712 28.164 27.0792 27.0747 27.0694 27.0631 27.0557 27.0469 27.0365 24.7402 24.738 24.7345 23.8414 23.8417 23.8398 23.3741 23.3551 23.328 23.291 23.2423 23.1803 23.1046 23.0163 20.1388 20.0453 19.9362 17.5679 17.4509 17.3372 13.5737 12.3442 11.3036 3.5747 4.1673 5.2558 5.2816 6.0037 7.8833 9.0377 10.0952 10.138 11.7098 11.7311 12.8271 14.6503 20.1311 26.4944 26.5179 26.5406 26.5619 26.5813 28.6297 28.6824 33.7799 36.1168 36.1702 37.9025 38.7443 40.4891 40.5187 40.5269 40.5486 40.5689 40.5874 40.7633 40.7743 