ncols 117 
nrows 102 
xllcorner 159468.963013
yllcorner 383947.444
cellsize 0.25
nodata_value -9999 
33.6945 33.7001 37.1805 37.1839 39.0459 36.313 36.3271 34.3068 37.8405 34.5897 32.1585 32.131 34.7517 34.7194 32.8052 33.6691 33.6674 32.9517 34.753 34.7866 33.3814 33.3524 27.1519 24.2304 24.2292 21.2473 20.6654 20.4989 12.4192 12.3771 12.3312 12.2819 10.1199 12.732 12.7607 12.9682 8.8141 8.8705 8.9284 8.142 8.9755 8.1321 15.5159 23.6984 22.2954 27.7271 29.0272 29.1456 29.2812 31.6191 31.7476 31.8832 36.6483 36.5928 36.5314 34.7632 28.9277 28.8072 32.2518 27.5034 28.791 30.6102 30.801 34.4381 29.9241 29.9415 29.7029 29.5554 24.526 24.4245 22.7575 22.5635 22.378 22.2136 17.7271 17.6179 17.5248 17.4488 15.1325 15.0157 14.9194 14.8413 14.7791 14.7301 14.6922 14.6634 10.1015 10.0584 10.0218 9.9908 9.9646 9.9425 9.924 8.0959 8.0799 5.6007 5.5434 5.5287 5.5159 3.9862 4.0142 4.0101 4.0065 3.4502 3.3846 3.3845 3.3843 3.3842 3.3841 3.384 3.3313 3.3309 3.3306 3.3303 3.33 3.3298 3.2218 
29.3088 33.6988 33.705 37.1829 39.0429 39.0495 36.3233 36.339 37.8397 37.8454 32.1738 32.1446 34.7632 34.7286 32.8085 33.6663 33.6643 30.3371 34.7411 34.7774 34.815 33.3612 27.161 24.2366 24.2354 24.2335 20.7256 20.5442 12.4493 12.4044 12.355 12.3014 12.2442 10.1231 12.7505 13.4324 8.8067 8.8695 8.9344 9.0001 8.9966 8.1582 15.4607 15.6108 23.8368 21.7033 28.9363 29.0618 29.209 29.378 31.7171 31.8743 38.5935 36.6268 36.5558 32.6095 34.6892 28.8558 32.2066 26.6677 28.7759 28.8211 30.7622 31.1536 34.3696 29.956 29.7589 29.5755 24.5838 24.4571 22.7883 22.5411 22.3083 17.8476 17.6974 17.5675 17.4617 17.3798 15.0448 14.9213 14.8233 14.7469 14.6885 14.6447 14.6125 10.0955 10.0462 10.005 9.9706 9.9421 9.9186 8.0941 8.0746 5.6062 5.4662 5.533 5.5176 3.9885 3.9837 4.0114 4.0071 3.4502 3.3848 3.3846 3.3844 3.3843 3.3842 3.3841 3.3315 3.3311 3.3307 3.3304 3.3301 3.3298 3.222 3.2217 3.06 
29.3091 33.6971 33.7038 37.1818 37.1858 39.0463 36.3188 36.3356 34.3109 37.8448 32.2607 32.1602 32.127 34.7394 32.8125 32.7949 33.661 30.3385 32.9565 34.7666 34.8075 33.3714 27.1716 28.601 24.2423 24.2403 23.4172 20.5992 13.4597 12.4362 12.3831 12.3248 12.262 10.1228 12.7378 13.4298 8.7962 8.8665 8.9397 9.0141 9.0203 8.1879 9.5083 15.5555 23.7165 21.6491 21.7447 28.9571 29.1154 29.3019 31.6726 31.8565 38.5984 36.6703 36.5875 32.65 34.7165 28.9232 32.153 26.6184 25.8319 28.8067 30.7002 31.0023 30.7525 29.9722 27.6381 29.6104 24.6678 24.5068 22.8297 22.5048 22.2051 17.8341 17.6457 17.4913 17.3736 15.0902 14.9271 14.8006 14.7048 14.634 14.583 14.5473 10.0856 10.0287 9.9821 9.9441 9.9132 8.0926 8.0681 5.6134 5.5973 5.4547 5.5201 3.9915 3.9856 3.9806 4.0079 4.0034 3.4501 3.3848 3.3846 3.3844 3.3843 3.3841 3.384 3.3314 3.3309 3.3306 3.3302 3.3299 3.2222 3.2219 3.2216 3.0596 3.0581 
29.3091 33.6952 33.7023 37.1805 37.1848 39.0427 36.3136 36.3315 34.3164 37.844 34.5987 32.178 32.1426 34.7522 34.7099 32.7983 33.6573 33.655 32.951 34.7538 34.7984 33.3835 33.3447 28.6105 24.2499 24.2479 21.2752 20.6659 20.4405 12.4736 12.4164 12.353 12.2839 10.1222 10.1259 13.4264 8.7817 8.8608 8.9438 9.0288 9.0471 8.2157 8.2154 15.4866 23.5711 22.2031 21.6815 21.801 28.9944 29.1989 29.441 31.825 32.056 36.7271 36.6296 36.5203 32.5759 29.0173 27.9358 32.0216 25.8166 28.7802 30.6021 30.9785 30.8548 29.9906 27.5041 29.6723 24.7943 24.5866 22.8885 22.444 22.046 17.795 17.5567 17.3766 15.1634 14.94 14.7712 14.6478 14.5605 14.5008 10.1513 10.0692 10.0033 9.9506 9.9087 8.0916 8.0601 5.7572 5.6027 5.5855 5.4399 3.8776 3.9882 3.982 3.9767 4.0036 3.4501 3.4501 3.3848 3.3846 3.3844 3.3842 3.3841 3.3839 3.3312 3.3307 3.3303 3.33 3.3296 3.2221 3.2217 3.2215 3.0591 3.0575 3.0561 
29.309 29.3161 33.7005 33.7084 37.1836 37.1884 39.0468 36.3266 36.3469 34.3152 34.5964 32.2714 32.1606 32.1198 34.7216 32.8025 33.6532 33.6505 30.3365 34.7386 34.7874 33.3978 33.3553 27.1593 24.2585 24.2564 24.2533 20.7473 20.4982 13.4804 12.4561 12.3871 12.3109 8.5246 10.1247 12.7464 13.4189 8.8512 8.9461 9.044 9.0777 8.2544 8.2541 9.533 15.6161 22.0861 21.6 21.7268 28.838 29.0596 29.3318 31.7721 32.0538 38.6701 36.6873 36.5533 32.6231 29.9613 28.0284 31.9055 26.6169 25.8726 25.5717 30.9241 31.3258 26.406 30.051 29.7853 25.1548 24.7229 22.9784 22.3369 18.0966 17.7039 17.4048 17.2044 14.966 14.7315 14.5674 14.4575 14.3876 10.1413 10.0428 9.966 9.9065 9.8607 8.0499 5.7662 5.6102 5.5882 5.4423 3.8823 3.874 3.984 3.9774 3.9718 3.4039 3.45 3.385 3.3848 3.3845 3.3843 3.3842 3.384 3.3315 3.331 3.3305 3.3301 3.3297 3.2223 3.2219 3.2216 3.0602 3.0585 3.0569 3.0554 2.9027 
29.3087 29.3164 33.6983 33.7068 37.1822 37.1873 39.0424 36.3207 36.3426 34.3217 37.8494 32.2779 32.1815 32.1376 34.7356 32.8077 33.6487 33.6453 30.3386 32.9591 34.7741 34.83 33.3682 27.1721 28.5809 24.2661 24.2627 21.2628 20.5706 13.5016 12.5037 12.4285 12.3444 12.2524 10.123 10.1273 13.4114 8.8364 8.9456 9.0593 9.1128 8.2995 8.2994 7.8607 15.5279 17.1307 21.4962 21.6275 21.7925 28.8714 29.1742 29.5487 32.0338 33.853 36.7686 36.6012 32.6914 29.9763 28.1679 26.4995 26.4826 25.8184 25.5246 30.8176 31.452 30.7766 30.0857 27.8131 25.2798 24.9727 24.209 22.1373 18.0584 17.505 17.1476 15.0164 14.6752 14.4481 14.3066 14.2255 10.1187 9.9996 9.9101 9.8435 8.0365 5.7791 5.7505 5.5917 5.5682 5.4184 3.8781 3.9867 3.9784 3.9715 3.4038 3.4038 3.4025 3.385 3.3848 3.3845 3.3843 3.3841 3.3839 3.3313 3.3308 3.3302 3.3298 3.2225 3.2221 3.2218 3.2214 3.0596 3.0578 3.0561 2.9588 2.902 2.9007 
29.3081 29.3164 33.6957 33.7048 33.7143 37.1861 39.0373 36.3137 36.3372 34.329 37.8483 34.6101 32.2843 32.1586 34.7526 32.8142 32.7879 33.6396 34.7502 32.9525 34.7578 34.8197 33.3839 27.1874 28.5912 24.2771 24.2735 21.3143 20.6618 13.5264 13.5055 12.4792 12.3863 12.2831 8.533 10.1242 13.4016 8.8141 8.9407 9.0743 9.1534 8.3528 7.9576 7.9081 15.4148 17.1224 21.3656 21.4966 21.6692 21.8922 28.9476 29.38 31.9809 32.4546 36.1534 36.6738 32.7933 32.5149 30.0648 27.5105 26.2857 25.6978 25.9418 30.6261 31.3219 30.882 26.6894 27.6795 25.4911 26.2186 24.3263 21.7338 17.8226 17.0897 15.1074 14.5872 14.2589 14.0724 10.9583 10.1349 9.9276 9.8243 7.599 5.7987 5.7579 5.727 5.5652 5.4152 3.8838 3.8721 3.9798 3.971 3.4038 3.4037 3.4023 3.4027 3.3851 3.3847 3.3845 3.3842 3.384 3.3318 3.3311 3.3305 3.3299 3.2229 3.2224 3.2219 3.2216 3.2212 3.0589 3.057 2.9596 2.9027 2.9013 2.8999 2.8986 
29.3071 29.3162 29.3256 33.7023 33.7127 37.1846 37.1908 39.0422 36.3306 36.3897 34.3274 34.6067 32.2922 32.1835 32.1277 34.7102 32.7934 33.6331 33.6293 32.9445 34.7378 34.8068 33.4031 33.3422 28.604 21.6281 24.286 21.6425 23.3718 20.4168 13.5331 12.5417 12.4388 12.3227 8.5629 10.12 10.125 8.7811 8.929 9.0878 9.2009 8.4168 8.0239 7.9642 9.578 15.5966 21.7874 21.3268 21.4991 21.736 28.6226 29.1127 29.7635 32.501 31.9998 36.7911 36.4576 32.5843 30.1101 27.7458 26.012 26.1836 25.7096 26.3579 31.5034 31.059 26.4316 27.5994 27.8343 26.7231 24.8793 20.6951 16.9918 16.0763 14.4197 13.9339 11.0181 10.8459 10.0205 9.8042 7.6028 6.0333 5.7689 5.7241 5.6919 4.0844 3.9455 3.8761 3.8634 3.9704 3.4038 3.4037 3.4036 3.4024 3.4029 3.3851 3.3847 3.3844 3.3841 3.3839 3.3315 3.3308 3.3301 3.3295 3.2227 3.2222 3.2217 3.2213 3.0604 3.0581 2.9605 2.9589 2.9019 2.9004 2.899 2.8977 2.8965 
29.3056 29.3156 29.3259 33.6993 33.7105 37.1828 37.1896 39.0359 36.3225 36.352 34.3361 34.6022 32.301 32.2132 32.1523 34.729 32.8005 33.6259 33.6209 30.3402 32.9672 34.7904 33.4267 33.3585 28.6201 21.6559 24.3005 21.6555 21.2949 20.5156 13.5664 13.5358 12.5054 12.3744 8.6754 10.1148 10.1171 8.7327 8.9069 9.0979 9.257 8.4947 8.1049 8.0316 7.9442 15.4411 17.0855 21.1116 21.2699 21.5067 21.8508 28.6921 29.4763 31.011 32.3337 36.9968 36.5061 32.7057 30.187 28.1313 26.3922 25.6196 24.9856 26.3989 29.0133 31.1122 27.5807 27.5519 26.6944 32.1016 25.4554 17.3814 15.4045 14.776 12.2146 10.8275 10.5935 9.7859 7.6235 6.0729 5.9877 5.7167 5.6702 4.0955 4.0771 3.8819 3.8644 3.8512 3.298 3.4036 3.4035 3.402 3.4026 3.3856 3.3851 3.3847 3.3844 3.384 3.3322 3.3312 3.3304 3.3297 3.2231 3.2225 3.2219 3.2215 3.221 3.0596 2.9618 2.9599 2.9028 2.901 2.8994 2.8979 2.8965 2.4693 2.4673 
29.1105 29.3145 29.3259 29.3375 33.7078 33.7206 37.188 36.9084 36.3124 36.3447 34.346 34.3334 34.6248 32.3099 32.1821 32.1091 32.8097 32.7714 33.6111 34.7301 32.9596 34.7694 33.4561 33.3794 28.6406 21.6888 21.6532 21.67 21.3722 20.6464 13.6072 13.5729 13.4352 12.4423 12.2736 7.9292 10.1064 13.3315 8.8682 9.1014 9.348 8.5918 8.2063 8.1141 8.0025 9.5468 17.0549 15.619 20.9704 21.1813 21.5266 22.0688 28.9474 30.3192 34.7925 32.5329 36.622 32.1991 28.0433 28.9698 27.4702 22.4315 22.9398 24.2168 33.7148 28.2975 27.9468 29.5377 21.8426 22.7262 20.229 15.7871 12.6732 11.2615 10.329 9.02 7.8294 6.1567 5.9934 5.6972 5.6256 4.1131 4.0841 3.9401 3.8653 3.847 3.2978 3.2982 3.4033 3.4032 3.4022 3.4029 3.3857 3.3851 3.3847 3.3843 3.3839 3.3319 3.3308 3.3299 3.2236 3.2229 3.2222 3.2216 3.2211 3.2207 2.9633 2.9611 2.959 2.9018 2.8999 2.8982 2.8966 2.4705 2.4681 2.466 2.464 
29.0945 29.3128 29.3253 29.3383 33.7042 33.7183 37.186 37.1946 36.3001 36.3353 36.396 34.3439 34.6197 32.3211 32.2187 32.1378 32.8218 32.7787 33.5999 34.6896 32.9498 34.7425 34.8463 33.4061 28.6669 28.5623 21.6883 21.6862 21.6863 23.3335 13.6582 13.6198 13.5716 12.5324 12.3368 8.6362 10.093 10.2727 8.8031 9.0918 9.4057 8.7155 8.3366 8.217 8.0705 7.9144 15.4939 16.1471 15.662 15.7922 21.0319 21.5816 22.5481 29.7836 33.5255 33.3972 33.0947 32.3094 28.9102 28.8734 28.2135 26.2233 18.3575 19.1444 32.5127 23.736 17.8532 19.1242 17.158 17.2198 16.5881 14.4991 11.8647 9.0567 7.1406 6.7449 5.997 5.816 4.5113 4.144 4.0927 4.0607 3.9147 3.8387 3.2971 3.2978 3.2984 3.4028 3.4015 3.4024 3.4032 3.3858 3.3852 3.3846 3.3842 3.3838 3.3315 3.3303 3.2243 3.2234 3.2226 3.2219 3.2213 3.2207 2.9653 2.9626 2.9602 2.9028 2.9006 2.8986 2.8968 2.8951 2.4692 2.4667 2.4645 2.4625 2.0914 
29.0753 29.1157 29.3242 29.3386 33.6998 33.7153 33.7317 37.1931 36.9017 36.3234 36.3656 34.3561 34.3395 32.334 32.3318 32.1739 30.2635 32.7888 33.587 33.5787 34.7506 32.9894 34.8271 33.4408 28.7011 28.5795 21.731 24.3541 21.702 20.4048 13.723 13.6803 13.6235 13.4575 12.4253 8.7718 7.9554 10.0621 8.6951 9.0573 9.4678 8.8783 8.5099 8.3492 8.149 7.9404 9.4062 16.09 15.5769 15.7069 15.9174 20.7554 21.7701 28.4993 32.5949 35.1666 33.9874 31.6902 31.7991 27.5986 23.9549 31.6146 18.7932 14.6192 18.9688 17.1246 13.5027 14.1288 14.7456 14.1703 12.9317 12.8845 8.384 6.6449 6.207 5.4109 4.6004 4.4558 4.0958 4.0432 3.8977 3.8706 3.1999 3.2967 3.2978 3.4022 3.4023 3.4016 3.4028 3.4037 3.3859 3.3852 3.3845 3.384 3.3324 3.3309 3.3297 3.2241 3.2231 3.2222 3.2215 3.2208 3.2202 2.9647 2.9618 2.9592 2.9015 2.8991 2.897 2.8951 2.4706 2.4677 2.4651 2.4628 2.4607 2.0902 1.68 
29.0524 29.0955 29.3221 29.3383 29.355 33.7112 33.7295 37.191 36.9117 36.3082 36.3549 34.3705 34.3521 34.6447 32.3467 32.2196 32.1078 32.803 29.9988 33.5601 34.7004 32.9822 34.8008 33.4864 33.36 28.6033 21.7841 21.7199 21.7193 21.7166 20.6022 13.7609 13.6937 13.6084 13.3761 8.8546 8.0452 7.3324 10.0588 8.9748 9.528 9.1001 8.7516 8.5244 8.2369 7.949 7.7027 13.9361 14.8116 15.5382 15.717 16.0856 16.9288 23.0674 31.9915 38.828 40.5054 27.3274 22.1769 22.6812 18.8141 17.4813 16.3097 15.6961 15.362 13.7955 11.1517 11.0503 10.762 12.1264 11.1331 9.5959 7.5345 5.4196 4.6373 4.3146 4.2311 3.957 3.9346 3.2651 3.3155 3.1989 3.2959 3.2977 3.2852 3.2883 3.4019 3.4033 3.3872 3.3861 3.3852 3.3844 3.3838 3.3319 3.3302 3.2251 3.2238 3.2227 3.2217 3.2209 3.2202 2.9674 2.9638 2.9607 2.9028 2.8999 2.8974 2.8951 2.4723 2.4689 2.4659 2.4632 2.4608 2.0907 1.6808 1.3155 1.3144 
29.025 29.0707 29.122 29.3371 29.3561 33.7058 33.7262 37.1884 37.2008 36.8899 36.3407 36.4022 34.3673 34.6363 32.364 32.6611 32.1512 32.8227 30.0041 33.5376 34.6338 32.9715 30.135 34.0835 33.3987 28.6366 21.8513 21.776 21.7389 21.7285 20.2967 13.8715 13.7928 13.6832 13.4551 8.9707 8.1838 7.957 9.9809 8.7971 9.5673 9.4163 9.1106 8.7667 8.3254 7.9144 7.6003 13.5272 14.6199 14.6822 14.7956 15.442 15.7083 22.5836 23.1132 35.2475 21.5533 19.3 18.7664 16.436 16.4092 15.7347 14.6382 14.1956 13.5239 12.4459 10.8567 9.6097 9.5553 9.3067 7.7405 7.8205 6.5334 4.8923 3.8639 3.598 3.4795 3.4365 3.2601 3.197 3.1956 3.2943 3.2001 3.2887 3.4 3.4024 3.404 3.3878 3.3864 3.3852 3.3842 3.3335 3.3312 3.2265 3.2248 3.2233 3.2221 3.221 3.2202 3.2195 2.9666 2.9627 2.9045 2.901 2.8979 2.8953 2.8929 2.4705 2.467 2.4638 2.4609 2.0915 1.6819 1.6803 1.3154 1.3142 1.426 
28.9924 29.0405 29.0955 29.3346 29.3563 29.3787 33.7215 33.7461 37.1989 36.9015 36.3217 36.3862 34.3857 34.3602 32.3844 32.3799 32.2089 30.2826 32.7673 33.5104 33.4955 34.7406 30.147 34.0648 33.4532 28.6841 21.9381 21.8495 21.763 21.7375 20.4289 14.73 13.9406 13.7972 13.617 13.2698 9.0434 8.1114 7.0971 8.4269 9.5287 9.8893 9.6947 9.1203 8.378 7.7786 7.4001 7.3978 14.4029 14.3594 14.2693 14.0456 13.3465 14.9196 13.9118 13.7414 16.5944 15.7194 14.8367 14.8016 14.648 14.6124 13.1423 12.4646 10.6892 9.2891 9.1525 9.0725 8.5668 7.1067 7.427 5.9828 4.9519 3.685 3.5227 3.4005 3.2178 3.226 3.1803 3.1874 3.1994 3.2077 3.3074 3.4001 3.4031 3.4052 3.3885 3.3866 3.3852 3.384 3.3329 3.2287 3.2262 3.2242 3.2226 3.2212 3.2201 3.2192 2.9705 2.9656 2.9613 2.9026 2.8988 2.8955 2.8927 2.4726 2.4684 2.4646 2.4612 2.0924 2.0897 1.6813 1.3166 1.3152 1.3139 1.4257 1.4251 
28.9534 29.0038 29.0623 29.1293 29.3552 29.3813 33.7149 33.7429 37.1963 36.9165 36.2965 36.3695 36.3665 34.3795 34.6727 32.4042 32.659 30.3082 32.7915 30.9206 33.4524 34.6527 30.1586 34.0369 33.5316 28.7534 28.482 21.9491 21.8033 21.7415 21.7275 11.8349 14.8559 13.9889 13.7143 13.3337 9.3253 8.4146 7.2204 8.8905 9.2354 10.6205 10.7841 9.6703 8.2534 7.4174 4.6065 4.3878 10.9804 12.7053 13.823 13.3025 11.9607 9.1702 10.5667 12.8523 11.7442 13.9802 13.7965 13.2942 12.698 13.1131 11.7594 10.0742 8.8807 7.2211 7.0408 6.6372 6.3025 5.9082 4.6699 3.9544 4.0998 3.3747 2.9894 2.8893 2.9346 3.0108 3.1837 3.2117 3.306 3.3134 3.4006 3.4046 3.4072 3.3896 3.387 3.385 3.336 3.2322 3.2286 3.2257 3.2234 3.2216 3.2201 3.219 3.218 2.9697 2.9641 2.9048 2.9 2.896 2.8925 2.4755 2.4702 2.4657 2.4617 2.073 2.0904 1.6828 1.6806 1.3164 1.3149 1.3136 1.4254 1.4248 1.5414 
28.907 28.959 29.0209 29.0932 29.3522 29.3827 33.7057 33.7377 33.7724 36.9364 36.8814 36.3455 36.4054 34.4035 34.657 32.4342 32.712 32.1684 32.8295 30.9334 33.396 34.5241 33.0554 30.3256 34.0927 33.3406 28.511 22.0898 21.9008 21.7385 21.6885 12.7915 12.2515 15.0137 13.9074 13.4105 10.5204 9.0448 7.8718 7.7753 8.1475 11.9817 13.2266 10.4888 7.4109 4.5192 4.2183 4.468 2.7221 5.2147 6.9598 8.4339 9.1223 9.2676 9.6401 9.6922 10.3987 10.7294 13.2442 12.2067 11.0273 10.37 9.7819 8.0689 7.1065 6.78 5.7282 5.1712 4.6417 4.7878 3.4827 3.1682 3.2073 2.8111 2.5163 2.6881 3.0139 3.2017 3.2424 3.3163 3.3255 3.4022 3.4074 3.3957 3.3913 3.3876 3.3848 3.3353 3.2326 3.2281 3.2247 3.2221 3.2201 3.2185 3.2174 2.9756 2.9684 2.9621 2.902 2.8968 2.8925 2.6049 2.4729 2.4672 2.4624 2.0744 2.0709 1.727 1.682 1.6797 1.3162 1.3146 1.4257 1.4251 1.4244 1.5411 1.5409 
28.852 28.9048 28.9693 29.0467 29.138 29.3822 29.4199 33.7296 33.7704 37.21 36.8991 36.3116 36.4208 34.4342 34.3911 32.472 32.4592 32.625 30.3268 30.9555 30.8525 34.3315 34.7569 30.3913 34.0422 33.4263 28.5629 22.2996 22.0482 21.7281 21.5936 12.984 12.8072 13.0043 14.4127 13.293 10.6526 10.4505 8.4941 4.8278 4.4874 11.096 14.8848 6.009 3.5543 3.6346 3.7187 1.9433 2.6925 2.6537 3.8044 4.8017 5.3124 6.4922 6.0588 9.0267 9.6621 9.0178 8.0904 9.6387 10.0025 8.1277 7.654 6.7772 5.8721 5.1979 4.0398 4.0722 3.6884 3.4002 3.0461 2.9037 2.3329 2.3509 1.8854 2.3722 3.0175 3.2761 3.3494 3.3542 3.4074 3.4129 3.4011 3.3942 3.3884 3.3222 3.2402 3.2326 3.2271 3.223 3.2201 3.2179 3.2163 3.2152 2.9747 2.9664 2.905 2.8982 2.8926 2.782 2.6023 2.4695 2.4634 2.0762 2.0719 1.7285 1.7265 1.6811 1.3178 1.3159 1.3141 1.4253 1.4246 1.541 1.5408 1.5405 1.5403 
28.7871 28.8391 28.905 28.9868 29.0862 29.3784 29.4243 33.7174 33.7656 37.2069 36.924 36.8404 36.3905 36.3323 34.4234 34.7147 32.5058 32.6882 28.7627 30.9943 30.8548 33.1541 34.5703 30.4784 29.5816 34.1118 28.6551 22.6334 22.2943 20.47 21.3859 18.5496 13.4786 14.4371 14.3938 13.0645 10.0956 13.7352 10.4716 0.8108 4.1939 4.0113 3.7261 0.8207 2.2252 2.9096 1.7734 2.6557 2.4065 2.6226 2.88 3.4601 4.2231 5.104 5.2468 6.0339 7.9962 7.6404 7.3171 6.3609 7.2477 6.4725 6.6828 5.6886 4.7106 4.2609 3.7749 3.5881 3.3534 3.1987 2.7224 2.3677 1.7406 1.7674 1.633 1.737 2.6389 3.309 3.4129 3.423 3.4234 3.4111 3.3998 3.2909 3.3216 3.242 3.2319 3.2249 3.2201 3.2169 3.2147 3.2132 3.0776 2.9731 2.9635 2.7945 2.7886 2.7827 2.7791 2.5989 2.4651 2.0788 2.0734 1.7305 1.728 1.7257 1.396 1.3175 1.3154 1.3136 1.4248 1.4241 1.5406 1.5403 1.5401 1.5399 1.3862 
28.7108 28.7601 28.8255 28.91 29.0166 29.1477 29.4255 29.4846 33.7564 33.8203 35.07 36.8589 36.3435 36.3911 34.4667 30.8769 32.57 32.7861 29.2175 30.1137 30.869 32.9433 34.2363 30.588 29.8197 33.9666 28.813 23.7357 22.773 20.0975 18.8734 19.6189 13.9698 16.2983 20.1304 11.6348 8.3907 8.2686 5.3307 4.4513 3.9236 2.1466 4.7918 2.8976 2.1714 1.9957 2.8041 2.6511 2.3801 2.5457 2.85 3.3403 3.6029 4.7891 4.7481 5.3986 5.6026 5.5165 5.4676 4.7009 4.7962 5.5391 4.4498 4.2965 3.6669 3.0957 2.7882 3.155 2.9541 2.4413 1.5985 1.2111 1.1672 1.304 1.4346 1.5488 1.675 2.3854 3.1084 3.3862 3.3097 3.3344 3.234 3.202 3.2434 3.2294 3.2206 3.2152 3.2119 3.2099 3.1403 3.0757 2.9703 2.8003 2.7918 2.7842 2.7792 2.5995 2.5944 2.2342 2.0756 2.0698 1.73 1.7272 1.6817 1.3959 1.3172 1.3149 1.3128 1.4242 1.5403 1.54 1.5398 1.5396 1.386 1.3866 1.3043 
23.7575 23.7765 28.7274 28.8117 28.9236 29.0676 28.5968 29.4968 33.74 33.8198 35.0595 36.8882 36.2719 36.4787 32.2423 30.9933 32.6654 32.6061 29.2884 28.864 30.9149 30.5701 29.3804 32.2094 30.25 29.914 28.8306 24.3597 22.979 20.2532 18.0572 13.2037 12.9712 14.7621 18.6895 9.2186 6.0047 6.2474 4.807 6.9391 6.3761 5.3253 7.6377 6.3919 4.2114 3.593 3.37 2.6469 2.3422 2.2818 2.8667 3.0768 3.3388 3.947 4.6148 4.7072 5.2987 5.0012 4.06 4.2335 3.7384 3.4555 3.4985 2.6158 2.287 2.6184 1.6134 1.913 1.6122 1.3361 1.1235 1.1027 0.806 0.9948 1.106 1.3622 1.5082 1.553 2.3229 3.1458 3.2767 3.2908 3.2198 3.2427 3.2227 3.0973 3.0893 3.0839 3.1395 3.1372 3.0724 2.8103 2.7977 2.7869 2.7799 2.7744 2.5937 2.2377 2.2309 1.8688 1.7329 1.7293 1.7262 1.3977 1.3195 1.3166 1.3141 1.4244 1.4234 1.5397 1.5394 1.385 1.3858 1.3865 1.3045 1.3049 1.3053 
23.7885 23.784 23.8092 28.6871 28.7999 28.9542 29.1568 29.5039 33.7115 33.8129 35.0359 36.9339 36.7621 36.4141 32.328 34.5142 31.1437 32.7247 32.6058 29.3752 31.053 30.4416 29.5846 31.849 31.0588 30.8274 28.1344 24.8808 28.6014 18.7394 15.7559 11.4542 11.9899 10.6008 8.5275 6.3468 6.6132 10.1587 10.4935 8.4672 8.4285 7.1095 6.706 5.1548 3.6319 4.1767 3.5349 2.7493 2.6665 2.181 2.0237 2.8084 2.9539 3.4299 3.4459 4.5916 4.0332 3.669 3.6515 3.1794 3.1736 2.915 2.0958 1.8756 1.7253 1.64 1.5314 1.521 1.4495 1.3259 1.3316 1.2117 1.1692 1.0358 1.0489 1.1569 1.4716 1.5684 1.7554 2.6921 3.4844 3.2527 3.1491 3.1161 3.0987 3.0889 3.1364 3.1336 3.132 3.067 2.8086 2.7925 2.7817 2.7737 2.6241 2.4444 2.2339 1.8728 1.8684 1.7323 1.7282 1.7248 1.3976 1.319 1.3158 1.3131 1.4235 1.4225 1.5389 1.3844 1.3854 1.3863 1.3046 1.3052 1.3056 1.3061 1.3064 
23.7545 23.807 23.8177 23.8524 28.6366 28.7948 29.019 28.6552 29.6446 33.7933 33.9465 35.1334 36.7862 32.4164 32.412 32.3797 31.4555 29.3836 32.7592 29.5783 29.8637 30.2767 27.3021 29.3335 32.2619 34.3538 24.5653 20.3837 17.5964 12.1766 10.7892 11.0141 9.2715 8.4247 8.5388 8.1546 9.6947 10.9518 10.4775 8.8493 8.5711 8.2018 6.8839 6.3754 5.3501 5.0782 4.3087 4.353 3.2341 3.5266 2.7656 2.5946 2.4898 2.0968 2.5855 3.1481 3.6025 3.0627 2.7452 2.6792 2.6993 2.0146 1.8114 1.7462 1.6882 1.7387 1.6859 1.5999 1.5071 1.5618 1.6243 1.5316 1.4131 1.1988 1.0841 1.0145 1.0821 1.488 1.8009 2.5035 2.9078 3.162 3.1202 3.0665 3.048 3.1235 3.1232 3.0538 2.9665 2.8041 2.7864 2.7736 2.6243 2.4448 2.4397 1.8791 1.8728 1.8677 1.7312 1.7266 1.4002 1.3974 1.3183 1.3147 1.3117 1.4223 1.5381 1.3836 1.3849 1.386 1.3046 1.3053 1.306 1.3065 1.3069 1.3073 1.3076 
23.6006 23.7609 23.8282 23.8615 23.9123 28.5729 28.8092 28.5587 28.8548 33.7465 33.9679 35.1203 36.8283 32.5954 32.4801 32.7853 32.0713 30.4929 32.0348 29.9446 30.1106 30.5467 25.5554 26.1962 29.7141 20.5699 18.1456 13.9025 13.2952 10.5765 9.8097 9.7388 9.3678 8.8491 9.1019 8.3914 8.6993 10.7443 10.4788 11.3833 8.8324 8.7155 9.1422 8.831 8.7875 7.0708 5.5827 5.566 5.0806 3.989 3.2876 3.042 2.7819 2.4841 2.6332 2.5061 2.3138 2.6118 2.2674 2.1295 1.6776 1.5907 1.5762 1.6574 1.8147 1.9165 1.9222 1.8759 1.7765 1.7602 1.6831 1.6686 1.4246 1.2587 1.1166 1.0332 0.9877 1.0528 1.798 2.0855 2.7113 2.963 3.0046 2.9897 2.9735 3.0535 3.0525 2.9846 2.7982 2.6389 2.6261 2.6176 2.4381 2.0905 1.8802 1.8726 1.8665 1.7295 1.7243 1.4002 1.3969 1.3171 1.3132 1.3099 1.4207 1.3824 1.3841 1.3855 1.3046 1.3055 1.3063 1.3069 1.3074 1.3078 1.3082 1.3085 1.8034 
23.5255 23.5832 23.6631 23.8512 23.92 24.0004 24.1023 28.8799 28.7484 28.9705 33.9811 32.259 35.2831 32.9215 31.4788 32.7222 31.5284 33.7253 29.1941 31.0598 37.9326 30.4625 28.8807 21.1617 21.7888 20.2056 13.9693 13.0383 11.2036 9.9373 9.7463 9.2766 9.2795 9.4649 9.8309 9.7088 10.2462 11.1869 10.9666 10.8004 10.7035 10.508 10.9294 10.8809 10.1233 9.59 8.7115 7.0921 5.8575 5.389 4.143 3.5488 2.6952 2.5269 2.4673 2.0337 2.0609 1.9628 1.8424 1.8338 1.6161 1.6038 1.6839 1.8312 1.9184 2.0019 2.0807 2.044 1.9343 1.7696 1.6918 1.6702 1.5981 1.4216 1.2472 1.0544 1.0043 0.9746 1.1238 1.7605 2.3533 2.8816 3.0414 2.9932 3.0489 3.0471 2.9505 2.7762 2.6331 2.6169 2.6069 2.4085 2.091 1.8812 1.8718 1.7345 1.7269 1.4043 1.3998 1.3961 1.3155 1.3111 1.42 1.3806 1.3828 1.3847 1.3863 1.3056 1.3065 1.3073 1.308 1.3085 1.309 1.3093 1.8011 1.8053 1.8092 
23.4358 23.4803 23.5463 23.6446 23.8713 23.9997 24.1426 24.3464 28.5202 29.1887 30.0323 32.5627 35.079 31.3603 32.5028 31.6706 30.2577 37.2536 22.5628 24.2569 21.1429 19.8658 18.9806 19.6937 17.0535 15.4264 13.2307 12.3765 9.9494 9.2896 9.0304 8.1181 8.522 9.196 9.4845 9.7869 10.3899 11.2504 11.1159 11.3131 11.5858 12.8716 11.7838 11.7906 11.2816 10.8643 9.7612 8.8977 6.747 6.0385 5.2675 4.6582 3.1599 2.6424 2.3811 1.9717 1.9103 1.884 1.954 2.0219 1.9682 1.9618 2.0149 2.0218 1.9779 1.9628 1.9785 1.9768 1.912 1.7553 1.667 1.6205 1.6455 1.6098 1.2817 1.0056 0.984 0.9459 0.9664 1.2879 2.3474 2.8236 2.9938 3.0335 3.0259 2.8522 2.8256 2.6216 2.4214 2.4094 2.4024 1.8978 1.8818 1.87 1.7316 1.7227 1.4042 1.3989 1.3191 1.313 1.3082 1.2588 1.3808 1.3833 1.3855 1.3055 1.3068 1.3078 1.3086 1.3093 1.3098 1.3103 1.3106 1.8031 1.8077 1.8118 2.2261 
23.3334 23.3585 23.4007 23.4707 23.5873 23.7838 24.1024 24.4071 24.9644 28.9437 29.5803 33.5399 32.7014 31.0696 38.4024 30.7839 24.7167 21.0939 18.2097 17.7554 16.6465 17.5652 17.505 15.8526 15.4252 14.0609 11.4807 10.3425 9.1275 8.8963 7.3893 7.3665 8.247 8.9231 9.942 10.6986 11.2956 11.7315 11.6071 12.0783 12.621 13.7228 13.2219 12.1136 11.9091 11.3161 11.2062 10.1844 9.1289 7.4464 6.3363 5.3588 4.1912 3.3013 2.3944 1.9592 1.961 1.9956 2.0863 2.0946 2.1007 1.977 2.0135 2.0403 1.8253 1.8128 1.8241 1.8383 1.7905 1.6885 1.6178 1.5056 1.5712 1.5635 1.2991 1.0553 0.98 0.9192 0.839 1.4813 2.4054 2.9534 3.0329 3.0238 2.8526 2.6736 2.6186 2.4203 2.401 2.1092 1.9034 1.8815 1.8662 1.7264 1.4118 1.4035 1.3972 1.3162 1.3094 1.3041 1.2585 1.3812 1.3841 1.3051 1.3068 1.3082 1.3093 1.3102 1.3109 1.3114 1.3118 1.8001 1.8057 1.8106 2.2243 2.2289 2.233 
19.4613 19.5237 19.614 23.2574 23.3148 23.4327 23.6694 24.0834 25.0296 28.085 27.2437 42.4833 28.9073 25.8295 18.0379 23.4774 19.1791 17.1078 15.8073 14.4443 14.1801 15.0153 15.1826 14.1228 13.5562 10.891 10.0443 7.8871 8.4182 7.6122 7.1614 7.9012 8.5968 8.912 9.7293 10.9374 11.4682 11.7881 12.0126 12.2948 12.8845 13.2357 12.9651 12.4761 12.5871 12.0286 11.4043 11.1626 9.8744 8.2717 7.3435 6.4782 4.674 4.1165 2.9836 2.1899 1.8846 1.991 2.0432 2.0694 2.0034 1.9185 1.9213 1.85 1.7907 1.7095 1.6427 1.7641 1.7032 1.6726 1.5321 1.512 1.5094 1.3944 1.2115 1.1063 1.1801 1.668 1.5976 2.1678 2.4492 2.9639 3.0515 2.9214 2.7937 2.6247 2.4204 2.3836 2.1143 1.9292 1.8789 1.8587 1.5041 1.4117 1.4015 1.3942 1.3117 1.304 1.2558 1.3775 1.3817 1.3042 1.3066 1.3086 1.3101 1.3112 1.3121 1.3128 1.3133 1.3137 1.8028 1.8088 2.222 2.2275 2.2324 2.2367 2.4729 
19.3539 19.3951 19.4603 19.5651 19.7365 22.9905 23.0332 23.1609 23.132 26.7828 22.6412 19.2246 19.3772 16.7885 18.2283 18.9351 17.143 16.3851 15.5388 13.0787 12.4291 12.6858 11.9935 12.8432 11.6883 9.7524 8.8434 7.356 7.0226 6.7191 7.0546 8.5914 8.8875 8.9517 9.9915 11.2718 11.627 11.7568 12.3263 12.8595 12.9934 12.7842 12.5294 12.3765 12.5596 12.5472 12.204 11.3183 11.0992 10.1272 8.3217 7.2563 6.5335 3.701 3.5042 2.3974 1.9865 1.9071 1.9713 1.9961 1.9258 1.9484 1.8032 1.8588 1.836 1.5717 1.577 1.654 1.6292 1.5856 1.7888 1.807 1.7978 1.7965 1.976 2.0819 1.9981 2.3025 2.6171 2.5257 2.558 2.7249 2.8651 2.7911 2.5887 2.4537 2.2383 1.9899 1.9319 1.8707 1.5201 1.5034 1.4095 1.3971 1.3887 1.3043 1.2513 1.2547 1.3775 1.3022 1.3058 1.3086 1.3108 1.3124 1.3136 1.3145 1.3151 1.3156 1.7987 1.8062 1.8127 2.2256 2.2315 2.2366 2.4734 2.4746 2.4756 
19.2301 19.2399 19.2625 19.3098 19.4061 19.6001 19.9786 20.978 21.5574 21.2761 18.2239 20.7109 18.0351 14.6995 17.8558 17.0252 14.4963 13.0793 12.3267 11.8474 11.2368 10.3764 10.1898 10.0286 8.9136 8.1607 7.4565 6.8752 6.1804 6.6123 7.1405 7.5914 8.4542 9.2565 10.1072 11.3523 11.8647 12.2791 12.8969 13.2521 13.2144 12.6908 12.806 12.6217 12.5684 12.7095 13.3932 13.1791 11.6745 10.7427 10.055 8.0101 7.1976 5.8127 3.9663 2.6728 1.9454 1.66 1.9181 1.9091 1.8892 1.8722 1.8087 2.0928 1.9604 1.6184 1.5683 1.6529 1.9568 1.9376 2.2177 2.2681 2.2365 2.4444 2.6558 2.8359 2.8225 2.7004 2.8958 2.804 2.5938 2.5692 2.4898 2.4548 2.461 2.2039 2.0424 1.9311 1.6737 1.5203 1.4971 1.4024 1.3879 1.3056 1.2924 1.2485 1.2531 1.3737 1.3037 1.3081 1.3113 1.3137 1.3155 1.3167 1.3175 1.318 1.3184 1.8024 1.8106 2.2229 2.2302 2.2365 2.2418 2.4755 2.4767 2.4777 2.4785 
16.9649 16.9828 19.0349 18.9963 18.9578 18.9412 19.0243 18.9128 19.5585 18.8196 18.3021 18.414 15.6851 13.5441 12.2142 12.3658 12.6236 9.9217 9.1966 9.8222 9.269 8.2477 7.7421 8.1531 7.3234 6.9584 6.1807 5.8932 5.6344 5.637 6.8686 7.2311 7.8302 8.7311 9.8636 11.978 12.3607 13.466 13.8638 13.6338 13.0637 12.7414 12.8485 13.1796 13.4348 13.4488 15.6071 13.421 12.1347 11.1063 10.1108 9.3954 7.4425 6.6266 5.1899 3.5892 1.9529 1.596 1.7451 1.8478 1.8545 1.956 1.8447 1.8918 1.9133 1.9002 2.0204 2.0756 2.4055 2.5784 2.6776 2.8448 2.8674 2.864 3.054 3.2441 3.3114 3.1614 3.0311 2.8324 2.6219 2.2611 2.2778 2.1275 1.9318 1.9294 1.8592 1.6496 1.4971 1.4745 1.3841 1.3696 1.1324 1.0723 1.2441 1.3631 1.2984 1.3059 1.3113 1.3151 1.3178 1.3195 1.3207 1.3213 1.3217 1.7966 1.8072 2.219 2.2283 2.2361 2.2427 2.4767 2.4781 2.4793 2.4802 2.6448 2.6446 
16.7852 16.7538 16.7152 16.6668 16.6039 16.5156 16.3735 16.8016 18.1572 17.4003 14.86 14.3847 12.9163 12.3544 11.3013 11.3764 10.9464 9.1213 8.4994 7.1837 7.195 7.3006 7.0653 5.4597 5.8045 4.7024 4.4723 4.7887 4.6277 4.8232 5.6105 7.1958 7.9823 8.5135 9.9743 11.7073 12.6712 14.3211 14.0046 13.7092 13.6512 12.7237 12.9119 13.4694 14.075 15.4463 15.2088 12.8738 12.4889 11.6862 10.5483 9.5938 8.4475 7.6851 5.4491 4.0519 2.7635 1.5005 1.739 1.8162 1.8932 1.9055 1.7672 1.8508 1.8613 1.9838 2.4983 2.6332 2.7469 2.9968 3.2159 3.3019 3.2251 3.169 3.1215 3.1135 3.2055 2.9021 2.7676 2.7591 2.616 2.4149 2.1294 1.9306 1.712 1.4575 1.3613 1.3957 1.4125 1.3457 1.1528 1.1305 1.0688 1.2368 1.2851 1.2995 1.3095 1.3162 1.3206 1.3234 1.325 1.3259 1.3263 1.7877 1.8019 2.2134 2.2253 2.2353 2.2436 2.2505 2.48 2.4814 2.4824 2.6466 2.6463 2.6459 2.7339 
11.7525 11.7749 11.8085 14.1266 14.059 13.9546 13.7543 13.1676 13.7966 14.7449 13.209 11.1619 11.198 11.2072 10.4411 10.1346 8.6344 7.5848 6.7381 6.8374 5.5893 5.6893 5.3543 4.4465 3.9925 3.4181 3.6675 3.3254 3.7142 4.3679 5.0502 6.5607 7.9586 9.2172 10.8093 12.4528 13.3509 14.2859 14.6058 13.7886 15.348 13.1012 13.8908 14.7799 14.4304 14.9227 14.4031 12.7999 12.4661 11.9508 11.1821 10.3992 9.2156 7.0531 5.7238 5.0655 2.2819 1.2653 1.6862 1.9769 1.949 1.9152 1.8698 1.9126 2.0145 2.3354 2.5444 2.7858 2.7739 3.0287 3.0351 3.353 3.3151 3.1872 3.0549 2.9764 2.8921 2.7337 2.5758 2.4083 2.3761 2.2227 2.0107 1.7401 1.5101 1.3188 1.2877 1.3112 1.1794 1.1623 1.076 1.0594 1.1482 1.2799 1.3016 1.3155 1.3239 1.3288 1.3315 1.3327 1.333 1.3328 1.7932 1.8093 2.2208 2.234 2.2447 2.2534 2.4827 2.4843 2.4854 2.6491 2.6486 2.6481 2.8212 2.733 2.7304 
9.0535 9.0978 9.1617 9.2581 9.411 9.6643 10.4785 10.7932 10.764 10.0761 11.7309 9.8508 8.9623 9.3668 9.6541 6.612 5.9299 6.5563 6.0889 5.5973 4.6793 4.5355 4.1509 2.9777 2.8433 2.6281 1.8969 1.8466 2.4354 4.1354 4.7286 5.8682 8.411 9.8368 11.0245 12.9329 13.3631 14.6215 17.6936 15.2182 13.8122 13.2131 13.4895 13.5987 12.5277 13.3097 13.8428 12.3589 12.3245 11.9194 11.7095 11.0963 10.1061 7.8974 6.1043 5.2054 3.6434 1.7276 1.9282 1.9787 2.0215 2.0134 1.9927 1.8803 2.2325 2.4191 2.3226 2.4724 2.5969 2.4454 2.5303 2.6441 3.146 3.028 2.9051 2.7849 2.6096 2.335 2.3129 2.2266 2.1078 1.949 1.7035 1.5333 1.3921 1.1293 1.138 1.2794 1.0752 1.0561 0.9675 1.1235 1.2698 1.306 1.3264 1.337 1.3419 1.3437 1.3437 1.3429 1.7789 1.8014 2.2134 2.2314 2.2458 2.2572 2.6263 2.4884 2.4897 2.6527 2.6519 2.651 2.8224 2.7305 2.7318 2.729 2.4713 
8.9266 8.9342 8.9441 8.9573 8.9764 9.0087 9.0876 9.1182 8.6339 8.9639 8.1526 8.0395 7.7957 6.7778 6.1066 5.4738 5.2138 4.7377 4.9859 4.2883 3.5601 3.649 2.9533 2.1787 1.7412 1.5669 1.3865 1.5887 1.9347 4.1136 5.6308 6.8555 7.8064 10.7158 11.7763 12.8273 13.228 14.9139 16.4524 14.1834 12.7019 11.7511 8.7617 8.7153 9.2012 11.4118 12.6969 13.4242 11.7471 11.4728 11.5471 11.0045 10.2277 9.2684 6.8065 4.8909 3.7085 2.3166 1.4548 1.964 2.0188 2.102 2.0004 1.9161 2.0253 2.2137 2.0111 2.0965 2.0386 2.265 2.114 2.049 2.3361 2.7457 2.7802 2.5263 2.374 2.2408 1.8738 1.7243 1.8844 1.7292 1.6134 1.2953 1.1566 1.0357 0.5604 0.826 0.9755 0.9464 1.0107 1.2444 1.316 1.3487 1.3609 1.3638 1.3628 1.3601 1.6861 1.7047 2.2008 2.2267 2.2468 2.6176 2.6271 2.4943 2.4959 2.4966 2.6565 2.6552 2.8241 2.8212 2.7293 2.7302 2.4728 2.4701 2.5128 
8.7987 8.7692 8.7244 8.6533 8.5357 7.3135 7.2496 7.2568 7.3082 7.4398 7.0032 6.3765 5.678 5.3553 4.6814 4.2057 4.0506 4.0026 2.8927 2.3467 2.5171 2.2101 1.9209 1.8476 1.6625 1.5724 1.4603 1.5585 3.3042 3.7963 5.9929 7.4344 8.5458 10.1909 12.0836 12.906 13.9206 16.751 15.282 12.9313 11.0091 7.7913 6.7154 6.9519 7.6527 9.0818 11.5686 13.2102 11.4109 11.2154 11.3546 11.2256 10.2178 9.2699 7.723 6.426 3.5897 1.3812 1.0173 2.0357 2.0489 2.2184 2.0797 1.9045 1.8685 1.9154 1.9347 1.642 1.4575 1.4698 1.568 1.9354 2.0083 2.0727 2.221 2.2952 2.1248 1.8157 1.6416 1.5326 1.4352 1.5571 1.424 1.006 1.0427 0.9903 0.6603 0.8053 0.8603 0.8835 1.1364 1.3402 1.4024 1.4103 1.4037 1.3943 1.6403 1.6998 1.7208 2.2175 2.5966 2.6147 2.6283 2.6383 2.5052 2.5058 2.6635 2.8312 2.8267 2.8229 2.8198 2.6033 2.4748 2.4714 2.5138 2.511 2.5086 
7.0877 7.0728 7.049 7.009 7.0184 6.8334 5.611 5.2881 4.5885 5.3612 5.7284 5.6236 4.1283 4.0625 3.6196 3.5539 2.7743 2.1781 2.0471 1.8937 1.9325 1.8844 1.7876 1.8044 1.7469 1.5978 1.4745 1.6559 3.1288 3.777 5.9496 7.3554 9.2471 10.5422 11.3735 12.7289 12.9493 14.6913 15.0072 13.5127 9.0687 7.4608 5.0192 2.4539 5.2855 7.8912 10.1306 12.3839 11.81 11.5697 11.5194 11.1529 10.5123 9.1686 8.1684 6.1048 3.4774 2.0553 1.4896 1.8808 2.1282 2.1586 1.9725 1.9037 1.8814 1.8767 1.8147 1.5192 1.3249 1.1471 1.3733 1.649 1.7784 1.787 1.7135 1.7565 1.7477 1.7337 1.4764 1.0789 1.3334 1.2757 1.1538 0.9616 1.195 1.3545 1.2914 0.9698 0.8842 0.9242 1.408 1.5698 1.5262 1.4807 1.6491 1.6664 1.7237 2.1986 2.5806 2.6096 2.6301 2.6445 2.6546 2.6507 2.6743 2.8373 2.831 2.8257 2.8214 2.7291 2.601 2.4733 2.4696 2.5117 2.5087 2.5061 2.2817 
6.0578 4.7973 4.7927 4.7839 4.7665 4.7308 4.6556 4.0794 4.1242 3.9025 4.4765 3.8556 3.4351 2.7814 2.1258 2.0684 2.3602 2.0354 1.5905 1.6341 1.6359 1.7007 1.7282 1.7954 1.9548 1.643 1.4519 1.5946 2.2432 4.6771 5.9361 7.9232 9.2857 10.834 11.2902 12.1963 12.6459 13.0138 13.2553 12.7478 7.7172 5.6647 4.0528 1.2569 4.0874 8.1115 11.0249 12.1887 13.0598 11.6985 11.6714 10.9787 10.4592 9.5653 7.288 5.5814 3.3787 2.2733 0.9692 1.4159 2.1124 2.057 1.8892 1.922 1.9178 1.9584 1.8602 1.5511 1.2308 1.07 1.2608 1.1939 1.1716 1.3965 1.3721 1.4047 1.4551 1.4857 1.4033 1.0991 1.1004 1.1537 1.1876 1.1918 1.3194 1.5836 1.3665 1.0102 1.0219 1.3341 1.8704 1.7794 1.6807 1.6404 1.7135 2.0673 2.5493 2.5996 2.6332 2.6552 2.6694 2.6784 2.8591 2.8476 2.8381 2.8304 2.8242 2.8192 2.7266 2.472 2.4712 2.4672 2.5089 2.5057 2.2814 2.1303 2.267 
4.4786 3.7333 3.7358 3.7392 3.7442 3.7519 3.766 3.8474 3.8728 3.5633 3.2855 3.0226 3.0656 2.2393 1.7132 1.5631 1.4831 1.4321 1.3673 1.4706 1.5762 1.6308 1.6478 1.6031 1.7439 1.6525 1.3715 1.4546 2.5634 3.9532 5.5601 7.6054 8.6723 9.9907 10.6043 11.3558 12.3591 11.4021 11.2199 11.1631 8.7949 6.7395 5.5586 5.9999 5.476 8.0437 12.12 13.8375 14.5547 12.0349 11.7297 11.4957 10.8071 9.0787 7.819 5.5117 3.1217 1.3224 0.7646 1.2207 1.9039 1.8765 1.8058 1.977 1.9757 1.9136 1.8377 1.6651 1.1773 1.034 0.8614 0.9104 0.8441 0.6595 0.866 1.1515 1.0631 1.4207 1.4445 1.1558 1.0939 1.1163 1.2383 1.2851 1.3085 1.3544 1.4486 1.3377 1.4642 1.6268 1.809 1.8566 2.0388 2.1717 2.2981 2.5802 2.6392 2.6754 2.6965 2.8854 3.0119 2.8657 2.8508 2.8388 2.8293 2.8219 2.7284 2.4757 2.4696 2.4683 2.464 2.5053 2.502 2.1299 2.1305 2.2674 2.8921 
3.715 3.7123 3.7082 3.7017 3.6913 3.6749 3.5686 3.5939 3.5119 3.2423 2.8391 2.8074 2.4278 1.7386 1.5821 1.508 1.4931 1.2876 1.3428 1.4287 1.4601 1.4766 1.6391 1.6424 1.5596 1.6022 1.4091 1.2436 1.8692 3.5499 5.4827 7.4525 8.4914 9.9785 10.6893 11.1023 11.4357 11.5524 12.5347 12.5039 9.5125 8.0747 6.9018 6.9873 8.2476 10.6439 11.6402 14.4094 15.0129 15.9732 12.8083 11.701 10.1757 8.4324 6.6132 5.0977 3.2552 1.4414 0.7661 1.0657 1.5581 1.7921 1.8431 1.9267 1.9119 1.8833 1.8605 1.7684 1.5275 1.1104 1.0061 0.7832 0.521 0.3345 0.4268 0.6893 1.1531 1.4565 1.7042 1.6822 1.1623 1.2123 1.4343 1.429 1.4057 1.5629 1.6869 1.4687 1.6471 1.8101 1.9768 2.0961 2.262 2.4571 2.6554 2.8584 2.8857 3.0506 3.0525 3.0453 2.8749 2.8549 2.8393 2.8273 2.8183 2.6878 2.4728 2.47 2.4642 2.5049 2.5006 2.1942 2.1302 2.2663 2.2678 2.893 2.8994 
3.6997 3.6931 3.6834 3.669 3.4783 3.4675 3.4373 3.3421 3.172 3.0296 2.8582 2.6121 2.2356 2.0446 1.808 1.7225 1.2992 1.0807 1.0393 1.2959 1.296 1.3792 1.4316 1.3635 1.4709 1.6679 1.7245 1.5469 1.8442 3.0542 5.5863 6.7454 8.7173 9.77 10.3977 11.1775 11.387 11.8365 13.2253 13.4271 12.7322 10.3197 10.0853 10.0669 10.3395 11.8795 12.5381 12.3142 14.0401 13.0961 12.0286 11.5453 9.8784 8.4788 6.3423 4.3089 3.5414 1.0676 0.8435 0.8593 1.5635 1.7086 1.7456 1.8771 1.9007 1.9374 2.0783 1.8992 1.7245 1.3261 0.9949 0.6885 0.7515 0.4681 0.636 1.0128 1.376 1.7144 1.8126 1.6538 1.6471 1.4689 1.5916 1.7296 1.7327 1.7994 1.8052 1.8695 1.8938 2.0308 2.1817 2.4669 2.6816 2.7331 2.9811 3.055 3.0676 3.0696 3.0571 2.8884 2.8602 2.8391 2.8237 2.6913 2.4781 2.4682 2.4647 2.4585 2.4988 2.194 2.1295 2.1305 2.2668 2.2685 2.8943 2.9015 11.9988 
3.6422 3.6378 3.6316 3.6221 3.6067 3.5795 3.4316 3.3298 3.2212 3.3644 3.2955 2.7953 2.3263 2.0456 1.4847 1.1352 1.0844 0.9691 0.8638 0.87 0.9534 1.0126 1.2179 1.304 1.2679 1.5487 1.6187 1.3186 1.963 3.4253 4.7081 6.0503 8.075 8.8391 9.4699 10.7229 11.6693 11.9926 12.1393 13.8252 14.2005 12.9015 12.6657 11.1534 12.6257 10.6122 11.8228 11.1075 11.8326 11.8962 11.7495 11.1254 9.7145 8.0745 5.8783 3.923 2.7505 0.8857 0.5641 0.6774 1.4652 1.5888 1.6102 1.7919 1.9217 2.0114 1.9409 2.0669 1.8431 1.3697 1.4157 1.036 0.9942 1.2684 1.5145 1.4782 1.8012 1.9732 1.8034 1.674 1.74 1.9133 1.8917 1.915 2.0458 2.1536 2.1262 2.0062 2.189 2.2709 2.5188 2.7097 2.7658 2.9664 3.069 3.1012 3.11 3.0772 2.9785 2.8674 2.8375 2.6992 2.6849 2.4719 2.4607 2.4566 2.4504 2.1937 2.1926 2.1299 2.1311 2.2674 2.2693 2.8962 2.9042 13.4991 13.5756 
3.6003 3.5975 3.5939 3.5246 3.5238 3.5243 3.569 3.5184 3.5822 3.5985 3.206 2.6009 2.2742 1.7053 1.1247 1.328 1.1064 0.7464 0.5803 0.6286 0.7382 0.8593 0.9647 1.1518 1.2428 1.2718 1.2171 1.1232 1.1907 2.2659 3.9078 5.2954 6.3617 8.2631 9.502 9.6947 11.1496 11.6317 11.8006 14.8298 14.0104 12.4033 13.5163 9.686 10.6364 10.462 11.3307 11.8399 11.835 11.7832 11.4311 9.8586 9.3296 6.4269 5.2238 3.975 1.3684 0.8355 0.4808 0.6769 1.119 1.5656 1.6468 1.7944 1.9238 1.971 1.9844 2.0889 1.9918 1.6465 1.6546 1.5838 1.546 1.6592 1.7587 1.7846 2.0625 2.0511 2.271 2.1492 2.1059 2.2149 2.272 2.2536 2.2704 2.2977 2.4329 2.4012 2.3847 2.4607 2.559 2.7843 2.9281 3.0483 3.1852 3.184 3.0798 2.9974 2.7789 2.7361 2.691 2.6733 2.4608 2.4487 2.4446 2.1477 2.1917 2.1287 2.1304 2.1318 2.2684 2.888 2.8989 11.9972 13.5123 13.5993 13.6727 
3.2997 3.3068 3.317 3.3322 3.3558 3.6077 3.6282 3.6771 3.7905 3.6297 3.4187 2.6996 2.1813 2.0228 1.3621 1.4639 1.2782 0.8364 0.3313 0.3872 0.434 0.6987 0.798 0.931 1.0068 1.2096 1.241 1.1629 1.0703 1.2866 3.1333 3.8284 6.205 7.2421 8.4846 9.712 9.561 10.8903 12.0319 12.9633 12.0521 11.2707 11.5151 10.6459 11.043 11.2912 11.6165 11.7208 11.701 11.3199 10.3845 9.315 7.79 5.793 4.6407 2.8522 1.7294 0.9 0.7993 1.0699 1.251 1.5973 1.7289 1.7624 2.0635 2.0636 2.0412 2.1372 2.1232 2.0852 1.9835 2.2351 2.1534 2.1161 2.2277 2.377 2.4822 2.6285 2.7995 2.5271 2.6264 2.6806 2.6673 2.6198 2.642 2.6268 2.4046 2.4888 2.5712 2.5978 2.6659 2.8275 2.8872 3.1558 3.4338 3.1812 3.0251 2.7947 2.7286 2.6722 2.4609 2.4409 2.4292 2.1459 2.1451 1.9992 2.1292 2.1312 2.1328 2.2697 2.8904 2.9028 12.0067 13.5307 13.6304 13.7131 13.7815 
3.286 3.29 3.2961 3.3056 3.3213 3.4191 3.4585 3.5313 3.6268 3.6349 3.488 2.5506 2.1787 2.0428 1.4038 1.1329 1.3855 0.9117 0.4334 0.2413 0.2128 0.3827 0.7544 0.7807 0.8129 0.8368 0.9759 1.1185 0.902 0.722 2.55 3.7208 4.7763 6.3855 7.2035 8.6405 9.2405 9.8481 10.8253 11.403 11.2189 11.0617 11.3431 11.1468 11.1698 10.776 10.759 10.9673 10.9534 10.4578 10.1537 8.3886 6.6149 5.3806 3.6063 2.2741 1.7278 1.1942 0.9241 1.1112 1.2758 1.5776 1.6397 1.8599 2.1278 2.1611 2.1388 2.3022 2.4593 2.5818 2.5647 2.5424 2.6712 2.6029 2.6356 2.7283 2.8555 2.9361 2.9999 2.9892 2.9151 2.9765 3.0359 2.955 2.8994 2.765 2.6983 2.6545 2.6657 2.6605 2.7395 2.8231 2.8655 2.9553 3.1399 2.9899 2.8369 2.6832 2.6297 2.4239 2.4055 2.1422 2.0606 1.9971 2.0006 2.1299 2.1325 2.2682 2.2718 2.894 11.8095 12.0221 13.5566 13.6717 13.7654 13.8412 13.9023 
3.0187 3.0209 3.024 3.0288 3.0566 3.0639 3.317 3.3038 3.3426 3.3205 3.1036 2.9473 2.3717 2.0144 1.2835 0.9789 1.155 0.9071 0.3114 0.3282 0.2921 0.3218 0.266 0.5884 0.647 0.6931 0.736 0.805 0.6966 0.677 0.8605 2.8126 4.4371 5.2612 6.5589 7.4959 8.322 9.2036 9.9776 10.7506 10.8924 10.7233 10.6024 10.502 10.4833 10.3487 10.2688 10.0759 9.8882 9.6864 8.3116 7.2816 5.4624 4.1336 3.3584 2.2199 1.5191 1.155 1.1495 1.1598 1.3562 1.4819 1.7341 1.8976 2.1888 2.3657 2.3139 2.4321 2.6458 2.8236 2.8193 2.832 2.9837 3.06 3.0058 3.1373 3.2611 3.1767 3.2987 3.2935 3.2725 3.1562 3.1968 3.2194 3.1004 2.8806 2.7829 2.7484 2.7456 2.7405 2.7238 2.7274 2.7301 2.7322 2.7371 2.7185 2.5022 2.4233 2.2331 2.1098 2.1326 2.0532 1.9977 2.1266 2.1313 2.1345 2.2708 2.2748 2.8998 11.7886 13.4254 13.5934 13.7277 13.8342 13.9182 13.984 14.0352 
2.6844 2.6789 2.6709 2.6592 2.6409 2.5541 2.532 2.4863 2.3416 2.5728 3.1737 2.7282 2.0419 1.5348 1.0946 1.0081 1.3243 1.0279 0.5041 0.4246 0.4088 0.2712 0.0891 0.2387 0.4687 0.4859 0.4688 0.439 0.6226 0.5569 0.6279 1.1097 3.4014 4.5412 5.4415 6.3568 7.6225 8.195 8.0423 9.9302 10.4032 9.7707 9.5167 10.3312 10.2415 9.6838 9.6974 9.4331 9.3035 8.602 7.0955 6.0188 4.9382 3.6309 2.4169 2.1608 1.5175 1.0856 1.1335 1.382 1.4924 1.7972 1.9608 2.0946 2.2805 2.5244 2.6821 2.6521 2.9006 3.0011 3.1641 3.18 3.1719 3.2311 3.4053 3.402 3.4259 3.4443 3.4435 3.4562 3.4578 3.4124 3.3149 3.2904 3.2436 3.0466 2.7745 2.7637 2.7589 2.6372 2.5401 2.5104 2.4684 2.4882 2.5488 2.6898 2.3301 2.1247 2.0883 2.0474 1.9877 1.9986 2.1275 2.1339 2.1377 2.2749 2.8668 2.891 11.7666 13.4433 13.6468 13.8048 13.9264 14.0191 14.0891 15.2049 15.2214 
2.6466 2.6321 2.5542 2.5376 2.5134 2.4762 2.4163 2.2476 2.1782 2.354 2.8635 2.1478 1.8322 1.685 1.2098 0.9922 0.9538 0.7188 0.6322 0.7041 0.6267 0.4833 0.4177 0.3417 0.3518 0.325 0.2762 0.3404 0.394 0.4503 0.4035 0.9812 1.3991 3.2958 4.6246 5.0315 5.8586 7.408 7.7185 7.8828 9.0492 9.1918 8.729 8.8629 9.6114 9.3273 8.4876 7.7795 8.2117 6.9277 6.5424 4.9486 3.493 2.6787 2.1727 1.5764 0.9111 0.8856 0.9691 1.3988 1.7002 1.8565 2.0812 2.2524 2.279 2.5538 2.9482 3.07 3.0086 3.1233 3.292 3.4639 3.4777 3.5219 3.5565 3.591 3.5563 3.561 3.603 3.6027 3.553 3.5112 3.4631 3.3489 3.1616 2.8647 2.629 2.5441 2.613 2.3277 2.161 2.189 2.2403 2.1708 2.2305 2.3169 2.0444 2.0241 1.8905 1.8776 1.9997 2.1299 2.1389 2.2576 2.2649 2.8667 11.2277 11.7444 13.4751 13.7261 13.9138 14.0525 14.1537 15.2684 15.2923 15.3064 15.3132 
2.1996 2.5466 2.53 2.2444 2.2324 2.2148 2.2176 2.16 1.9746 1.9667 2.3592 2.2277 1.959 1.4552 1.2933 1.0207 0.7278 0.5796 0.62 0.7785 0.8746 0.7603 0.649 0.5598 0.5456 0.2952 0.2873 0.2917 0.4696 0.4655 0.3458 0.318 1.0931 1.7942 3.0463 4.2893 4.9445 5.0648 6.5023 6.7029 6.7985 7.9823 7.9303 7.6026 8.2431 8.5361 7.9535 7.4643 6.4676 6.0237 5.25 3.7827 2.7719 2.2916 1.3064 0.9417 0.7652 0.7673 1.026 1.4164 1.7173 1.9639 2.0541 2.2759 2.4171 2.4872 2.8888 3.1226 3.2705 3.1988 3.3444 3.7337 3.7889 3.8533 3.7629 3.7174 3.6751 3.8078 3.7949 3.6472 3.5011 3.3365 3.4017 2.9445 2.8665 2.6574 1.8791 1.6642 2.119 1.8606 1.7937 1.7509 1.9259 2.0225 1.8072 1.7571 1.7518 1.8526 1.8729 2.0003 2.1361 2.1498 2.2628 2.2723 2.868 11.0289 11.7252 13.5312 13.8471 14.072 14.2293 15.3472 15.3842 15.4048 15.4138 15.4147 15.4099 
1.8204 1.8213 1.8224 1.8237 1.8253 1.8274 1.8971 1.9923 2.0006 2.0521 2.1285 2.2276 1.87 1.5442 1.4272 1.1039 0.7209 0.5468 0.6527 1.0216 1.159 1.2076 1.1085 0.8176 0.7596 0.6274 0.4678 0.3542 0.3491 0.3945 0.3998 0.3651 0.5515 0.9261 2.535 3.4654 3.7198 4.2534 4.4897 5.3572 5.9079 6.1214 6.7725 7.0373 6.3884 6.3827 6.2066 6.0024 5.1118 4.6779 3.1069 2.8034 1.5285 0.8873 0.8486 0.8973 0.8581 0.8678 0.9967 1.1778 1.5455 1.9068 2.2574 2.2336 2.4776 2.5959 2.8199 3.0513 3.2312 3.4245 3.5167 3.6169 4.0037 3.9961 3.8037 3.7563 3.726 3.8647 3.6606 3.4223 3.419 2.9536 2.5247 2.3697 2.1637 1.598 1.2847 1.3552 1.41 1.5229 1.6699 1.7931 1.7773 1.759 1.6126 1.674 1.6968 1.8718 2.025 2.1178 2.2504 2.2747 2.2867 2.8727 10.7361 11.7149 13.6307 14.0384 14.3094 15.4444 15.5072 15.5399 15.5525 15.5519 15.5428 15.5282 15.5102 
1.6934 1.6931 1.6925 1.6914 1.6893 1.6853 1.6835 1.6767 1.7088 1.7714 2.1609 2.3118 1.8487 1.6635 1.4839 1.2765 0.8273 0.8503 0.9056 0.7721 1.0825 1.1577 1.245 1.2263 0.8424 0.6588 0.5103 0.331 0.2819 0.38 0.4446 0.4479 0.3354 0.4233 1.1751 2.7403 3.2176 3.2949 4.0209 4.5099 4.3653 4.4839 5.1837 5.192 4.9705 4.9052 4.9435 4.7215 3.3664 3.2643 1.5998 1.6658 0.9499 0.8997 0.848 0.8678 0.9087 0.9858 1.065 1.178 1.259 1.4798 1.899 2.247 2.4711 2.6824 2.6254 2.9093 3.1957 3.2568 3.4465 3.669 3.5783 3.6879 3.7085 3.5651 3.4308 3.3512 3.389 3.1656 2.3545 1.9343 1.7392 1.2669 1.327 1.1373 1.2227 1.2019 1.3043 1.4549 1.5533 1.6144 1.747 1.6863 1.6024 1.6779 1.7922 1.9418 2.134 2.2911 2.3058 2.3166 2.8832 10.2762 12.9534 13.8102 15.3273 15.5544 15.6774 15.7359 15.7552 15.7509 15.7327 15.7067 15.6766 23.4852 23.5661 
1.5974 1.5969 1.596 1.5948 1.5927 1.5893 1.6063 1.6617 1.6172 1.5501 1.6855 2.0733 1.8707 1.677 1.4153 1.0232 0.98 0.9272 0.9441 0.8929 0.948 1.0124 1.064 1.1551 0.6295 0.5654 0.5006 0.3015 0.2492 0.4849 0.4349 0.3148 0.277 0.2725 0.4438 0.7946 2.4113 2.5729 2.2699 2.664 3.3912 3.3735 3.4084 4.0606 3.6062 3.1502 3.3695 2.716 1.8988 1.2403 1.1246 0.9406 0.8755 0.8703 0.8883 0.9031 0.986 1.0827 1.1173 1.1261 1.1528 1.2196 1.3263 1.8858 2.2084 2.487 2.6247 2.5374 2.878 3.0425 2.979 3.2057 3.1069 3.0859 3.0765 3.1594 2.9191 2.6462 2.118 2.3971 2.0042 1.315 1.0998 0.9896 1.0812 1.1009 1.2072 1.2105 1.2597 1.4212 1.5084 1.5405 1.5852 1.5547 1.6237 1.8385 1.9675 2.1341 2.3605 2.3636 2.6682 3.328 9.4829 12.7995 15.0076 15.6127 15.9141 16.0423 16.077 16.0627 16.024 15.9739 22.5468 23.5098 23.6138 23.6955 23.7593 
1.5924 1.5909 1.5887 1.4877 1.4909 1.6138 1.6095 1.6046 1.5993 1.636 1.9253 1.9815 1.8331 1.4009 1.2906 1.0063 0.9918 1.0507 0.8465 0.6832 0.5935 0.655 0.6499 0.6609 0.4634 0.4704 0.466 0.3276 0.5355 0.3992 0.4169 0.3596 0.4268 0.517 0.6281 0.6947 0.9307 1.7422 1.9291 1.8244 1.7229 2.6592 1.984 2.1401 2.3393 1.615 1.0389 1.452 1.2616 0.7673 0.7476 0.7684 0.8416 0.886 0.9468 0.9862 1.0379 1.1337 1.1386 1.1268 1.1283 1.1852 1.2255 1.3125 1.8737 1.9956 2.2744 2.1575 2.1792 2.51 2.5565 2.4456 2.4508 2.5693 2.279 2.2396 2.0937 1.7442 1.2909 1.2217 1.4107 1.0306 0.985 0.9877 1.0139 1.0704 1.1179 1.1795 1.2585 1.3594 1.4515 1.515 1.4742 1.5832 1.732 1.9188 2.113 2.3824 2.7189 2.6554 3.1113 3.6623 12.9316 15.0972 16.1617 16.5645 16.6541 16.6111 16.5176 16.4092 22.6336 22.7093 23.6883 23.7922 23.8703 30.0707 26.0814 
1.4792 1.4796 1.4802 1.481 1.4821 1.4836 1.4858 1.4889 1.6062 1.7921 1.995 1.8074 1.4034 1.6292 1.18 1.1848 0.945 0.7972 0.6581 0.5662 0.5053 0.5476 0.6226 0.6102 0.5373 0.4813 0.4386 0.4588 0.5045 0.4954 0.5334 0.5179 0.5645 0.6276 0.6609 0.733 0.7606 0.9186 1.3499 1.18 1.2129 1.0246 1.2115 1.1822 0.8735 0.9371 0.7743 0.8398 0.7941 0.7501 0.7821 0.7871 0.8679 0.9008 0.9908 1.022 1.0684 1.0767 1.1576 1.1424 1.1288 1.1275 1.2112 1.2383 1.248 1.3953 1.5613 1.893 1.843 1.819 1.8911 1.945 1.8496 1.5675 1.2261 1.0467 1.0525 1.2325 1.034 1.0284 1.0002 0.9622 0.9119 0.9149 0.8955 0.9948 1.0716 1.0304 1.2302 1.3112 1.3863 1.464 1.5185 1.6625 1.7943 1.9513 2.1849 3.0478 3.4441 3.3521 3.9831 9.6985 14.8915 17.3634 17.8962 17.7714 17.495 22.6924 22.8143 22.8962 23.8151 23.948 30.0821 30.1943 32.9332 32.8409 28.9166 
1.4065 1.4068 1.4071 1.4076 1.4081 1.4089 1.4187 1.3109 1.4466 1.4751 1.4129 1.3525 1.4335 1.3976 1.2319 1.1491 0.6591 0.6265 0.6478 0.5892 0.5811 0.591 0.6385 0.6105 0.6481 0.6945 0.6274 0.5428 0.6243 0.6298 0.5707 0.6445 0.7562 0.8185 0.8801 0.8553 0.7873 0.899 0.9565 1.0322 0.9219 0.8556 0.8618 0.8642 0.8536 0.8536 0.8536 0.8537 0.8546 0.8419 0.8535 0.8611 0.8769 0.8966 0.9836 1.048 1.0504 1.0711 1.1 1.159 1.1441 1.1565 1.2196 1.2381 1.2385 1.2556 1.2991 1.3439 1.3276 1.3455 1.2195 1.294 1.1223 1.0889 1.0643 1.0127 1.0122 1.0012 0.9919 1.0066 0.9601 0.8974 0.8732 0.8653 0.8525 0.8208 0.881 0.9976 1.0949 1.2435 1.3134 1.4248 1.5511 1.7515 1.8347 2.0231 3.0388 3.9679 4.5625 5.5927 5.3561 10.3209 20.4446 21.4051 22.0058 21.38 23.2764 23.2968 23.3085 24.221 30.8045 30.9297 36.9518 32.9843 32.8605 28.8959 28.7358 
1.3207 1.3203 1.3197 1.2453 1.2485 1.2532 1.2608 1.2737 1.2907 1.2422 1.1443 1.1979 1.4876 1.464 1.3006 1.4438 0.9229 0.6392 0.6468 0.6521 0.6511 0.6495 0.7724 0.7593 0.7409 0.7594 0.726 0.6878 0.7045 0.7899 0.8502 0.8383 0.9353 1.0307 0.998 0.9957 0.9853 0.9735 0.9816 1.0234 0.9128 0.857 0.8552 0.8602 0.8537 0.8538 0.8536 0.854 0.8552 0.8587 0.8701 0.872 0.883 0.9046 0.9758 1.0352 1.0551 1.0838 1.0602 1.0911 1.1498 1.1631 1.1731 1.2157 1.2354 1.2199 1.2101 1.2079 1.1357 1.1245 1.1246 1.1009 1.0601 1.0044 1.0122 0.995 0.9179 0.9537 0.9093 0.9073 0.9024 0.8839 0.7949 0.8227 0.7762 0.7313 0.7726 0.8078 1.0477 1.1765 1.3403 1.4819 1.6176 1.8722 1.9658 2.4541 4.1696 4.6648 5.3399 6.1457 7.2692 16.341 33.8681 25.8346 23.2025 24.3318 24.0988 30.7443 31.0122 36.8611 37.0113 37.114 33.0577 32.8859 28.8601 25.2991 25.1218 
1.2222 1.2231 1.2243 1.2256 1.2166 1.2175 1.2168 1.2106 1.1879 1.1097 1.0202 0.995 1.215 1.466 1.4445 1.4587 1.4646 1.0265 0.6348 0.7168 0.7723 0.776 0.8416 0.8364 0.8077 0.8586 0.8697 0.8734 0.896 0.9142 0.9505 1.0878 1.0784 1.104 1.0936 1.0994 1.1161 1.1384 1.1084 1.0541 0.9713 0.8702 0.8793 0.9231 0.8681 0.8548 0.8538 0.8542 0.8537 0.8568 0.8656 0.873 0.892 0.9284 1.0013 1.0142 1.0588 1.072 1.0631 1.0543 1.0817 1.1492 1.1602 1.1284 1.1517 1.1249 1.073 1.0913 0.9983 1.0411 1.0569 1.0311 1.0094 0.9776 0.9128 0.893 0.8735 0.8358 0.8844 0.7939 0.7876 0.7008 0.7488 0.6501 0.5492 0.5033 0.6709 0.833 0.9988 1.1634 1.3852 1.5995 1.7225 1.9048 2.0592 2.7355 4.4301 5.1184 5.4894 6.5054 8.4927 18.0567 26.3659 28.2172 27.8854 31.0927 36.7048 37.0273 37.2122 37.3194 37.3819 33.1623 32.9148 30.6077 25.2082 23.339 23.3124 
1.2173 1.217 1.2165 1.2155 1.2136 1.2099 1.1141 1.1114 1.0639 1.0593 1.003 0.8489 0.9789 1.5245 1.3982 1.3088 1.3142 0.9448 0.5417 0.7187 0.814 0.8171 0.8729 0.896 0.8936 0.8814 0.9467 0.9641 1.0845 1.0515 1.1078 1.129 1.1638 1.1577 1.1892 1.2008 1.199 1.1614 1.1031 1.0105 0.9531 0.8918 0.8637 0.8978 0.8601 0.854 0.8537 0.8536 0.8545 0.8557 0.8614 0.8737 0.8988 0.9111 0.979 1.0412 1.0474 1.0389 1.0364 1.053 1.0646 1.0799 1.0909 1.059 1.0478 1.0335 1.0079 0.989 0.9729 0.9828 0.9812 0.9638 0.9053 0.8981 0.8709 0.8252 0.7903 0.7731 0.738 0.6612 0.6422 0.6045 0.5194 0.5053 0.4685 0.3966 0.4463 0.7931 0.9429 1.198 1.3385 1.6201 1.8149 1.9545 2.2385 3.6034 5.2781 5.4822 6.8646 7.2856 19.6434 23.9845 30.9462 33.6523 37.5155 37.7941 37.8849 37.8884 37.858 39.7008 39.0848 32.7432 28.3998 23.3592 23.3123 23.2791 23.2566 
1.1392 1.1385 1.1373 1.0933 1.0911 0.9895 1.0111 1.0142 1.0169 1.0099 0.9211 0.8233 0.8209 1.0982 1.3174 1.1773 1.2549 1.2244 0.7998 0.7218 0.8888 0.9022 0.9223 0.9579 0.986 0.9763 1.0617 1.0893 1.1947 1.1702 1.246 1.2702 1.2258 1.2178 1.2856 1.272 1.2076 1.1634 1.1188 0.995 0.8587 0.8551 0.8548 0.8538 0.8536 0.8532 0.8456 0.8519 0.845 0.8583 0.8707 0.8695 0.8842 0.9295 0.9478 0.9981 1.0031 0.9474 0.9978 1.0187 1.0564 0.9779 0.9642 1.0216 0.9982 0.9907 0.9561 0.9647 0.8778 0.9338 0.8909 0.8658 0.7562 0.7628 0.7759 0.7574 0.7074 0.6516 0.6193 0.6115 0.5622 0.4893 0.3943 0.3308 0.2996 0.3234 0.4841 0.6763 1.007 1.1514 1.3437 1.4861 1.9889 2.3394 2.8108 4.7127 5.9812 6.9399 11.264 14.6582 27.6165 33.2346 39.3169 39.4887 41.5295 39.5703 39.1082 38.7586 39.5627 36.8834 28.7998 28.2577 23.3417 23.2792 23.2368 23.2096 23.1935 
1.0854 1.0827 0.9751 0.9754 0.9759 0.9768 0.9787 0.969 0.9753 1.0369 0.9283 0.868 0.8712 0.8889 1.1585 1.2214 1.1754 1.0803 0.8696 0.8476 0.9836 0.9968 1.0538 1.1026 1.0975 1.1053 1.1002 1.1857 1.2651 1.3114 1.34 1.3244 1.3082 1.3424 1.3246 1.3136 1.2298 1.1589 1.0215 0.9044 0.8553 0.8542 0.8538 0.8453 0.7963 0.7767 0.7641 0.8047 0.7582 0.8519 0.8344 0.7987 0.897 0.896 0.9216 0.9478 0.9667 0.9684 0.9903 0.9664 0.9325 0.9467 0.9315 0.943 0.9146 0.89 0.8704 0.8303 0.7726 0.8525 0.8429 0.751 0.7248 0.633 0.5822 0.6006 0.4964 0.5011 0.4619 0.4338 0.4731 0.2956 0.2312 0.1786 0.2559 0.3953 0.6055 0.7437 0.9338 1.2745 1.622 1.8325 2.4111 2.6575 3.4327 6.2651 7.1433 10.9264 21.6444 26.9293 31.7283 38.3405 41.3419 43.1656 42.7983 42.2187 40.2703 37.9527 36.7231 28.7404 28.0279 23.324 23.2369 23.181 23.1476 23.1301 23.1234 
2.5654 2.5358 2.4964 2.4422 2.3657 0.9467 0.9199 0.8557 0.8691 0.8845 0.8603 0.7477 0.6593 0.8325 1.0405 1.0157 1.0803 1.0504 0.8874 0.792 0.9506 1.0895 1.1276 1.2058 1.2029 1.1953 1.2523 1.2474 1.3213 1.3322 1.3475 1.3636 1.3788 1.3824 1.373 1.2555 1.0939 1.0345 0.9585 0.8632 0.854 0.8467 0.8276 0.7656 0.7486 0.7399 0.7389 0.7391 0.7584 0.7834 0.7736 0.772 0.808 0.8024 0.8259 0.8897 0.8895 0.9053 0.9106 0.9197 0.9024 0.8771 0.8694 0.8612 0.8031 0.7809 0.7546 0.758 0.7295 0.6864 0.7114 0.5922 0.5873 0.5461 0.3908 0.3615 0.3624 0.3174 0.2781 0.2079 0.1919 0.0924 0.132 0.1833 0.378 0.4383 0.6573 0.838 0.9903 1.2259 1.868 2.3177 2.5345 2.8659 3.7461 5.4433 7.6157 13.0034 26.8288 31.9405 38.6228 41.4713 43.231 45.6835 44.0436 42.987 38.3454 33.192 28.5945 27.6517 23.3091 23.1809 23.1044 23.0631 23.0449 23.0415 23.0472 
2.5261 2.5147 2.4987 2.4753 2.4391 2.3797 2.2538 2.0218 0.7983 0.7837 0.6787 0.5475 0.494 0.5915 0.6608 0.8331 0.8814 0.8896 0.8945 0.8868 0.9727 1.0405 1.2106 1.2691 1.3327 1.3133 1.3405 1.3629 1.4666 1.3365 1.3836 1.4427 1.4008 1.3793 1.3812 1.2306 1.0076 0.9333 0.8616 0.8541 0.7857 0.7556 0.7538 0.7395 0.7392 0.7391 0.7388 0.7388 0.7434 0.7519 0.7298 0.7587 0.7909 0.7715 0.7854 0.8434 0.8418 0.873 0.899 0.8381 0.8353 0.8421 0.8116 0.7632 0.7367 0.6873 0.6607 0.6338 0.6314 0.6132 0.4634 0.4943 0.4714 0.3353 0.2871 0.2786 0.2164 0.1947 0.1988 0.1545 0.1053 0.1189 0.1007 0.1887 0.3848 0.4842 0.6389 0.8063 1.2226 1.7469 2.4282 2.7526 3.3091 3.5002 4.0283 4.527 10.7841 22.3258 33.9615 38.3291 40.7108 42.1842 43.306 44.2934 43.3224 38.7356 33.054 28.3215 23.6506 23.3047 23.1021 22.993 22.9421 22.9261 22.9304 22.9458 22.967 
2.5784 2.5793 2.5803 2.5812 2.5812 2.5776 2.4648 2.3688 2.0889 1.5639 0.9099 0.5657 0.487 0.491 0.5133 0.7002 0.7392 0.8212 0.8194 0.8496 0.9475 1.008 1.1872 1.291 1.424 1.3978 1.378 1.3838 1.4287 1.4457 1.4678 1.4681 1.3752 1.3435 1.3149 1.0487 0.9519 0.871 0.8452 0.7591 0.7389 0.74 0.7403 0.7397 0.7388 0.7388 0.7301 0.7291 0.742 0.7405 0.6483 0.6976 0.7509 0.6922 0.74 0.7841 0.8135 0.8119 0.8308 0.7839 0.7549 0.7808 0.7452 0.697 0.6234 0.5364 0.5706 0.5165 0.3345 0.3985 0.3272 0.2574 0.2746 0.2709 0.2255 0.1505 0.1783 0.2417 0.3047 0.2902 0.1597 0.1581 0.1933 0.2595 0.4323 0.5587 0.61 0.7935 1.7166 2.5458 2.7096 3.3197 3.4158 3.7144 5.0059 11.4575 22.1548 32.203 37.431 42.1525 44.312 43.6822 43.721 43.6087 38.7792 32.9284 28.1139 23.904 23.3218 22.9757 22.8173 22.7582 22.7527 22.7743 22.8083 22.8469 22.886 
2.5051 2.5152 2.5285 2.5471 2.5745 2.618 2.6948 2.8635 3.2349 4.3774 2.306 0.551 0.4841 0.4843 0.5049 0.5626 0.6426 0.692 0.7444 0.7457 0.8421 0.9872 1.0342 1.1438 1.3055 1.3126 1.295 1.3593 1.4408 1.4369 1.3436 1.3254 1.3287 1.0988 1.0078 0.9708 0.8996 0.7962 0.7604 0.7388 0.7388 0.7193 0.7375 0.7389 0.7373 0.722 0.7003 0.6895 0.7056 0.6854 0.6484 0.6776 0.6927 0.7205 0.7387 0.7462 0.7689 0.8049 0.8068 0.7618 0.7388 0.7316 0.6485 0.5344 0.5293 0.2526 0.319 0.2838 0.0806 0.0986 0.2092 0.1588 0.1739 0.2 0.197 0.1765 0.2988 0.3688 0.346 0.3785 0.3306 0.2523 0.2847 0.3987 0.471 0.5637 0.6669 0.757 2.0328 2.7234 2.8872 3.4665 3.9721 3.9878 9.378 20.262 29.973 36.8638 42.8456 43.2646 44.0705 43.6128 43.8397 42.7437 30.6111 29.5931 25.7337 23.2309 22.6727 22.5027 22.4583 22.4864 22.547 22.617 22.6862 22.7504 20.2102 
2.4754 2.4899 2.5104 2.5404 2.5866 2.6681 2.771 2.9657 3.3577 3.7852 2.6624 0.4784 0.3578 0.3968 0.4279 0.4566 0.5575 0.5083 0.6003 0.7512 0.835 0.9645 1.0744 1.0884 1.1169 1.2072 1.2183 1.2234 1.2636 1.2379 1.2449 1.1473 1.0725 0.9657 0.9032 0.8922 0.8041 0.7528 0.7395 0.7339 0.7217 0.6266 0.6286 0.693 0.6769 0.6294 0.6478 0.6357 0.6261 0.6403 0.6562 0.682 0.6846 0.6996 0.7316 0.7394 0.7422 0.7057 0.7264 0.7137 0.5813 0.5648 0.4837 0.3936 0.2961 0.2199 0.1244 0.0951 0.0793 0.0815 0.1064 0.1547 0.208 0.2712 0.3905 0.4166 0.486 0.4974 0.4825 0.4129 0.4336 0.5225 0.5241 0.5495 0.5794 0.7268 0.9551 1.3649 2.8268 3.3501 3.0614 3.5722 3.8721 7.2233 19.5811 28.0158 37.3733 43.614 45.8597 44.0595 43.9438 43.8827 43.1485 34.0943 30.0774 32.0564 28.0572 20.7779 21.8123 21.944 22.0608 22.2063 20.2583 20.2468 20.2362 20.2271 20.2193 
2.4483 2.4561 2.4669 2.4821 2.5041 2.4524 2.4729 2.488 2.4382 1.9345 0.4017 0.308 0.2687 0.3034 0.3545 0.3462 0.4237 0.4896 0.5997 0.6378 0.8953 0.9426 0.984 0.9918 1.0796 1.1142 1.1853 1.1811 1.2247 1.1579 1.0475 0.9445 0.9408 0.8611 0.8324 0.8221 0.7542 0.74 0.7213 0.655 0.6622 0.6255 0.6258 0.6304 0.6258 0.6254 0.6249 0.625 0.6256 0.6327 0.6444 0.6553 0.6852 0.6815 0.6663 0.7175 0.7266 0.5676 0.5571 0.4843 0.4633 0.3784 0.2416 0.2331 0.1796 0.1792 0.1078 0.1196 0.1414 0.1425 0.2495 0.3291 0.3434 0.4051 0.4867 0.5459 0.6303 0.62 0.5987 0.4925 0.5566 0.5931 0.9587 1.1349 1.3717 1.2918 2.2805 3.0993 2.9062 4.7463 4.9089 3.7593 6.7195 13.6171 34.3349 38.1364 43.4435 43.9882 44.365 44.8138 43.8008 43.8417 38.8841 29.1805 27.4177 30.9312 26.8321 20.7505 20.3257 20.4042 20.3619 20.3208 20.2901 20.2676 20.2506 20.2375 20.2271 
2.4169 2.3171 2.3046 2.2848 2.2525 2.1975 2.0995 1.9169 1.582 0.4272 0.3254 0.218 0.2097 0.2173 0.2221 0.29 0.249 0.4844 0.5785 0.6013 0.8163 0.821 0.8593 0.9334 0.926 1.0469 1.1013 1.0665 1.0114 0.9757 0.9534 0.8483 0.8085 0.7675 0.7403 0.7259 0.7271 0.6874 0.6509 0.6138 0.5711 0.6037 0.5937 0.5807 0.6043 0.6228 0.5994 0.5914 0.6251 0.6331 0.6432 0.6517 0.6582 0.6044 0.6446 0.5612 0.546 0.4956 0.4263 0.3833 0.2173 0.2027 0.1848 0.2133 0.2068 0.1879 0.2206 0.1846 0.1989 0.3165 0.3511 0.4478 0.5497 0.6149 0.6673 0.6758 0.6982 0.7497 0.8267 0.7303 0.9449 1.0013 1.2898 1.9953 2.4495 2.7898 3.0326 5.0278 7.686 8.7 6.0244 3.7051 13.2467 15.5515 28.2096 39.4028 43.0578 43.3593 43.8999 44.5046 44.6462 43.3928 37.252 27.5629 24.7819 23.1413 20.0365 20.0512 20.6816 20.5694 20.4358 20.3594 20.3131 20.2825 20.261 20.2451 20.2329 
2.2612 2.2392 0.4737 0.4735 0.4582 0.4593 0.4611 0.4647 0.4734 0.5075 0.4111 0.3222 0.191 0.1574 0.0966 0.128 0.3093 0.5475 0.6079 0.775 0.8122 0.7619 0.7475 0.8144 0.8191 0.8063 0.8664 0.8733 0.8199 0.7825 0.8013 0.7409 0.7234 0.7162 0.7108 0.6486 0.6772 0.6438 0.6161 0.6154 0.5395 0.5306 0.5124 0.5121 0.5319 0.5742 0.5171 0.5286 0.571 0.6447 0.6433 0.6144 0.514 0.5083 0.47 0.4035 0.3927 0.3965 0.283 0.2349 0.18 0.211 0.2313 0.2394 0.2614 0.2696 0.2909 0.3428 0.4286 0.4373 0.5037 0.5863 0.665 0.7533 0.7985 0.8948 0.8234 0.834 1.0899 1.1714 1.2646 1.3498 1.5338 2.3633 3.278 3.8528 5.1062 6.7377 7.6558 7.1325 10.3004 16.6815 31.7638 33.0469 29.6569 41.2721 42.1364 42.8075 43.8024 44.4218 44.6304 39.8642 32.205 23.9593 23.3552 21.9687 20.8815 20.205 20.5952 20.5499 20.4393 20.3669 20.3202 20.2885 20.2659 20.2491 20.2362 
0.4575 0.4581 0.5428 0.5424 0.5417 0.5408 0.5395 0.5373 0.4779 0.4888 0.502 0.396 0.3012 0.1807 0.0885 0.1427 0.4303 0.5503 0.6703 0.8398 0.8188 0.7957 0.7426 0.7346 0.7443 0.7831 0.7767 0.7734 0.7552 0.7537 0.723 0.6966 0.6533 0.6474 0.6236 0.6247 0.6104 0.639 0.6032 0.5472 0.5364 0.5079 0.5016 0.5112 0.5007 0.4904 0.5018 0.5081 0.5109 0.5253 0.5417 0.5025 0.4114 0.4111 0.3329 0.3177 0.3096 0.3279 0.1886 0.1776 0.1997 0.2382 0.2502 0.2709 0.2804 0.3368 0.4215 0.4317 0.5203 0.6231 0.6451 0.7136 0.8266 0.9233 0.9475 0.9839 0.594 0.8216 1.1918 1.3016 1.4226 1.7583 2.2322 2.8253 3.8105 4.8614 6.0428 6.0577 5.3264 12.0038 12.5255 27.4119 28.8742 30.6786 31.0529 37.3711 41.528 42.3882 42.5636 43.6738 44.593 37.7402 27.7061 23.4711 23.0662 22.3237 21.7738 20.2126 20.3834 20.4227 20.3889 20.3467 20.3119 20.2853 20.265 20.2492 20.2368 
0.5466 0.547 0.5476 0.5484 0.5496 0.5514 0.5545 0.5758 0.5805 0.5926 0.6166 0.5605 0.5151 0.5998 0.654 0.5662 0.6281 0.6105 0.7985 0.9044 0.893 0.8237 0.7868 0.7297 0.7201 0.7234 0.7172 0.6931 0.6482 0.7006 0.632 0.6249 0.6247 0.5734 0.5824 0.5483 0.5409 0.5848 0.5523 0.5366 0.5126 0.4217 0.4326 0.4839 0.4385 0.4254 0.4235 0.4905 0.4932 0.3991 0.3801 0.3887 0.2949 0.3208 0.3236 0.2474 0.2308 0.2035 0.1794 0.1784 0.1955 0.2447 0.2782 0.3017 0.3885 0.467 0.5499 0.5807 0.578 0.7006 0.8761 0.9664 0.9217 1.0744 1.1265 0.4606 0.2179 0.6771 1.2344 1.388 1.7584 2.6224 2.9018 3.5065 3.9005 5.5308 6.0727 5.8152 10.623 30.1208 26.6377 31.1259 29.4437 27.4828 26.2104 32.4495 41.2599 41.3932 42.3104 43.543 40.4832 37.488 27.4603 23.3467 22.9501 22.5056 22.1368 20.2033 20.2901 20.3314 20.332 20.315 20.2944 20.2755 20.2594 20.246 20.235 
0.6671 0.6673 0.6677 0.6684 0.6695 0.6715 0.6753 0.6827 0.7548 0.7731 0.8048 0.7471 0.8392 0.7712 0.7391 0.6738 0.6544 0.7096 0.9549 0.9444 0.8985 0.8245 0.7903 0.6942 0.6945 0.6076 0.607 0.6126 0.6015 0.5438 0.5946 0.5713 0.5193 0.5151 0.5227 0.522 0.4963 0.4505 0.49 0.5217 0.4284 0.3834 0.3578 0.3939 0.3936 0.3864 0.3893 0.3934 0.3594 0.2997 0.2887 0.2778 0.2934 0.3143 0.2897 0.2469 0.1181 0.0946 0.1551 0.1877 0.2134 0.2879 0.3177 0.4315 0.5159 0.6329 0.6867 0.6764 0.8348 0.995 1.1331 1.173 1.2898 1.2354 1.133 0.5012 0.4546 1.17 1.365 1.5346 1.9649 2.6578 3.557 5.1045 6.1559 5.4293 4.7879 8.1221 16.6812 34.3772 32.2745 29.7675 32.8734 29.577 25.572 31.3259 37.2915 41.2151 43.0777 43.447 40.0263 37.3259 23.452 23.2153 22.9263 22.6227 22.3568 20.1943 20.245 20.2769 20.2875 20.284 20.2741 20.2623 20.2508 20.2404 20.2313 
0.8185 0.8193 0.8205 0.8224 0.8254 0.8299 0.8268 0.8454 0.8558 0.8913 0.8947 0.8851 0.8551 0.7714 0.74 0.7386 0.7889 1.1144 1.0174 0.975 0.9286 0.8527 0.6693 0.6307 0.6074 0.6354 0.5694 0.5584 0.5363 0.5009 0.4774 0.5035 0.4945 0.4604 0.4382 0.4299 0.434 0.4196 0.4192 0.4187 0.383 0.3305 0.2981 0.3377 0.2982 0.2976 0.3477 0.3169 0.3046 0.2871 0.2783 0.2165 0.1879 0.1824 0.1988 0.223 0.1056 0.1097 0.2011 0.2727 0.2963 0.3001 0.4419 0.5494 0.6126 0.7367 0.8333 0.9217 1.0533 1.1395 1.3583 1.4635 1.4609 1.3902 1.1349 0.8585 0.4213 1.25 1.4002 1.9273 2.7243 4.2441 4.1273 8.2742 13.0957 6.835 14.0437 27.2255 27.4094 34.7168 34.2446 30.3061 33.4269 33.3036 33.3806 30.333 36.9203 37.3522 42.9721 43.08 39.6835 37.2605 23.345 23.153 22.9348 22.7128 22.5144 22.3611 20.2199 20.2436 20.2558 20.2584 20.255 20.2485 20.241 20.2334 20.2263 
0.8232 0.8249 0.8272 0.8304 0.8265 0.8318 0.8941 0.8949 0.8963 0.899 0.9122 0.9408 0.845 0.7582 0.95 1.1594 1.1624 1.1646 1.0307 0.984 0.9326 0.8237 0.7117 0.6089 0.5624 0.5344 0.4908 0.5171 0.4467 0.4076 0.364 0.3605 0.3362 0.3486 0.3889 0.3523 0.3217 0.3344 0.3735 0.2771 0.2572 0.284 0.2925 0.2872 0.2872 0.2872 0.2988 0.3039 0.2904 0.2685 0.2598 0.1938 0.153 0.0817 0.1052 0.0935 0.0834 0.1915 0.289 0.3979 0.4509 0.4857 0.5273 0.6321 0.7592 0.7927 0.9402 1.0731 1.2882 1.4106 1.5373 1.6058 1.5601 1.4573 1.2782 1.2775 0.5747 1.0014 1.7693 2.8964 4.0733 7.0088 9.6441 7.0205 11.1774 8.4031 29.9301 28.8783 30.5241 32.0178 32.3352 32.6474 32.2403 33.4936 33.3999 33.3782 36.7254 41.4609 42.9008 42.9967 39.1666 37.2512 23.2824 23.1262 22.9566 22.7874 22.635 22.5131 20.2043 20.2222 20.2334 20.2383 20.2384 20.2356 20.2311 20.2259 20.2206 
1.0475 1.0466 1.0453 1.0433 1.0404 1.1722 1.1583 1.1362 1.1062 0.9939 1.0025 1.249 1.3742 1.2927 1.2306 1.3085 1.2992 1.2046 1.113 1.0184 0.9919 0.8238 0.7151 0.5196 0.5372 0.4953 0.4463 0.3582 0.3673 0.3789 0.2947 0.2921 0.3134 0.2774 0.2808 0.2732 0.2465 0.2884 0.2904 0.2477 0.232 0.2092 0.2305 0.2634 0.2706 0.2337 0.2706 0.2868 0.2732 0.2081 0.1783 0.1752 0.1119 0.0897 0.0944 0.1504 0.2542 0.3175 0.3816 0.5357 0.5476 0.6158 0.7052 0.7988 0.9018 1.1174 1.1271 1.3208 1.4629 1.7517 1.8454 1.6824 1.5996 1.5318 1.2145 1.0537 0.99 1.592 2.3693 2.648 4.2555 8.9122 13.1616 10.2525 16.8429 14.5855 21.5075 26.0658 27.2541 31.1615 31.4148 31.7907 31.9667 33.6294 33.4665 33.3873 40.3138 41.3618 41.473 42.9364 39.0229 34.1013 23.2466 23.1186 22.9836 22.8509 22.7308 22.6323 20.1937 20.2075 20.2172 20.2227 20.2247 20.2241 20.2218 20.2185 20.2147 
1.1755 1.1755 1.1755 1.1754 1.1752 1.2123 1.2146 1.219 1.2288 1.3609 1.5412 1.584 1.6735 1.5641 1.3966 1.3301 1.3051 1.2252 1.1663 1.1009 0.997 0.8404 0.6357 0.511 0.4929 0.4749 0.3809 0.3224 0.3148 0.2942 0.2856 0.2543 0.2406 0.2473 0.2732 0.2797 0.2736 0.285 0.2865 0.2932 0.2878 0.2889 0.1184 0.2366 0.2076 0.1778 0.1914 0.2609 0.213 0.1754 0.1279 0.0819 0.087 0.0969 0.1618 0.2866 0.338 0.4638 0.5671 0.588 0.818 0.8197 0.8745 0.9539 1.0796 1.2361 1.4536 1.7414 1.9005 2.1772 1.9796 1.8447 1.6693 1.6281 1.1733 1.1405 1.5665 2.1574 2.6625 2.9395 3.5639 7.537 17.26 13.5103 20.228 18.7623 21.0684 23.1189 28.301 26.3121 31.0099 31.0396 36.4741 31.816 33.5155 33.4113 33.3447 41.5732 41.3927 42.8579 38.9267 29.464 23.2277 23.1215 23.012 22.9054 22.8087 22.7277 20.1862 20.1971 20.2053 20.2107 20.2135 20.2142 20.2134 20.2115 20.2089 
1.3341 1.3364 1.3395 1.344 1.3505 1.4762 1.4851 1.4998 1.5245 1.6256 1.6369 1.6716 1.57 1.4424 1.3657 1.2967 1.2593 1.201 1.1587 1.1051 0.9504 0.9046 0.6605 0.4321 0.4678 0.3681 0.3292 0.2791 0.2097 0.1861 0.2088 0.2016 0.2243 0.2784 0.2828 0.2907 0.3213 0.2658 0.2664 0.3231 0.3205 0.3249 0.2201 0.3564 0.2945 0.1327 0.1468 0.1862 0.1774 0.1431 0.0831 0.0971 0.0949 0.1279 0.2327 0.3434 0.4919 0.5931 0.7024 0.7777 0.916 1.022 1.104 1.1157 1.119 1.2669 1.5956 1.8909 1.9678 2.0496 2.0079 1.88 1.8065 1.6577 1.3426 1.202 2.0365 2.6412 3.4636 3.5482 3.8242 5.6056 14.8619 17.3063 16.9483 16.0333 19.682 21.9933 27.406 28.3677 30.8027 30.8094 36.3193 36.4201 37.3762 33.4277 33.3525 40.2813 41.6258 41.4054 38.8628 29.4357 23.2192 23.1303 23.04 22.9527 22.8733 22.8057 20.1805 20.1893 20.1963 20.2013 20.2044 20.2058 20.2059 20.205 20.2035 
1.5498 1.55 1.547 1.5476 1.5483 1.5495 1.5515 1.5551 1.5626 1.5835 1.6711 1.569 1.3111 1.2417 1.2345 1.2216 1.1928 1.1065 1.0836 1.0304 0.9678 0.8432 0.7309 0.578 0.415 0.2909 0.2991 0.2755 0.202 0.1408 0.1759 0.2158 0.2374 0.2846 0.2507 0.2489 0.2394 0.1938 0.2265 0.2535 0.1882 0.2103 0.2802 0.2995 0.3243 0.3539 0.2604 0.2084 0.0806 0.1354 0.1381 0.1754 0.1946 0.2504 0.3288 0.4907 0.6785 0.7623 0.9514 1.0146 1.0961 1.2117 1.1978 1.1367 1.1541 1.3772 1.5642 1.7672 1.9246 1.965 1.9787 1.9533 1.8318 1.7937 1.4236 1.6722 2.5813 2.7629 3.6884 4.752 5.0818 6.9922 12.2503 14.5807 15.4053 15.3211 19.3802 21.2762 22.0484 27.7667 28.3542 30.7199 30.6436 36.3184 36.3883 37.3782 37.4704 40.2168 40.3261 41.6564 37.4038 29.4181 23.2174 23.1422 23.0666 22.994 22.9276 22.8705 20.1761 20.1833 20.1893 20.1938 20.197 20.1988 20.1994 20.1992 20.1984 
1.573 1.5722 1.5479 1.5476 1.5472 1.5466 1.5285 1.5282 1.5272 1.5066 1.4809 1.4257 1.2137 1.2035 1.1912 1.1521 1.1008 1.0282 0.9695 0.9469 0.9344 0.7859 0.6913 0.5632 0.4215 0.3467 0.3223 0.3061 0.2952 0.1634 0.2968 0.3049 0.305 0.2676 0.2939 0.2861 0.2867 0.2974 0.2252 0.204 0.22 0.1515 0.11 0.0891 0.2155 0.368 0.4902 0.3493 0.3029 0.0991 0.2239 0.2101 0.3133 0.3602 0.5273 0.6568 0.7985 1.0029 1.1913 1.112 1.1596 1.1768 1.2037 1.1515 1.215 1.394 1.509 1.7313 1.8837 1.9286 1.9389 1.953 1.9278 1.8136 1.7783 1.7242 2.6756 2.8211 5.1577 5.3741 5.8787 7.4948 11.631 13.304 14.2878 14.9773 19.2255 19.6013 21.5091 27.4157 27.92 28.2979 30.6343 30.5131 36.316 36.367 37.3779 37.4501 40.2678 41.5997 37.3936 29.4081 23.2198 23.1555 23.0915 23.0302 22.974 22.9251 20.1725 20.1786 20.1837 20.1878 20.1908 20.1928 20.1938 20.1941 20.1938 
1.5749 1.5745 1.5738 1.5728 1.5713 1.569 1.565 1.4975 1.4925 1.4768 1.3941 1.3564 1.3127 1.2134 1.1834 1.1692 1.1922 1.0782 0.9174 0.9403 0.8592 0.7739 0.5841 0.4537 0.4015 0.286 0.2526 0.2667 0.2104 0.2559 0.3954 0.395 0.2934 0.3437 0.3913 0.3836 0.3705 0.3994 0.3747 0.2893 0.3269 0.2405 0.1593 0.0809 0.1028 0.2539 0.4537 0.4989 0.5013 0.3805 0.3063 0.3327 0.4682 0.4804 0.4975 0.6472 0.9781 1.0759 1.1323 1.13 1.149 1.1842 1.1845 1.1874 1.231 1.408 1.4768 1.7018 1.865 1.9097 1.9189 1.9534 1.9319 1.8236 1.7946 2.8561 2.9316 5.448 5.5732 5.8388 6.3181 7.7158 11.5767 12.7005 13.5278 14.3286 19.156 19.4323 19.6849 21.5713 27.6361 27.9758 30.3222 30.5579 36.2622 36.3129 36.3516 37.3761 40.2248 40.302 36.737 28.996 23.2249 23.1694 23.1146 23.0622 23.0141 22.9717 22.9364 20.1748 20.1792 20.1829 20.1857 20.1877 20.1889 20.1895 20.1896 
1.5771 1.5771 1.5771 1.577 1.5767 1.5762 1.5752 1.5498 1.5496 1.5486 1.5453 1.4692 1.3157 1.4393 1.3486 1.229 1.2085 1.2591 1.0902 1.052 1.0277 0.9282 0.7174 0.5444 0.5324 0.3888 0.2414 0.1851 0.1889 0.2715 0.2688 0.257 0.2406 0.3352 0.406 0.4266 0.4443 0.4329 0.4302 0.4009 0.3634 0.3846 0.3109 0.1783 0.1357 0.1621 0.2683 0.4752 0.5112 0.5341 0.4501 0.442 0.5531 0.4852 0.5296 0.6726 0.8917 0.9749 1.1202 1.1226 1.1479 1.1822 1.1763 1.1758 1.1805 1.2584 1.4594 1.662 1.8538 1.8986 1.906 1.9448 1.9413 1.8976 1.9543 2.8887 2.9507 5.7353 5.8899 6.1527 6.5528 7.8023 11.6318 12.4115 13.0568 13.5209 14.0048 19.335 19.5332 21.3053 27.4509 27.7481 27.9872 30.318 30.4922 36.271 36.3096 36.3398 37.3733 40.2623 36.7744 29.0338 24.7003 23.1833 23.1359 23.0907 23.049 23.012 22.9807 20.1716 20.1755 20.1788 20.1814 20.1834 20.1847 20.1855 20.1858 
1.5794 1.58 1.6502 1.6509 1.652 1.5606 1.6663 1.6675 1.6692 1.6704 1.6694 1.5626 1.5956 1.5559 1.544 1.4275 1.3185 1.3622 1.3012 1.1532 1.103 1.0447 0.8868 0.7334 0.5512 0.4486 0.3957 0.1877 0.2622 0.3366 0.2051 0.2192 0.2494 0.3114 0.3964 0.4508 0.5367 0.5213 0.4451 0.4343 0.4321 0.4173 0.3663 0.3669 0.2848 0.1821 0.1766 0.2059 0.434 0.5011 0.4822 0.4662 0.4881 0.4815 0.5454 0.6749 0.8383 0.9018 1.0764 1.1183 1.1684 1.1818 1.1846 1.1729 1.1823 1.2576 1.4517 1.6449 1.8272 1.8648 1.8973 1.9385 1.9369 1.9015 2.4331 2.9193 5.8657 5.963 6.1226 6.3599 6.6828 7.8393 11.702 12.2667 12.766 13.1593 13.7846 19.2768 19.435 19.575 21.36 27.5872 27.8037 27.9787 30.3028 36.239 36.2761 36.3064 37.3233 37.3701 36.8056 32.9632 24.7358 23.1969 23.1555 23.1161 23.0796 23.0471 23.0191 20.169 20.1724 20.1754 20.1778 20.1797 20.1811 20.182 20.1825 
1.6961 1.6972 1.6987 2.0394 2.0348 2.0286 2.0202 2.0079 1.9886 1.9529 1.8551 1.833 2.1374 2.2139 1.6715 1.5816 1.5374 1.4335 1.3561 1.2837 1.1626 1.1353 1.0546 0.8517 0.7243 0.6064 0.4322 0.3186 0.3249 0.2818 0.2027 0.2293 0.2783 0.3322 0.3956 0.4952 0.5015 0.5473 0.5319 0.4737 0.5776 0.5131 0.4095 0.3889 0.3942 0.2637 0.1699 0.0814 0.2509 0.4181 0.4446 0.4758 0.4675 0.4717 0.6121 0.6555 0.7215 0.8635 1.0678 1.1158 1.1674 1.172 1.1835 1.1709 1.1831 1.2573 1.4436 1.6341 1.6665 1.856 1.8912 1.9339 1.9333 1.9316 2.4496 3.0081 6.0358 6.1398 6.2916 6.4978 6.758 7.8556 11.7666 12.1915 12.5825 12.9101 13.6145 19.2407 19.3693 19.4868 19.5872 21.3782 27.6666 27.8293 27.9617 30.2832 36.2495 36.2789 36.3032 37.3279 35.3187 33.0418 24.7667 23.21 23.1736 23.1389 23.1068 23.0779 23.0528 20.1668 20.1698 20.1725 20.1747 20.1765 20.1779 20.1788 20.1795 
2.0579 2.0574 2.0571 2.057 2.0574 2.0586 2.0617 2.0686 2.0837 2.1184 2.2647 2.3367 3.4157 3.0131 2.3022 1.9727 1.6484 1.5733 1.4981 1.4403 1.3608 1.272 1.1961 1.0441 0.8007 0.6366 0.512 0.4324 0.3947 0.2705 0.2065 0.2498 0.3186 0.3986 0.4357 0.5442 0.597 0.6168 0.6031 0.6867 0.8819 0.6511 0.5117 0.4386 0.3746 0.2668 0.1909 0.1581 0.2216 0.3353 0.4126 0.4763 0.493 0.4637 0.6229 0.6523 0.7173 0.8432 0.9694 1.0731 1.1669 1.1705 1.1829 1.1696 1.1696 1.2572 1.4386 1.6273 1.6535 1.8292 1.8867 1.9304 1.9304 1.9294 2.8025 3.0081 6.1733 6.2761 6.4148 6.5915 6.8031 7.8625 11.8219 12.152 12.4636 12.736 12.9584 13.5165 19.3242 19.4235 19.5113 21.2491 27.5639 27.7128 27.8384 27.9416 30.2625 36.2566 36.2804 36.3003 37.3307 31.8511 23.9249 23.2225 23.1903 23.1596 23.131 23.1052 23.0826 20.1649 20.1676 20.17 20.172 20.1737 20.1751 20.1761 20.1768 
3.9911 3.9848 3.9772 3.9676 3.9552 3.938 3.9123 4.1635 4.0234 3.7882 3.2011 3.7458 6.4591 3.8509 2.9023 1.9855 1.8064 1.7094 1.6097 1.5647 1.5984 1.403 1.2713 1.2093 1.1154 0.7022 0.6412 0.573 0.521 0.3693 0.3062 0.2908 0.3834 0.611 0.612 0.6974 0.6307 0.7005 0.7813 0.7795 0.8422 0.67 0.5438 0.4473 0.3835 0.3026 0.2102 0.1811 0.2413 0.2828 0.3946 0.4197 0.5001 0.4587 0.5865 0.6504 0.7075 0.8318 0.9571 1.0679 1.1667 1.1696 1.1826 1.1833 1.1688 1.1815 1.4354 1.4522 1.6443 1.8213 1.8346 1.9278 1.928 1.9275 2.8104 3.0072 6.2838 6.3813 6.5056 6.6567 6.8308 7.8648 11.8685 12.1317 12.3844 12.6122 12.806 13.4206 19.2925 19.3772 19.4539 19.5205 21.2702 27.622 27.7392 27.8384 33.7621 30.242 36.2614 36.281 36.2977 35.091 24.0339 23.2344 23.2056 23.1783 23.1528 23.1296 23.1091 20.1633 20.1657 20.1678 20.1697 20.1713 20.1726 20.1736 20.1744 
4.1028 4.119 4.141 4.1717 4.5539 4.5885 4.6436 4.7358 4.8959 5.8406 5.986 5.8651 4.4165 3.8108 3.0485 2.1865 1.9054 1.997 1.8703 1.8268 2.2612 2.3141 1.5027 1.3613 1.366 1.1798 0.9757 0.8243 0.6558 0.7659 0.5211 0.407 0.7418 0.6883 0.8575 1.064 1.5032 0.971 0.9268 2.0856 3.4941 3.5377 2.6628 1.9867 0.3841 0.3056 0.2184 0.2006 0.2332 0.2789 0.3875 0.4085 0.452 0.4902 0.5886 0.6493 0.6838 0.7143 0.9492 1.0642 1.1667 1.169 1.171 1.1829 1.1682 1.1681 1.4396 1.447 1.6376 1.8153 1.8273 1.9258 1.9261 1.9259 2.7408 3.0059 6.3726 6.463 6.5734 6.7029 6.8481 7.8648 11.9078 12.1222 12.3306 12.5226 12.6911 12.8325 13.3628 19.3427 19.4099 19.4698 21.1836 27.551 27.6594 27.7534 27.8334 33.7626 36.2457 36.2647 36.2811 32.9466 24.1275 23.2456 23.2199 23.1953 23.1724 23.1514 23.1328 20.1618 20.164 20.166 20.1677 20.1692 20.1704 20.1714 20.1722 
4.2141 11.1646 11.1437 4.6962 4.7671 4.8735 5.0413 11.5777 11.6102 11.7056 14.2221 12.6711 9.8117 4.2484 6.7945 4.0782 2.2913 2.381 3.0908 2.854 2.6343 2.4366 2.7249 1.807 1.9767 2.3294 2.9868 2.8014 1.3408 1.2309 1.6178 1.5853 0.9832 1.6704 1.9593 2.1504 2.5644 2.3753 1.4245 1.9791 6.8256 5.2618 4.0612 3.1929 2.35 0.3429 0.2636 0.2103 0.2435 0.314 0.3609 0.4022 0.4144 0.4896 0.5901 0.6487 0.661 0.7078 0.944 1.0245 1.1668 1.1686 1.1703 1.163 1.1677 1.1677 1.4376 1.4433 1.6588 1.8107 1.8213 1.9242 1.9246 2.3364 2.7433 3.0043 6.4442 6.5269 6.6247 6.7363 6.8588 7.8637 11.9411 12.119 12.2934 12.4567 12.6035 12.7303 13.3024 19.3166 19.3758 19.4295 19.4769 21.2032 27.595 27.6832 27.7599 27.8257 33.7617 36.2509 36.2669 32.56 24.2075 23.9209 23.233 23.2109 23.1902 23.1712 23.1541 20.1606 20.1625 20.1643 20.1659 20.1673 20.1685 20.1695 20.1702 
11.6268 11.682 11.7631 11.8826 12.0601 12.6027 19.0607 24.5572 24.37 23.2715 20.4274 19.1548 31.8532 29.9479 25.3123 15.7412 7.6209 4.4953 2.8082 2.9713 2.0708 2.9123 4.1475 2.7205 3.3098 3.799 3.8277 4.0378 3.2372 2.4373 2.9918 4.4295 2.675 2.4837 2.7324 3.3719 3.0218 3.402 3.0704 4.4901 7.2604 5.8382 4.8229 4.0803 3.5085 2.4281 0.289 0.2547 0.2501 0.3179 0.3595 0.399 0.4092 0.4383 0.5911 0.6035 0.6579 0.6857 0.8281 0.9526 1.167 1.1685 1.1699 1.1711 1.1673 1.1674 1.2764 1.4473 1.6542 1.6677 1.8166 1.8248 1.9233 2.3414 2.7451 3.0028 6.5022 6.5774 6.664 6.7609 6.8655 7.8619 11.9695 12.1194 12.2672 12.4074 12.5358 12.6493 12.7466 18.8008 19.349 19.3973 19.4406 19.4787 27.5431 27.6253 27.6981 27.7617 33.7212 33.76 36.2548 32.6093 29.3556 24.0067 23.2452 23.2252 23.2064 23.189 23.1734 23.1596 20.1612 20.1628 20.1643 20.1656 20.1668 20.1677 20.1685 
12.0575 12.1879 19.4545 19.605 25.5956 25.7342 25.9476 26.3076 26.5273 27.0375 28.6294 36.1924 39.8451 38.5952 36.9198 33.0762 23.9859 19.803 8.8051 10.1153 10.3939 2.7469 2.613 2.4448 2.6397 3.0379 3.1104 3.4354 5.0863 2.8605 3.3495 4.0289 4.3351 4.289 4.8142 5.5805 4.4223 3.9544 4.4092 3.9402 4.4363 4.8154 4.8411 4.2411 3.9815 3.4334 2.8475 0.2618 0.2523 0.3211 0.3278 0.3721 0.406 0.4332 0.4026 0.6021 0.6558 0.6818 0.8233 0.9485 1.0245 1.1683 1.1695 1.1706 1.1627 1.1671 1.2757 1.4448 1.6508 1.6626 1.8128 1.8202 1.9223 2.3454 2.7464 3.0012 6.5495 6.6176 6.6946 6.7792 6.8694 7.8599 11.994 12.122 12.2487 12.3701 12.4829 12.5845 12.6735 13.2238 18.8891 19.3712 19.4108 19.4462 23.8665 27.5775 27.6462 27.7071 27.7605 33.7245 33.7579 32.6499 29.2483 24.0814 23.2566 23.2383 23.2212 23.2053 23.1909 23.1782 20.16 20.1616 20.1629 20.1641 20.1652 20.1661 20.1669 
25.8205 25.8918 25.994 26.1395 26.346 26.8577 27.1263 27.5561 32.4146 33.0012 34.6256 37.3745 38.9195 40.3379 40.0186 38.7636 39.8106 38.2494 30.6222 28.3964 33.1998 24.5347 6.6429 4.7299 17.2594 9.1725 3.1318 6.7681 8.5468 2.3143 4.5625 7.6087 9.2148 5.9857 5.236 4.8208 4.8533 4.4911 3.5959 3.1275 3.2086 3.9487 4.3405 4.4944 4.5506 3.8256 3.1299 2.8329 0.2583 0.2595 0.3287 0.3703 0.4041 0.4393 0.4367 0.601 0.6543 0.6791 0.8198 0.9454 1.0211 1.1683 1.1693 1.1702 1.1622 1.1669 1.1669 1.443 1.6482 1.6586 1.8098 1.8165 1.9214 2.3488 2.7473 2.9997 6.5883 6.6501 6.7186 6.793 6.8715 7.8578 12.0152 12.1258 12.2356 12.3416 12.4411 12.5322 12.6135 13.1882 18.819 19.35 19.3862 19.419 19.4482 23.8719 27.6024 27.6603 27.7119 27.7573 33.7266 33.7555 29.3209 24.1464 23.929 23.2505 23.2348 23.2202 23.2069 23.1951 20.159 20.1604 20.1617 20.1628 20.1638 20.1647 20.1654 
26.1817 26.3044 26.4675 26.6851 27.1828 27.4623 32.9964 33.152 33.522 34.2597 35.4704 36.9006 39.9595 40.1062 39.9659 41.1394 43.8101 43.4561 42.7699 39.5791 39.2867 39.5492 35.3094 31.7715 32.5897 30.7574 22.8686 23.912 16.9749 17.8482 9.2661 18.7395 21.1294 14.8297 5.1267 4.9847 5.5918 8.4239 4.2248 4.2938 3.8769 4.1508 4.2517 4.5199 4.4027 4.4595 4.4895 3.0416 2.8289 0.7011 0.3298 0.3693 0.403 0.4371 0.4336 0.5511 0.6073 0.677 0.8172 0.9234 1.0184 1.1683 1.1691 1.17 1.1707 1.1625 1.1667 1.4571 1.4484 1.6554 1.8346 1.8134 1.8188 2.3516 2.7479 2.9983 6.6204 6.6764 6.7377 6.8035 6.8724 7.8556 12.0339 12.1302 12.2262 12.3195 12.4078 12.4897 12.5639 12.6297 18.7623 18.8851 19.3657 19.3961 19.4235 24.0792 27.5655 27.6204 27.6698 27.714 27.7529 33.7277 32.5421 26.1419 23.9977 23.2617 23.2473 23.2339 23.2216 23.2105 20.1581 20.1593 20.1605 20.1616 20.1626 20.1634 20.1641 
26.505 26.6664 26.8728 27.3396 33.3045 33.3705 33.5074 33.7583 34.1807 34.8255 35.6761 36.5827 39.8834 39.921 41.959 43.2721 44.4266 45.243 46.034 44.6457 40.2439 39.4814 36.6403 33.9085 37.1246 41.4116 38.6405 31.6809 33.8769 36.8253 29.7076 28.3924 36.2095 22.5258 10.0505 6.2435 6.8852 9.7167 8.5227 5.761 4.8733 4.6691 4.6765 4.3531 4.5159 4.6266 4.422 3.5737 3.2804 2.77 0.782 0.4097 0.3754 0.4358 0.4313 0.547 0.559 0.6755 0.6798 0.9203 1.0163 1.1683 1.169 1.1698 1.1704 1.162 1.1666 1.4554 1.4552 1.6528 1.6605 1.8109 1.8158 2.3539 2.7483 2.9969 6.647 6.6979 6.753 6.8115 6.8725 7.8536 12.0503 12.1351 12.2196 12.3022 12.3811 12.4548 12.5225 12.5835 18.7164 18.8297 19.3485 19.3766 19.4023 19.4255 23.8536 27.5861 27.6333 27.6759 27.714 33.703 32.5782 29.1943 24.0583 23.8794 23.2589 23.2464 23.235 23.2247 20.1572 20.1584 20.1595 20.1605 20.1614 20.1622 20.1629 
26.787 33.4768 33.4919 33.5275 33.5944 33.7078 33.8889 34.1641 34.5587 35.0815 35.7005 39.7934 39.8164 41.3525 43.0431 44.7614 45.446 45.9481 46.0176 44.7969 43.1293 40.4016 38.567 37.7473 38.5492 38.7085 38.4774 34.0688 34.1539 34.3944 33.456 30.9618 31.3193 23.4328 14.899 6.7937 7.1559 7.982 7.8049 6.4542 5.7007 5.1039 4.9658 4.9233 4.9195 4.5291 4.61 4.6688 4.1544 3.242 2.7662 0.8578 0.4146 0.4349 0.439 0.5439 0.5547 0.6555 0.678 0.918 1.0147 1.0192 1.169 1.1696 1.1702 1.1617 1.1623 1.4542 1.4534 1.6508 1.6577 1.8357 1.8133 2.3558 2.6682 2.9957 6.6693 6.7156 6.7653 6.8177 6.872 7.8516 12.0649 12.14 12.2151 12.2887 12.3594 12.4261 12.488 12.5443 12.5949 18.7838 18.8809 19.3601 19.3841 19.406 24.0572 27.5568 27.6017 27.6426 27.6796 27.7128 30.3187 29.2556 24.1117 23.942 23.2696 23.2581 23.2474 23.2378 20.1565 20.1576 20.1586 20.1595 20.1604 20.1611 20.1618 
33.617 33.6392 33.6777 33.7392 33.8326 33.9695 34.1636 34.4286 34.7732 35.1921 35.6583 40.7723 40.9459 43.3936 44.6184 45.3247 45.5121 45.7368 45.4963 44.5253 43.5759 38.6475 35.0268 33.3975 33.5333 33.8612 35.2809 34.8618 36.1167 33.9895 33.2791 30.8149 30.7969 21.1427 16.0255 11.6517 7.1085 7.5141 7.3236 6.4646 5.9767 5.6447 5.1886 5.0944 5.0494 5.0306 6.0956 4.6069 4.6542 3.7384 3.22 2.8253 0.8957 0.4343 0.438 0.5415 0.5512 0.56 0.6766 0.7803 0.9232 1.0175 1.1689 1.1695 1.17 1.1614 1.1619 1.2619 1.4591 1.6492 1.6554 1.8336 1.8112 2.3574 2.6672 2.9945 6.6881 6.7304 6.7754 6.8225 6.8711 7.8497 12.0779 12.1449 12.212 12.278 12.3417 12.4022 12.4588 12.511 12.5583 18.7456 18.8361 19.346 19.3684 19.3891 19.4078 24.0713 27.5742 27.6134 27.6491 27.6815 27.7107 29.3087 27.2971 23.9979 23.2796 23.2688 23.2589 23.2499 20.1558 20.1568 20.1577 20.1586 20.1594 20.1602 20.1608 
33.7461 33.7836 33.8384 33.9159 34.023 34.1675 34.3574 34.5987 34.8924 35.2297 40.7615 40.8689 42.8427 44.5474 44.7365 45.3651 45.4831 45.5948 45.1759 44.2705 41.429 35.392 32.6829 31.0972 31.1277 30.4673 32.5812 33.9669 34.4092 35.8887 32.9881 34.4169 30.2681 24.1171 16.2817 12.7686 7.0187 7.2938 7.0726 6.3823 6.0673 5.8098 5.6299 5.2256 5.1589 5.1201 5.0985 5.0875 6.1942 6.2228 3.7094 3.2074 0.9327 0.8971 0.4373 0.431 0.5484 0.5564 0.6755 0.7784 0.9211 1.0161 1.1689 1.1694 1.1699 1.1703 1.1617 1.1662 1.4578 1.4554 1.6535 1.8319 1.8363 2.3588 2.6663 2.8445 6.7041 6.7427 6.7836 6.8262 6.8699 7.848 12.0897 12.1498 12.2101 12.2695 12.3271 12.3823 12.4342 12.4824 12.5267 18.7139 18.7981 18.8768 19.3548 19.3743 19.3921 24.0415 23.8427 27.5878 27.6222 27.6536 27.6821 30.2464 27.3631 24.0478 23.9052 23.2789 23.2696 23.2611 23.2534 20.1561 20.157 20.1578 20.1586 20.1593 20.1599 
33.8611 33.9095 33.9745 34.0605 34.1723 34.3149 34.4923 34.7064 34.9549 35.2294 40.8354 40.9347 42.9923 44.6381 44.791 45.368 45.4431 45.5073 43.0647 42.0604 40.2838 35.1352 32.1709 30.8753 31.0004 31.2876 32.3522 33.3413 35.5323 35.541 32.7346 34.3404 30.0565 23.5662 16.2659 13.3762 6.9458 7.0645 7.2034 6.7868 6.0838 5.8903 5.7369 5.6254 5.2441 5.1949 5.1628 5.1423 5.1298 6.2323 3.7315 3.6916 3.6541 0.9279 0.8983 0.4301 0.5462 0.5534 0.5601 0.7769 0.9194 1.015 1.1689 1.1693 1.1698 1.1702 1.1614 1.1618 1.4567 1.454 1.6519 1.6569 1.8345 2.36 2.6654 2.8426 6.7176 6.7531 6.7904 6.829 6.8686 7.8463 12.1002 12.1545 12.2089 12.2627 12.3151 12.3655 12.4132 12.4579 12.4992 12.537 18.766 18.8398 19.343 19.3613 19.3783 19.3938 24.0542 30.5256 27.5983 27.6286 27.6564 30.2627 29.2152 24.0923 23.9565 23.2882 23.2795 23.2715 23.2642 20.1554 20.1563 20.157 20.1578 20.1584 20.159 
33.9621 34.0173 34.0879 34.1771 34.288 34.4234 34.5852 34.773 34.9834 40.8209 40.8894 42.9119 44.04 44.6893 45.3089 45.358 45.4082 43.5957 42.2573 41.2216 38.0006 34.9129 32.5528 31.9697 31.9778 32.0986 32.7619 33.2006 33.5714 35.2416 35.6584 34.2671 34.0401 28.7182 17.6482 13.6958 6.8907 6.9713 7.1108 6.7264 6.072 5.9258 5.7999 5.6997 5.6242 5.2543 5.2166 5.1902 5.1719 5.1595 6.2618 4.2091 3.6809 3.2133 0.9243 0.889 0.5444 0.551 0.5571 0.7757 0.9181 0.9229 1.0168 1.1693 1.1697 1.17 1.1613 1.1616 1.4558 1.46 1.6506 1.6551 1.8329 2.3609 2.6647 2.8409 6.7292 6.7618 6.796 6.8312 6.8672 7.8447 12.1098 12.1591 12.2085 12.2574 12.3052 12.3513 12.3953 12.4367 12.4754 12.5109 18.7388 18.808 18.873 19.3499 19.366 19.3809 24.0299 24.0642 27.5771 27.6064 27.6334 27.6581 29.2608 24.1321 24.0027 23.2969 23.2887 23.2812 23.2743 20.1548 20.1556 20.1563 20.157 20.1577 20.1582 
34.0496 34.1086 34.1814 34.2701 34.3767 34.5026 34.6482 34.8122 34.9911 40.8651 42.8716 43.9577 44.1125 44.7167 45.3083 45.3447 45.3799 43.0531 41.6541 39.2056 37.6109 35.8102 33.0804 32.846 32.8139 32.6831 32.6789 33.2491 33.3919 33.9279 35.4476 35.707 34.029 28.6715 17.5495 13.8617 12.7763 6.9071 7.0463 6.6781 6.0503 5.9377 5.8354 5.7486 5.6785 5.624 5.2603 5.2306 5.2087 5.1926 5.1809 6.285 4.2165 3.6747 1.2589 0.9119 0.543 0.549 0.5547 0.5599 0.917 0.9214 1.0158 1.1692 1.1696 1.1699 1.1702 1.1614 1.3443 1.459 1.6649 1.6536 1.8316 2.3618 2.6641 6.4858 6.7392 6.7693 6.8006 6.8329 6.8657 7.8432 12.1186 12.1634 12.2085 12.2531 12.2969 12.3393 12.3799 12.4184 12.4545 12.488 18.7158 18.7807 18.842 19.3399 19.3551 19.3693 19.3824 24.0414 30.5168 27.5865 27.6126 27.6367 29.3011 27.3347 24.0443 23.9284 23.2974 23.2903 23.2838 20.1543 20.155 20.1557 20.1564 20.157 20.1575 
34.1246 34.1852 34.2577 34.3437 34.4441 34.5597 34.6899 34.8331 40.8517 40.8986 42.9441 44.0257 44.6575 45.2772 45.3038 45.3313 43.055 42.6328 39.7919 38.7594 37.504 36.1631 33.5366 33.4955 33.4712 33.1407 32.9481 33.3516 33.3255 33.75 35.3088 35.5481 34.0118 28.6411 17.4637 13.9454 12.9863 6.8605 6.8927 6.6392 6.5778 5.9374 5.8539 5.7798 5.717 5.6655 5.6243 5.5921 5.24 5.2216 5.2076 5.1969 4.2803 4.2227 4.1718 0.9411 1.0171 0.5474 0.5526 0.5574 0.7775 0.9201 1.015 1.1692 1.1695 1.1698 1.1701 1.1613 1.1616 1.4581 1.6635 1.6524 1.8305 2.3625 2.6635 6.4931 6.7478 6.7756 6.8045 6.8341 6.8642 7.8418 12.1266 12.1676 12.2088 12.2498 12.29 12.329 12.3666 12.4024 12.4362 12.4678 12.497 18.7571 18.815 18.8695 19.3455 19.359 19.3715 24.0212 24.0506 30.5298 27.5939 27.6174 30.2247 27.3845 24.0819 23.971 23.3055 23.2987 23.2926 20.1537 20.1544 20.1551 20.1557 20.1563 20.1568 
34.1885 34.2489 34.3196 34.4015 34.4951 34.6003 34.7164 40.8445 40.8804 42.9131 43.9717 44.0728 44.6741 45.2764 45.2977 43.0352 42.7437 40.0723 39.3805 38.5184 37.5292 36.5076 34.866 33.9875 33.3601 33.4964 33.1701 33.4651 33.3153 33.6518 34.5445 35.435 35.5959 28.6165 20.5269 13.9841 13.1241 12.6415 6.8515 6.6073 6.5592 5.9308 5.8622 5.7991 5.7436 5.6963 5.6569 5.6248 5.599 5.2466 5.231 5.2187 5.2091 4.2781 4.2279 1.7186 1.034 1.0147 0.5508 0.5553 0.7766 0.9191 0.9226 1.1692 1.1695 1.1698 1.17 1.1611 1.1614 1.4573 1.6623 1.6669 1.6547 2.3631 2.663 6.4996 6.7553 6.7811 6.8077 6.835 6.8627 7.8405 12.1339 12.1716 12.2095 12.2471 12.2842 12.3203 12.3551 12.3885 12.4201 12.4499 12.4776 18.7368 18.7914 18.8431 19.3369 19.3497 19.3618 19.3729 24.0316 30.5105 30.5407 27.5999 30.2378 29.2296 24.1158 24.0097 23.3131 23.3067 23.3008 20.1533 20.1539 20.1546 20.1551 20.1557 20.1562 
34.2425 34.3017 34.3696 34.4467 34.5331 34.6286 34.7322 40.8691 42.895 42.9603 44.0164 44.1052 45.2572 45.2739 43.009 42.7968 42.5069 39.7201 39.1151 38.3998 37.6115 36.814 35.2869 34.3686 33.6739 34.1875 33.3524 33.5741 33.3323 33.6016 34.4342 35.3574 35.5035 28.5945 20.5587 13.9978 13.2149 12.8031 6.8195 6.5808 6.5422 5.9212 5.8642 5.8105 5.7617 5.7189 5.682 5.651 5.6252 5.6041 5.2514 5.238 5.2272 5.2185 4.2764 4.2324 1.7127 1.0295 1.0128 0.5535 0.5574 0.9182 0.9215 1.0156 1.1695 1.1697 1.17 1.1702 1.1613 1.445 1.4596 1.6656 1.6535 2.2161 2.6625 6.5055 6.7618 6.7857 6.8104 6.8356 6.8612 7.8393 12.1407 12.1754 12.2103 12.245 12.2793 12.3128 12.3452 12.3763 12.406 12.434 12.4602 12.4847 18.7708 18.8199 18.8662 19.3414 19.3529 19.3637 24.0145 24.04 30.5224 27.584 27.6045 28.3603 27.3177 24.0449 23.9488 23.3142 23.3086 20.1528 20.1534 20.154 20.1546 20.1551 20.1556 
34.288 34.3452 34.4097 34.4817 34.5612 34.6477 40.862 41.2699 42.9362 43.9787 44.0492 44.1273 45.2566 45.2705 42.8211 42.6085 39.9092 39.471 38.9478 38.3528 37.7154 37.0791 35.6271 34.67 33.9186 34.4427 33.5025 33.6734 33.3618 33.58 34.3655 34.602 35.4356 30.2868 26.5933 13.9975 13.2749 12.9219 12.6151 6.4368 6.5268 6.4929 5.8624 5.8164 5.7737 5.7352 5.7013 5.6719 5.6468 5.6257 5.6081 5.2549 5.2433 5.2337 5.2259 4.2751 4.2363 1.0426 1.0259 1.0114 0.5556 0.9174 0.9205 1.015 1.1694 1.1697 1.1699 1.1701 1.1612 1.3331 1.4588 1.6644 1.6682 2.2153 2.6621 6.5108 6.7674 6.7897 6.8127 6.8361 6.8597 7.8381 12.1469 12.179 12.2113 12.2434 12.2752 12.3063 12.3365 12.3656 12.3934 12.4198 12.4447 12.468 18.7529 18.7994 18.8436 19.334 19.345 19.3553 19.3649 24.0239 30.5059 30.5324 27.5895 28.3858 27.3606 24.0769 23.9847 23.3212 23.3159 23.311 20.153 20.1536 20.1541 20.1546 20.1551 
34.3261 34.3808 34.4417 34.5087 34.5816 34.6599 41.2573 42.9207 42.9691 44.01 44.0732 44.6546 45.255 42.8303 42.6683 42.4631 39.6879 39.2967 38.8455 38.3472 37.8241 37.3066 35.905 34.9131 34.1135 34.6485 33.6269 33.7617 33.3962 33.5753 34.3245 34.5285 34.7071 30.2727 26.6476 13.9892 13.3142 13.0099 12.7391 6.7852 6.513 6.4847 5.8584 5.8187 5.7813 5.7469 5.7159 5.6884 5.6644 5.6438 5.6261 5.6112 5.2575 5.2474 5.2389 4.3123 4.2742 3.9268 1.0377 1.0231 0.554 0.9168 0.9196 0.9223 1.1694 1.1696 1.1698 1.17 1.1611 1.3323 1.4467 1.6634 1.667 2.2146 2.6617 6.5157 6.7724 6.7932 6.8146 6.8363 7.8193 7.837 12.1527 12.1825 12.2124 12.2422 12.2717 12.3007 12.3289 12.3561 12.3823 12.4072 12.4308 12.453 18.7372 18.7813 18.8234 18.8633 19.3378 19.3477 19.357 24.0093 24.0316 30.5168 30.5409 30.434 28.3086 24.1061 24.0176 23.3278 23.3228 23.3181 20.1526 20.1531 20.1536 20.1541 20.1545 