ncols 75 
nrows 60 
xllcorner 159472.015991
yllcorner 383892.872009
cellsize 0.25
nodata_value -9999 
1.455 1.4512 1.4472 1.443 1.1835 1.1768 0.8419 0.8404 1.3016 1.4491 1.3796 1.3078 2.2217 2.2334 2.2461 2.2596 3.031 3.0436 10.3581 16.7925 17.0672 17.6976 17.5433 17.5993 17.6548 17.7084 17.0453 17.9792 9.9902 10.4211 10.1916 5.0703 5.0891 5.1092 5.1304 5.5802 5.603 6.2546 6.2355 5.083 5.3824 4.883 4.3981 3.8643 3.8635 3.6812 3.6858 3.9418 4.2586 4.276 12.6268 13.3034 14.5236 15.0698 15.4934 16.1843 16.5572 16.8879 17.148 17.322 17.4093 17.4211 17.375 17.5855 17.4254 17.9197 17.7385 17.5725 17.4227 17.6892 17.5581 17.4431 18.3696 18.2832 18.2077 
1.4569 1.4529 1.4486 1.4441 1.1856 1.1783 1.1708 0.8406 1.2962 1.4455 1.3773 1.3847 2.2156 2.2281 2.2416 2.2562 3.0266 3.0404 3.0549 10.4882 16.9783 17.6576 17.543 17.606 17.6686 17.7292 17.094 18.0508 9.6844 10.4955 10.2386 5.0627 5.0834 5.1058 5.1297 5.58 5.6059 6.2632 6.242 5.0941 5.392 4.8906 4.8525 3.8625 3.8612 3.6795 3.6849 3.931 3.9597 4.2691 4.2922 12.8182 14.3409 14.9762 15.4991 16.3037 16.7891 17.216 17.5378 17.7318 17.8026 17.774 17.9791 17.7755 18.2157 17.9826 17.7713 17.5832 17.8063 17.6481 17.5116 18.4107 18.3114 18.2259 18.7479 
1.4591 1.4548 1.4503 1.4454 1.4404 1.1802 1.172 0.8408 0.839 1.3026 1.3746 1.3825 1.3108 2.2217 2.2362 2.252 3.0215 3.0365 3.0524 10.4071 16.8712 17.6076 17.5405 17.6119 17.6829 17.7518 17.1513 17.0387 9.7501 9.9328 10.2993 4.9337 5.0758 5.1009 5.1278 5.5789 5.6085 6.2738 6.2503 5.7813 5.405 6.0084 4.8569 4.2266 3.8585 3.8576 3.6834 3.6906 3.9491 4.2592 4.2863 4.681 13.3218 14.8089 15.4611 16.4298 17.0844 17.6558 18.0617 18.2685 18.2963 18.1952 18.2467 17.969 18.3007 18.023 17.7804 17.9444 17.7503 17.5862 18.452 18.3373 18.8294 18.7517 18.6856 
1.4615 1.457 1.4522 1.447 1.4415 1.1823 1.1735 0.6686 0.8391 1.2962 1.3265 1.3799 1.3093 2.2142 2.2297 2.2468 2.2652 3.0317 3.0494 3.0679 11.2481 17.1249 17.5349 17.6162 17.6976 17.7767 17.2191 17.0946 17.9695 10.0152 10.3785 4.0985 5.0659 5.0939 5.1245 5.1571 5.6107 5.6449 6.2608 5.7867 5.4226 6.0181 4.8641 4.2332 3.8551 3.8533 3.681 3.6899 3.9342 4.2448 4.2766 4.6684 4.7082 14.5198 15.3364 16.547 17.4707 18.2726 18.7946 18.9885 18.918 18.9121 18.5244 18.7313 18.3513 18.4035 18.1085 17.8657 18.6522 18.4907 18.3575 18.8343 18.7478 19.8383 19.7764 
1.4644 1.4596 1.4544 1.4488 1.4429 1.1849 1.1754 0.6706 0.8393 0.5835 1.3044 1.3767 1.3074 1.3148 2.2219 2.2403 2.2604 3.0259 3.0454 3.0661 11.1605 17.0068 17.7379 17.6184 17.7123 17.8039 17.8899 17.1618 18.0267 9.7425 9.823 4.0856 4.9372 5.0841 5.119 5.1567 5.6122 5.6522 6.5923 6.2408 5.4464 6.0333 4.8753 5.4029 4.2048 3.8478 3.9486 3.6882 3.851 4.2241 4.2609 4.6485 4.6996 14.0304 15.0387 16.6101 17.9894 19.1907 19.8718 19.9732 19.9143 19.3401 19.3439 18.7953 18.6955 18.3039 17.9932 18.7144 18.5212 18.3666 18.8271 19.8846 19.8047 19.7395 19.6857 
1.4677 1.4626 1.4571 1.4511 1.4446 1.4378 1.1776 1.1667 0.6671 0.5834 1.2966 1.3727 1.3835 1.313 2.2124 2.2323 2.2543 3.0186 3.0403 3.0636 11.053 16.8593 17.672 17.617 17.7265 17.8336 17.9341 17.2436 18.0987 9.8413 9.9117 4.0678 4.9313 5.0705 5.1104 5.1545 5.6125 5.6599 6.5946 6.2538 5.7955 5.4103 5.9777 5.4082 4.2115 3.8407 3.9373 3.955 3.8513 4.2345 4.2359 4.2934 4.6828 4.7647 14.3977 16.4886 18.6946 20.672 21.5502 21.3202 20.6466 19.7336 19.4228 19.0731 18.5335 18.1268 18.7643 18.533 18.3544 18.7994 19.8347 19.7508 19.684 19.6304 19.5869 
1.4714 1.4661 1.4602 1.4537 1.4467 1.4393 1.1803 1.1684 0.6693 0.6625 0.5829 1.3223 1.3796 1.3106 1.3202 2.2224 2.2465 2.2731 3.0338 3.0601 3.0878 11.2566 17.8533 17.6103 17.7394 17.8661 17.985 17.3442 18.1904 17.8641 10.0302 9.6141 4.9229 4.9425 5.0975 5.1493 5.2052 5.6678 7.9066 6.5836 5.8079 5.4444 5.9987 5.4221 4.223 4.1605 3.9208 3.9428 3.7001 3.8705 4.1972 4.2642 4.6493 4.7699 13.106 15.8118 19.5779 23.3409 24.3277 23.0457 21.2984 20.3541 19.5621 18.7877 18.2451 18.7784 18.5045 18.8793 19.8612 19.7508 19.6669 19.6023 19.552 19.5125 19.4812 
1.4758 1.4701 1.4638 1.4569 1.4493 1.4411 1.1837 1.1705 0.672 0.6645 0.5825 0.5822 1.3748 1.3075 1.3181 2.2102 2.2364 2.2659 3.0254 3.0552 3.0871 11.1288 17.6893 17.5955 17.7493 17.9014 18.0439 17.7709 17.2449 17.9281 9.8125 9.6951 4.0757 4.9332 5.0781 5.1395 5.2073 5.6755 7.8801 6.5847 5.8255 6.7555 6.0349 5.898 5.2956 4.1619 3.9238 3.9235 3.96 3.8782 4.1767 4.2112 4.6944 4.7675 10.6033 13.6765 19.9317 28.8532 28.87 24.1864 22.0068 20.1474 19.0052 19.1656 18.7029 18.3936 19.8667 19.7189 19.6141 19.5385 19.4831 19.442 19.4112 19.388 19.3704 
1.4808 1.4749 1.4682 1.4607 1.4524 1.4434 1.4339 1.1732 1.158 0.6669 0.5822 0.5816 1.3686 1.3034 1.3151 1.3281 2.2236 2.2563 3.0144 3.0485 3.0854 10.965 17.4742 17.9336 17.7538 17.9392 18.1128 17.8516 17.3702 18.0156 9.956 9.8127 4.2676 4.9189 4.9515 5.1225 5.206 5.6825 7.8484 7.8318 6.5665 6.7674 6.0947 5.9276 5.3048 5.1796 3.8998 3.8915 3.9424 4.0257 4.2805 4.3352 4.5699 4.7266 5.2535 8.938 15.9868 27.7663 26.8601 22.8522 20.4806 18.9271 18.9113 18.4147 18.116 19.5948 19.4741 19.3961 19.3449 19.3111 19.2887 19.2742 19.265 19.2595 21.3747 
1.7246 1.4805 1.4734 1.4653 1.4563 1.4464 1.4357 1.1767 1.1597 0.67 0.66 0.581 0.5053 1.2979 1.311 1.3256 2.2072 2.2434 2.9999 3.0391 3.0823 10.7544 11.2904 17.7976 17.7486 17.9786 18.1944 17.9494 17.5335 18.1373 10.1492 9.9727 4.2257 4.8971 4.9349 5.094 5.1987 5.6878 7.8095 7.7858 6.5644 6.7879 6.7419 5.9908 5.3448 5.0881 4.627 4.6756 3.9146 3.9808 4.4096 4.4394 4.3106 4.5791 5.2178 5.5584 7.5793 15.7202 18.429 18.6152 17.6563 17.9337 17.6501 19.1747 19.0977 19.0653 19.0556 19.0579 19.0663 13.3619 13.3863 13.404 16.2811 16.3145 18.2921 
1.7282 1.487 1.4795 1.4709 1.4611 1.4501 1.4382 1.4255 1.162 0.6738 0.6625 0.5802 0.5038 1.2585 1.3052 1.3217 1.3402 2.2262 2.273 3.026 3.0769 3.1315 11.0866 17.6798 17.7261 18.0175 18.2918 18.0703 18.001 18.3102 14.4788 10.5021 4.1727 4.2621 4.9059 4.9699 5.1809 5.3305 7.7609 7.7264 7.9227 8.5868 6.7768 6.1106 5.4471 4.9959 4.7675 4.4859 4.5995 3.963 4.2462 4.3727 3.709 4.6144 4.8793 5.9128 6.5173 7.2793 7.9157 9.372 9.5973 11.1357 11.3207 11.4118 11.4508 13.3767 13.4272 13.4587 16.155 16.2273 16.2826 18.2384 18.2978 18.3445 18.3814 
1.7324 1.7277 1.4869 1.4776 1.467 1.4549 1.4415 1.4271 1.1652 0.6785 0.6658 0.5793 0.578 0.5056 1.2973 1.3159 1.3372 2.2032 2.256 3.0076 3.0682 3.1346 10.8086 14.3662 20.1393 18.0515 18.4099 18.2226 18.1418 17.547 14.6283 10.9914 4.1937 4.1891 4.8563 4.933 5.0554 5.3523 7.6969 7.6467 7.6092 8.2657 6.848 6.7201 6.7264 5.0476 4.4558 3.9183 4.5354 4.6705 3.4818 5.2446 5.8451 6.1598 6.2301 8.3474 8.1043 7.9784 9.9273 10.8605 11.4553 11.7639 13.3242 13.4814 13.5591 15.7231 15.8124 16.2211 16.2966 18.2373 18.3155 18.3743 18.4187 18.4524 18.4779 
1.7374 1.7326 1.7267 1.4859 1.4744 1.461 1.446 1.4295 1.1696 1.1437 0.6701 0.6544 0.5763 0.5033 1.2864 1.3073 1.332 1.3603 2.2319 2.9813 3.0542 3.1363 10.4297 14.0776 19.8991 18.0708 18.5551 18.4198 18.3245 17.8552 14.865 14.2577 9.819 4.1051 4.2367 4.8519 5.0266 5.3872 6.8716 7.5298 7.4756 7.9868 8.6177 8.0873 6.7422 5.7673 5.0676 3.6361 4.0961 5.9866 6.1651 8.0159 9.06 10.0191 10.376 10.4125 12.1578 12.2011 13.326 12.1614 14.2312 14.7847 15.0041 15.7187 15.8454 16.2421 16.3456 18.2555 18.3605 18.4346 18.4869 18.5239 18.5498 18.5679 21.174 
1.7433 1.7384 1.7323 1.4961 1.4836 1.4689 1.4519 1.433 1.4126 1.1457 0.6758 0.6575 0.4375 0.5001 0.4265 1.2947 1.3233 1.3573 2.1978 2.9435 3.0315 3.135 5.8404 13.6492 14.5249 20.4312 18.7377 18.6837 18.5682 18.4149 15.2617 14.3866 9.9489 4.1352 4.0948 4.6844 4.8954 5.414 5.8912 7.2747 7.3212 7.5706 8.7342 8.8871 7.2325 4.9259 8.904 9.2165 10.4685 10.4425 11.457 12.0966 13.3352 13.9178 14.3625 14.8628 14.6659 15.0739 15.087 16.3465 15.787 15.5393 16.0936 16.1293 17.7235 17.8163 20.3532 20.4252 20.4726 20.504 20.8587 20.8752 20.8863 21.2281 21.245 
1.7503 1.7455 1.7393 1.7314 1.4953 1.4791 1.4599 1.4381 1.4141 0.9605 0.756 0.662 0.4417 0.3547 0.4222 1.2766 1.3092 1.3501 1.398 2.2454 2.995 3.1273 5.7386 13.0143 14.1991 20.1073 18.9763 19.0561 18.9025 18.7333 15.9739 14.6376 13.522 4.1874 3.9777 4.0573 4.4338 5.4542 7.4001 6.4721 7.7379 7.0062 11.2986 11.8331 10.0478 10.4268 15.215 16.5821 15.5466 16.4396 15.115 16.0642 17.4245 16.5651 17.3071 17.7758 16.8569 16.5755 16.5987 17.4647 17.7373 18.6242 18.101 19.9572 20.3472 20.4663 20.5348 20.9024 20.9277 20.9415 20.9486 22.0636 22.0768 22.0859 22.0921 
1.7585 1.7541 1.748 1.7398 1.7292 1.4924 1.4707 1.4454 1.417 0.9664 0.7609 0.6682 0.4941 0.4293 0.4429 0.5606 1.2867 1.3356 1.3969 2.1916 2.9355 3.1069 3.3093 5.9952 13.6394 15.1547 19.3986 19.6405 19.3712 19.2324 17.449 15.1643 12.3206 5.2754 4.054 3.9351 4.2695 3.9272 8.0331 9.4897 13.231 11.5625 16.3177 18.615 17.8602 18.9143 17.4309 21.1685 21.1277 19.8126 19.9172 19.5059 19.9707 20.247 19.4734 19.3079 19.4887 19.184 18.2859 18.5512 19.4846 20.0434 20.2575 20.6144 21.6882 21.7254 21.7386 21.7403 22.3672 22.3834 22.3934 23.5075 23.3429 23.1926 23.188 
1.7682 1.7644 1.7587 1.7505 1.7393 1.7248 1.4855 1.456 1.422 1.3852 0.7678 0.7467 0.4998 0.4334 0.3502 0.4213 0.5711 1.3084 1.3868 1.4832 2.8393 3.0608 3.3473 5.8902 12.3253 14.5722 17.1524 20.7903 20.0618 20.0677 19.2916 16.2687 11.0609 6.4894 5.2548 5.1052 5.1665 4.9255 16.9834 18.6505 19.2053 22.543 24.952 25.2103 23.411 23.2895 24.8242 22.9635 22.8809 23.4568 22.6849 23.8283 21.8168 21.3805 21.0129 21.1719 21.1397 20.68 21.0921 20.7485 21.2546 21.7587 21.8889 21.9282 21.9179 21.8908 22.8267 23.4803 23.4993 23.5122 23.3517 23.2037 23.1964 23.1904 23.1854 
1.7793 1.7766 1.7719 1.7643 1.7529 1.737 1.5058 1.4714 1.4303 1.3847 0.9555 0.7516 0.5081 0.4847 0.3504 0.4088 0.5548 1.2592 1.3572 1.4939 2.2012 2.9674 3.7507 5.7147 10.1525 13.0623 18.0139 23.8045 21.9694 20.2803 27.1032 17.7642 10.0833 2.32 6.3354 8.1861 8.6511 18.3795 21.7088 24.1001 27.1678 28.75 27.7911 29.5065 29.4424 27.1606 27.2882 27.5927 26.2424 24.8176 24.0176 25.9572 25.4084 23.0831 22.3526 22.049 21.8866 22.1483 21.8234 22.1102 22.5242 22.5815 22.4066 22.9453 23.428 23.476 23.506 23.5246 23.7283 23.223 23.2106 23.2007 23.1928 23.1865 23.1815 
1.7919 1.791 1.788 1.7819 1.7711 1.7544 1.7303 1.494 1.4438 1.3865 0.9665 0.7594 0.5695 0.4908 0.3516 0.3366 0.4166 0.5741 1.2866 1.4755 2.0732 2.8169 3.6849 5.4598 5.8647 10.5736 20.1734 27.7527 36.9209 9.3284 7.4048 22.7177 13.253 7.6137 10.4456 13.6552 20.4581 22.6743 26.0028 30.6177 30.5861 31.5578 31.2759 30.5091 30.853 30.9525 30.2532 32.4194 29.6172 28.7071 26.2837 25.9112 25.2428 24.7224 23.5614 23.2602 22.5128 22.7323 22.9159 22.9928 22.9165 23.5344 23.514 23.4997 23.5371 23.8265 23.746 23.7524 23.2371 23.2188 23.5034 23.4934 23.4864 23.4815 23.4781 
1.8058 1.8075 1.8073 1.804 1.7955 1.7793 1.7527 1.714 1.4657 1.3923 1.0946 0.7721 0.5793 0.5013 0.3835 0.33 0.3857 0.5319 1.1409 1.3599 1.8829 2.7759 3.5396 4.5139 5.1827 10.1078 18.2756 23.9806 19.2001 6.7318 21.3564 26.1938 16.2556 10.8679 12.7599 19.3524 29.5869 30.2468 31.4711 33.589 34.0164 34.0469 34.621 34.562 33.2142 32.9616 33.8493 31.8469 29.5284 29.709 27.9646 26.8217 25.1903 24.7318 24.2757 23.4946 23.2372 23.1289 23.5486 23.7801 23.9315 23.7256 23.8656 23.8806 24.0567 24.0607 23.5707 23.5327 23.5071 23.4903 23.4794 23.4726 23.4683 23.4658 22.7137 
1.8208 1.8258 1.8298 1.8312 1.8277 1.8151 1.788 1.7413 1.557 1.405 1.1003 0.793 0.7273 0.5575 0.3938 0.307 0.3343 0.3864 0.5613 1.0864 1.3938 3.3563 3.5176 4.5901 5.3222 13.145 16.389 28.5094 23.5308 25.3765 32.4671 24.9877 14.6573 13.0133 20.6008 25.5894 34.937 40.0594 39.6851 41.5844 43.4898 39.3748 36.3459 37.2758 36.8539 34.8715 34.5366 32.8103 31.3501 29.1492 28.2394 26.8161 25.3666 24.6577 24.2127 23.6316 23.4371 23.4184 23.7704 24.2211 24.4847 24.3574 24.2393 24.0996 24.0791 23.5788 23.5196 23.4851 23.4659 23.4557 23.4506 22.7232 22.7047 22.6909 22.6804 
1.836 1.8452 1.8546 1.8633 1.8689 1.8658 1.8442 1.7908 1.7001 1.4799 1.1145 0.912 0.7366 0.5703 0.4145 0.3356 0.2233 0.2448 0.396 0.626 1.118 2.6781 3.9753 4.0618 5.4385 7.2438 15.6845 26.8136 37.4811 40.3798 36.9996 20.9503 13.704 19.5814 30.4416 41.6044 43.9867 44.5555 43.0307 42.9797 43.5458 41.9732 38.9292 38.5764 36.7699 35.3352 33.8851 32.3648 30.7704 28.9697 27.9898 26.0275 25.4103 24.385 23.6223 23.5857 23.4831 23.4198 23.5869 24.2901 24.4289 24.2932 24.2086 23.9009 23.7027 23.5985 23.4354 23.4179 22.8256 22.7911 22.6822 22.667 22.6566 22.6494 21.967 
2.1031 1.8641 1.88 1.8983 1.918 1.9346 1.9342 1.8845 1.7556 1.4905 1.1454 0.9451 0.7681 0.6057 0.451 0.3162 0.1692 0.1181 0.2617 0.5376 1.1832 2.0846 3.3809 3.7167 4.694 5.9583 8.5008 25.6391 38.0674 40.4154 40.8975 28.0432 18.2716 25.9126 39.9849 46.0511 43.4625 45.0848 42.7067 42.6128 40.7729 39.6605 37.5854 36.0694 35.9445 34.3634 32.0535 30.9793 29.1058 28.1082 26.3384 25.7166 24.4476 24.1568 23.389 23.1103 23.3599 23.5133 23.6234 23.389 24.0669 24.0349 23.985 23.6431 23.4378 22.8793 22.7943 22.7479 22.7221 22.7079 22.7005 21.9822 21.9585 21.9319 21.9114 
2.1133 2.1189 2.1265 1.9997 2.0325 2.0174 2.0706 2.0745 1.8837 1.5073 1.2979 0.9212 0.8169 0.6405 0.4956 0.3252 0.2089 0.1797 0.3324 0.6308 1.123 1.923 2.1998 3.0781 4.2795 5.096 6.3886 10.4874 33.4323 37.243 35.8838 26.8143 21.4342 21.2754 30.4723 46.9605 36.61 40.2763 41.8994 39.2778 37.3565 36.2848 32.8934 31.6376 31.2502 30.0808 30.0745 29.4374 27.5183 25.7773 25.2032 23.9816 23.2629 23.198 22.7649 22.6504 22.6239 23.0221 23.3016 22.869 22.8501 23.4734 23.32 22.3883 22.3327 22.304 22.2785 22.2628 22.2542 21.9487 21.9198 21.901 21.8784 21.152 20.31 
2.1227 2.1303 2.141 2.1568 2.1825 2.1291 2.2511 2.4268 2.2309 1.5945 1.3924 1.0804 0.8609 0.6349 0.4969 0.3441 0.1848 0.2605 0.5226 0.9361 1.1136 1.6022 2.0942 2.2733 3.2714 3.9094 5.7849 8.2347 12.6521 22.9605 19.505 21.6617 27.2363 25.5748 20.7819 27.8777 44.4802 29.7344 32.0711 30.7238 29.7881 30.1775 29.3798 29.117 27.2857 26.8716 25.2525 26.444 25.5754 24.4701 23.1867 22.7569 22.4649 21.9809 21.8633 21.7319 21.9547 21.7934 22.082 22.559 22.1921 22.024 21.8083 21.763 21.926 22.02 22.081 21.8273 21.8251 21.0517 20.3447 20.3224 20.3068 20.2958 20.2878 
2.1309 2.1398 2.1519 2.1694 2.1969 2.2454 2.3432 2.5184 2.3537 1.7604 1.5372 1.1108 0.8897 0.7394 0.4622 0.2414 0.2112 0.3907 0.5128 0.8805 1.1151 1.2198 1.8378 2.2546 2.3696 2.523 4.4606 8.8654 13.5985 15.4839 17.1514 18.2852 25.6258 21.2351 18.6221 18.745 23.1831 28.3128 24.6169 23.4514 24.1206 23.8059 24.5642 25.2369 24.8488 24.2968 23.4148 22.2781 23.3597 23.0436 22.007 21.5524 21.4351 21.3405 21.1257 20.9842 20.8903 20.9833 20.9574 21.2407 21.3917 21.5756 20.7669 20.743 20.7971 21.2248 20.9658 20.3756 20.344 20.3132 20.2938 20.2813 20.2731 20.2678 20.2642 
2.1377 2.1472 2.1595 2.1758 2.1982 2.2294 2.2688 2.2781 2.0437 1.9505 1.6087 1.4575 1.0496 0.7382 0.5536 0.3855 0.3652 0.4246 0.5002 0.5661 0.9957 1.3305 1.936 2.2304 2.3511 2.4351 2.5007 3.8615 9.1234 8.5905 17.2378 17.9248 19.0338 18.714 18.7018 18.7957 18.9196 19.6565 22.1201 22.0042 21.6053 22.2317 22.7755 22.3996 22.0273 22.007 21.658 21.2756 20.8692 21.3462 21.3426 20.8484 20.5465 20.306 20.3902 20.5583 20.2538 20.5163 20.3251 20.2656 20.2646 20.0339 20.1126 20.2649 20.2723 20.2792 20.2775 20.2692 20.2525 20.2439 20.2399 20.2039 20.2035 19.8744 19.8744 
2.3053 2.3101 2.3158 2.3226 2.3303 2.3371 2.3374 2.3179 2.273 2.0608 1.8074 1.5013 1.2904 0.7987 0.5021 0.4908 0.4182 0.4599 0.5592 0.5888 0.6766 1.134 1.4797 1.7639 2.2609 2.4156 2.499 2.683 9.0607 14.4916 14.8369 17.9764 18.4806 18.8757 18.8932 19.0499 19.1321 19.36 20.1459 20.7478 20.8268 20.9851 21.0837 21.2454 20.9281 20.5563 20.7211 20.7178 20.4798 20.5182 20.5373 20.242 20.1965 20.1138 20.1022 20.1474 20.155 20.066 20.05 20.0622 19.976 19.9369 19.8796 19.891 19.8942 19.8978 19.9042 19.9034 19.9035 19.9039 19.8744 19.8745 19.8746 19.8746 19.8746 
2.3077 2.3125 2.4589 2.46 2.4604 2.4599 2.4587 2.4635 2.4193 2.5337 2.2894 1.5132 1.2426 0.8516 0.5747 0.449 0.4395 0.4742 0.4816 0.5913 0.639 0.732 1.07 1.3406 1.7823 2.1948 2.3573 4.053 13.1099 18.0288 15.8797 17.7114 18.8681 18.9166 18.9585 19.1144 19.2785 19.4893 19.5758 19.7959 19.9844 20.0557 20.365 20.204 20.2617 20.2244 20.1727 20.2061 20.3934 20.3714 20.0913 20.0256 19.9782 20.0148 20.0255 20.0271 20.0419 20.0178 19.9911 19.9785 19.9635 19.8781 19.848 19.8587 19.8587 19.8658 19.8684 19.8688 19.8747 19.8749 19.8749 19.8749 19.875 19.875 19.9171 
2.4562 2.4572 2.4583 2.4594 2.4607 2.4629 2.4686 2.39 2.4514 2.5107 2.4233 1.9283 1.1261 0.7699 0.5484 0.4001 0.4168 0.3988 0.3451 0.4164 0.6119 0.6993 0.8873 1.1747 1.2554 1.7914 2.2188 2.5839 6.3704 13.6374 15.0434 15.0713 15.6402 18.8681 18.9463 19.0376 19.2127 19.3379 19.3815 19.5156 19.6507 19.8036 19.8207 19.9936 20.0265 20.0015 19.9655 19.9496 20.0039 20.0121 19.9844 19.9747 19.9747 19.9763 20.0056 20.0248 20.0271 20.0271 20.0258 19.9936 19.9728 19.9574 19.89 19.8761 19.8655 19.8761 19.8763 19.876 19.8758 19.8757 19.8756 19.8755 19.9158 19.9176 19.9189 
2.456 2.4571 2.4583 2.4598 2.6693 2.5549 2.6071 2.6004 2.5369 2.4238 2.4222 1.9342 1.4246 0.6558 0.409 0.346 0.2957 0.3257 0.3359 0.4034 0.4903 0.6034 0.9056 1.195 1.2095 1.1354 1.655 1.2232 0.99 5.5255 13.394 10.0739 16.8948 14.7924 18.9405 19.1007 19.1435 19.2261 19.3131 19.383 19.5691 19.6969 19.8513 19.9324 19.9563 19.9503 19.9306 19.9348 19.9669 19.9747 19.9747 19.9747 19.9747 19.9747 19.982 20.0073 20.0238 20.0283 20.0476 20.0679 20.0033 19.9415 19.9264 19.8852 19.882 19.8815 19.8788 19.8777 19.8831 19.8831 19.8831 19.9164 19.9186 19.9201 19.9212 
2.6851 2.6847 2.6844 2.6841 2.6254 2.6279 2.6321 2.6403 2.6585 2.6019 2.5577 2.2952 1.473 0.8786 0.5606 0.4832 0.2205 0.3087 0.3967 0.4201 0.4478 0.4886 0.6312 1.0668 1.185 1.1479 1.1215 1.0424 0.9211 1.913 13.1893 12.0625 9.7175 12.1198 16.5344 19.0259 19.1078 19.136 19.2969 19.3788 19.5018 19.6748 19.8513 19.9275 19.9288 19.9373 19.9332 19.9336 19.9527 19.9747 19.9747 19.9747 19.9747 19.9747 19.9812 20.0015 20.0203 20.0487 20.068 20.0722 20.0638 19.984 19.8984 19.9151 19.8904 19.8831 19.8831 19.8831 19.8831 19.9142 19.9182 19.9207 19.9223 19.9233 19.9596 
2.6909 2.692 2.6299 2.6332 2.6381 2.6458 2.6591 2.6846 2.7171 2.7085 3.1282 2.3113 1.2308 0.9155 0.618 0.5094 0.4065 0.3299 0.3498 0.2586 0.3819 0.463 0.5736 0.9739 1.1192 1.1332 1.1088 1.0301 0.9538 0.8585 4.0589 7.2712 14.6292 15.9857 18.8083 18.9064 19.1076 19.1839 19.3031 19.3809 19.4952 19.5543 19.7569 19.915 19.9329 19.9573 19.9524 19.9489 19.972 19.9747 19.9747 19.9747 19.9593 19.9505 20.0085 20.0275 20.0456 20.0527 20.0419 20.0176 20.0704 20.0603 19.9852 19.9186 19.8879 19.8831 19.8831 19.8831 19.9171 19.9225 19.9579 19.9606 19.9621 19.9629 19.9632 
2.6227 2.6248 2.6278 2.6319 2.6378 2.6468 2.6473 2.4439 2.4814 2.4033 2.3927 1.9154 1.2109 0.6603 0.5043 0.4712 0.395 0.2599 0.1876 0.1793 0.2171 0.4191 0.599 1.0083 1.0548 1.1351 1.0797 1.0495 1.0345 0.9772 1.456 5.6807 1.2335 15.6819 16.3151 18.8978 19.1256 19.2445 19.3038 19.4232 19.5026 19.5558 19.6985 19.86 19.9441 19.974 19.9747 19.9687 19.9693 19.9747 19.9747 19.9747 19.9294 19.8729 19.9323 20.0364 20.0717 20.0722 20.0122 19.9691 20.0507 20.0722 20.0644 19.9816 19.8879 19.8881 19.9159 19.9434 19.9592 19.9916 19.9949 19.9965 19.9973 19.9978 19.998 
2.6237 2.6259 2.6289 2.6328 2.6263 2.3828 2.1861 2.1989 2.2053 2.0689 2.0481 2.0819 1.209 0.4197 0.4313 0.3882 0.2659 0.1371 0.103 0.1717 0.2333 0.3272 0.5018 0.8205 1.1532 1.1885 1.1753 1.0701 1.0492 1.0066 0.9231 8.8855 14.4631 7.3447 14.889 17.6979 19.065 19.2572 19.314 19.3497 19.509 19.5077 19.6902 19.7194 19.8808 19.9637 19.9765 19.9776 19.9747 19.9747 19.9747 19.9838 19.9955 19.8768 19.9679 19.9717 20.0393 20.0649 20.0652 20.0535 20.0722 20.0722 20.0722 20.0661 19.9853 19.8836 19.9703 20.0009 20.0046 20.0041 20.0031 20.0023 20.0016 20.001 20.0005 
2.624 2.6261 2.6287 2.4266 2.1061 2.1096 2.1103 2.1044 2.0838 2.0354 1.9402 1.3672 1.234 0.6132 0.4027 0.3889 0.2585 0.1364 0.1152 0.1449 0.2115 0.3186 0.3905 0.7748 1.0745 1.2048 1.2126 1.1947 1.095 1.0453 1.9659 6.3577 17.9916 16.1764 16.0121 18.937 19.046 19.1811 19.3017 19.3633 19.4024 19.5461 19.5785 19.7536 19.8463 19.9561 19.9851 19.9989 19.9764 19.9747 19.9608 19.9575 20.0178 19.9347 19.9315 19.9102 19.9257 20.0532 20.0646 20.072 20.0683 20.0722 20.0722 20.0722 20.0627 20.0338 20.0615 20.0411 20.0247 20.0159 20.0109 20.0077 20.0055 20.004 20.0029 
2.5763 2.3445 2.0828 2.0838 2.0834 2.0266 2.0154 1.9937 1.9547 1.5278 1.4951 1.3863 0.9758 0.4054 0.3856 0.3258 0.2875 0.2322 0.2359 0.1752 0.1971 0.3616 0.4448 0.6709 1.006 1.204 1.2458 1.2558 1.2221 1.0968 1.0779 3.4191 9.5768 15.6568 16.5871 17.4098 19.0167 19.1545 19.2731 19.393 19.471 19.5454 19.5866 19.7447 19.967 19.9969 20.0278 20.027 20.0169 19.9754 19.9337 19.8441 19.873 19.8605 19.9171 19.9291 19.9612 20.0703 20.0418 20.0363 20.0652 20.0703 20.0722 20.0685 20.0582 20.0629 20.0686 20.0555 20.045 20.0389 20.0353 20.033 20.0315 19.9994 19.9977 
2.0098 2.0084 2.0055 2.0005 1.9921 1.9788 1.958 1.6543 1.6533 1.6523 1.4528 1.6355 1.1625 0.7889 0.4251 0.329 0.2708 0.2056 0.1944 0.18 0.2008 0.3443 0.4827 0.6318 1.098 1.2716 1.2946 1.2977 1.267 1.2255 1.2182 1.1992 7.6538 10.3451 17.0188 17.8908 18.9567 19.0459 19.2616 19.3811 19.493 19.5526 19.597 19.6332 19.7818 20.0009 20.0637 20.0465 20.0694 20.003 19.9087 19.84 19.8377 19.8377 19.8747 19.9313 19.9857 20.0194 20.0277 20.0259 20.0283 20.0565 20.0722 20.0644 20.0342 20.042 20.0625 20.0499 20.0444 20.0398 20.0365 20.0342 20.0325 20.0313 20.0304 
1.9917 1.9874 1.9812 1.9722 1.9595 1.6394 1.6386 1.637 1.636 1.4098 1.5034 1.6496 1.5626 0.9979 0.4484 0.3898 0.2893 0.2419 0.2188 0.1798 0.2489 0.3238 0.4449 0.6388 0.8726 1.2716 1.3373 1.3324 1.3238 1.2743 1.2446 1.2393 7.259 17.5251 11.3452 16.8626 18.9822 19.0764 19.1884 19.332 19.47 19.5652 19.5992 19.6343 19.6599 19.9064 20.0272 20.0275 20.033 20.0321 19.9579 19.8653 19.8377 19.8481 19.858 19.9361 19.9921 19.9871 20.0144 20.0082 19.9818 20.0317 20.0597 20.0557 20.0493 20.0486 20.0574 20.0438 20.0418 20.0391 20.0366 20.0346 20.0331 20.0319 20.0309 
1.9754 2.0032 1.6317 1.6312 1.6303 1.6287 1.5935 1.6024 1.572 1.5871 1.605 1.6029 1.5106 1.3135 0.7002 0.4126 0.4127 0.3785 0.3265 0.2783 0.2839 0.2912 0.3519 0.6696 0.8434 1.0418 1.3912 1.3427 1.3727 1.38 1.2842 2.2225 5.4281 16.0542 18.3605 18.7352 18.9545 19.1056 19.1917 19.3101 19.4371 19.5825 19.6079 19.6309 19.683 19.8391 20.0112 20.0496 19.9692 19.955 19.9439 19.9303 19.8564 19.8794 19.9702 19.9731 19.9815 19.9937 19.9949 20.0002 19.9891 20.0212 20.0389 20.0487 20.0566 20.0548 20.0573 20.0602 20.0393 20.0378 20.0361 20.0346 20.0332 20.0321 20.0313 
1.6269 1.7774 1.7755 1.773 1.7697 1.5477 1.553 1.5597 1.5677 1.5767 1.5843 1.5896 1.5803 1.7384 1.1548 0.6623 0.5379 0.4995 0.4072 0.3838 0.3132 0.2882 0.2965 0.4119 0.7541 0.9158 1.2633 1.2778 1.329 1.3249 1.2382 1.1589 3.9914 7.8698 18.1874 18.737 18.9846 19.0904 19.2447 19.3654 19.4082 19.4856 19.5964 19.6035 19.6812 19.8227 20.0185 20.0722 20.0388 19.9546 19.9513 19.9485 19.9444 19.9456 19.9685 19.9726 19.9747 19.9846 19.9861 19.9979 19.9975 20.0141 20.0323 20.0379 20.0451 20.0579 20.0586 20.0599 20.0611 20.0364 20.0353 20.0342 20.0331 20.0322 20.0314 
1.7758 1.7742 1.7721 1.88 1.8811 1.5474 1.5521 1.5577 1.9083 1.9038 1.8975 1.9846 1.9894 1.9021 1.6405 1.425 0.8771 0.5348 0.4056 0.4106 0.3721 0.3249 0.3596 0.3993 0.5051 0.9617 1.1696 1.2504 1.2338 1.2237 1.2029 1.1154 1.0671 5.9607 9.7951 10.9426 17.5095 19.1266 19.2027 19.3763 19.4092 19.4126 19.4943 19.6157 19.6076 19.7681 19.9893 20.0661 20.0686 20.0231 19.9699 19.9727 19.9719 19.9598 19.9747 19.9671 19.9747 19.9835 19.9865 19.9931 19.9996 20.0088 20.0226 20.0349 20.0434 20.0596 20.0597 20.0602 20.0609 20.0616 20.0345 20.0337 20.0329 20.0321 20.0314 
1.8908 1.8926 1.8951 1.8985 1.9032 2.2533 2.2561 2.2613 2.2709 2.0824 2.1189 2.2282 2.3238 2.5109 2.2543 1.5643 1.1195 0.7034 0.5152 0.4682 0.3639 0.4743 0.4572 0.4367 0.5252 0.755 1.1185 1.2541 1.233 1.2242 1.1806 1.1298 2.6964 5.6162 15.2025 9.1265 10.7907 18.7694 19.1238 19.2395 19.3625 19.413 19.457 19.5125 19.6459 19.658 19.8426 20.0151 20.0396 20.0318 19.9786 19.9728 19.9702 19.9747 19.9747 19.9747 19.9747 19.9831 19.9856 19.9863 19.9938 20.0093 20.0207 20.0334 20.0422 20.044 20.0604 20.0607 20.061 20.0615 20.0619 20.0332 20.0325 20.0319 20.0313 
1.9022 2.263 2.2648 2.2675 2.2714 2.2773 2.286 2.2994 2.1194 2.1595 2.3741 2.5334 2.618 2.7641 2.7513 1.8951 1.2651 0.9784 0.6931 0.5543 0.5188 0.56 0.5598 0.4848 0.4615 0.7867 1.0662 1.2609 1.2456 1.2197 1.1952 1.1504 1.1701 4.4071 9.3553 18.2751 12.9152 18.3425 19.108 19.1492 19.2192 19.3745 19.428 19.4597 19.4911 19.6608 19.8061 19.9537 20.0203 20.0306 20.0113 19.9737 19.9717 19.9804 19.9747 19.9747 19.9747 19.9832 19.9849 19.9858 19.9937 20.0097 20.0121 20.0234 20.0343 20.0431 20.061 20.0611 20.0613 20.0615 20.0618 20.0621 20.0322 20.0317 20.0312 
2.2714 2.2741 2.2778 2.2827 2.2894 2.2988 2.3806 2.3967 2.7926 2.7965 2.8038 2.8148 2.8085 2.7677 2.5637 2.253 2.0059 1.4247 0.8988 0.7276 0.6379 0.5739 0.6139 0.5057 0.5047 0.6262 0.8936 1.2136 1.2344 1.2134 1.1707 1.1781 1.3008 1.3841 7.272 12.2321 15.9807 14.1493 19.0241 19.1327 19.1774 19.3139 19.4084 19.4514 19.5052 19.6353 19.7863 19.9275 19.9636 20.0225 20.0135 19.9986 19.9722 19.9815 19.9747 19.9747 19.9747 19.9833 19.9845 19.9853 19.9936 19.9942 20.012 20.0222 20.0247 20.0426 20.0437 20.0614 20.0615 20.0617 20.0618 20.0621 20.0623 20.0314 20.031 
2.2804 2.2844 2.2896 2.7327 2.8095 2.8122 2.8163 2.8225 2.8316 2.8452 2.8651 2.8708 2.8791 2.8896 2.7965 2.513 2.1746 1.5412 1.2212 0.8676 0.6596 0.6172 0.515 0.4436 0.4003 0.4539 0.5788 0.9091 1.1696 1.1805 1.1897 1.2179 1.3439 1.3853 1.4184 10.8788 11.3838 4.8386 18.3176 17.7731 19.1544 19.2431 19.3611 19.4098 19.5178 19.6282 19.6943 19.9189 19.9445 19.9995 20.0145 20.0085 19.9726 19.9823 19.9747 19.9747 19.9747 19.9835 19.9844 19.985 19.9853 19.9941 20.0119 20.0134 20.0236 20.0422 20.0432 20.0617 20.0617 20.0618 20.0619 20.0621 20.0622 20.0311 20.0308 
2.7369 2.7418 2.8189 2.8221 2.8264 2.8323 2.8404 2.8516 2.8756 2.8861 2.903 2.9885 3.0492 3.1053 3.5315 3.2684 2.4771 2.0317 1.5255 1.2117 0.7626 0.6572 0.6064 0.353 0.3164 0.2426 0.4809 0.6313 0.8646 1.1436 1.2643 1.2646 1.2815 1.3635 1.5541 6.5899 14.9831 16.6579 14.9471 16.2562 17.1096 19.1756 19.3382 19.3658 19.5252 19.6298 19.6764 19.807 19.9341 19.9953 20.015 20.0109 20.0009 19.9833 19.9747 19.9747 19.9747 19.9747 19.9843 19.9849 19.9851 19.994 20.0027 20.0131 20.0229 20.0244 20.0428 20.0436 20.0619 20.0619 20.062 20.0621 20.0622 20.0623 20.0306 
2.8236 2.8267 2.8306 2.8355 2.842 2.8505 2.8733 2.8813 2.9521 2.9669 2.9909 3.0333 2.9906 3.1459 3.3851 3.0697 2.6851 2.3666 1.7568 1.1751 1.0347 0.7365 0.6754 0.5035 0.2196 0.1958 0.5596 0.6603 0.7566 1.0748 1.258 1.2722 1.2793 1.2848 2.9086 5.6778 10.5559 13.6397 15.0879 15.6398 19.0296 19.1576 19.262 19.3505 19.4355 19.6334 19.667 19.7973 19.9283 19.9927 20.0152 20.0123 20.0098 19.9841 19.983 19.9747 19.9747 19.9747 19.9843 19.9848 19.985 19.9852 20.0025 20.013 20.0141 20.0237 20.0426 20.0433 20.062 20.0621 20.0621 20.0622 20.0622 20.0623 20.0624 
2.8321 2.8362 2.8412 2.8476 2.8557 2.9374 2.9437 2.9522 2.9643 3.0131 2.9705 3.0696 3.1103 3.1416 3.1189 2.8714 2.5656 2.0901 1.8211 1.3533 1.0465 0.7686 0.6487 0.5233 0.2316 0.1798 0.2869 0.7037 0.8124 0.9393 1.1415 1.2726 1.284 1.3018 3.2443 6.756 9.2093 12.4825 12.7959 15.4642 15.8104 19.1485 19.2508 19.3421 19.4296 19.6375 19.6623 19.7924 19.8113 19.933 20.0153 20.0131 20.0112 19.9936 19.9836 19.9747 19.9747 19.9747 19.9843 19.9847 19.9849 19.9851 20.0024 20.0034 20.0139 20.0233 20.0242 20.043 20.0436 20.0622 20.0622 20.0622 20.0623 20.0624 20.0624 
2.8398 2.8447 2.8507 3.0546 3.0588 3.0644 3.0719 3.082 3.0568 3.025 3.0416 3.1441 3.1519 3.142 3.0307 2.9521 2.6532 2.1855 1.8915 1.7366 1.3186 0.9258 0.7053 0.5187 0.3116 0.2086 0.1376 0.4863 0.7783 0.8947 1.0753 1.2173 1.2895 1.3273 3.5918 6.9145 8.5211 12.0529 12.3997 15.3307 15.6475 15.8382 19.1587 19.2607 19.3786 19.4999 19.6601 19.6779 19.8048 19.9295 20.0154 20.0137 20.0121 19.9943 19.9841 19.9834 19.9747 19.9747 19.9747 19.9847 19.9849 19.985 20.0023 20.0032 20.0137 20.0229 20.0238 20.0429 20.0433 20.0439 20.0623 20.0623 20.0623 20.0624 20.0624 
3.0515 3.0541 3.0574 3.0614 3.0665 3.073 3.0426 3.1089 3.1157 3.1177 3.1674 3.1635 3.1536 3.1357 3.116 3.0051 3.165 2.8127 2.0745 1.6767 1.41 1.1083 0.8305 0.4941 0.3328 0.2417 0.1528 0.3711 0.5977 0.7926 1.0648 1.1262 1.2256 1.3369 3.8465 7.0711 8.1401 9.031 12.1656 12.3301 15.5637 15.7136 19.0731 19.2529 19.3741 19.4962 19.6593 19.6735 19.8007 19.8111 20.0154 20.0141 20.0128 20.0117 19.9844 19.9838 19.9747 19.9747 19.9747 19.9846 19.9848 19.9849 19.9851 20.003 20.0136 20.0143 20.0235 20.0427 20.0432 20.0436 20.0623 20.0624 20.0624 20.0624 20.0625 
3.056 3.059 3.0627 3.1726 3.1384 3.1417 3.1522 3.1522 3.1514 3.149 3.1443 3.1362 3.1239 3.1086 2.9462 3.0161 3.0491 2.9024 2.4617 1.7099 1.511 1.2108 0.8059 0.6851 0.4067 0.3189 0.2111 0.3848 0.4918 0.6795 0.886 1.1101 1.214 1.3416 4.0155 7.2282 7.9656 8.6211 12.0332 12.18 15.3803 15.6367 19.0655 19.2477 19.2574 19.3805 19.6593 19.6707 19.7981 19.8068 20.0154 20.0143 20.0133 20.0123 19.9943 19.9841 19.9747 19.9747 19.9747 19.9845 19.9848 19.9849 19.985 20.003 20.0036 20.0141 20.0232 20.0238 20.043 20.0434 20.0438 20.0624 20.0624 20.0625 20.0625 
3.1662 3.1687 3.1334 3.1356 3.144 3.1437 3.1428 3.1411 3.1383 3.1339 3.1271 3.1176 3.1053 2.9078 2.9435 2.9358 2.9888 2.8779 2.6864 2.0445 1.4753 1.1619 0.9361 0.6437 0.4703 0.3561 0.3119 0.3087 0.4631 0.5143 0.8563 1.1027 1.1275 1.3443 4.1331 4.4438 7.8924 8.3835 11.9575 12.0806 12.1683 15.5878 15.7534 19.1613 19.2525 19.3774 19.5379 19.669 19.6777 19.8037 19.9707 20.0145 20.0136 20.0128 19.9947 19.9844 19.984 19.9747 19.9747 19.9747 19.9848 19.9849 19.985 19.9851 20.0035 20.0141 20.0145 20.0236 20.0429 20.0433 20.0436 20.044 20.0625 20.0625 20.0625 
3.1682 3.139 3.1388 3.1384 3.1377 3.1364 3.1346 3.1318 3.1278 3.1222 3.1147 3.105 2.8823 2.9042 2.9284 2.8853 2.8705 2.818 2.6258 2.1751 1.5183 1.0892 0.9794 0.7077 0.5071 0.3756 0.3398 0.3184 0.4529 0.489 0.6692 1.0995 1.1183 1.2394 1.3526 4.4524 7.8676 8.2444 8.6117 12.0144 12.093 15.556 15.6251 15.8108 19.1686 19.2549 19.5357 19.6679 19.6753 19.8015 19.8699 20.0147 20.0139 20.0132 19.995 19.9846 19.9842 19.9747 19.9747 19.9747 19.9847 19.9849 19.9849 19.985 20.0034 20.014 20.0144 20.0234 20.0239 20.0431 20.0434 20.0438 20.0625 20.0625 20.0626 
3.1353 3.1349 3.1343 3.1334 3.132 3.1301 3.1275 3.124 3.1194 3.1134 3.1058 3.0966 2.8792 2.8954 2.8221 2.7979 2.7871 2.6966 2.5692 2.2137 1.8692 1.4129 0.9948 0.8239 0.5094 0.3824 0.3553 0.3363 0.3657 0.4757 0.4972 0.8705 1.1128 1.125 1.3525 4.4662 7.866 8.1617 8.5061 11.9697 12.0384 12.0916 15.5936 15.7535 19.1629 19.1728 19.5342 19.6673 19.6736 19.7172 19.8677 20.0148 20.0141 20.0135 19.9952 19.9946 19.9844 19.9747 19.9747 19.9747 19.9747 19.9848 19.9849 19.985 20.0033 19.9951 20.0143 20.0147 20.0237 20.0431 20.0433 20.0436 20.044 20.0626 20.0626 
3.132 3.1312 3.1302 3.1288 3.127 3.1247 3.1217 3.1178 3.1129 3.1069 3.0997 2.8619 2.8734 2.7791 2.7438 2.7426 2.681 2.6238 2.5306 2.0816 1.9158 1.4554 1.0004 0.8448 0.6086 0.3836 0.3634 0.3476 0.3652 0.4685 0.4857 0.8599 1.1093 1.1194 1.2919 4.4816 7.8753 8.1122 8.331 8.5483 11.9985 12.0469 12.2645 15.7111 19.1587 19.1675 19.3414 19.5419 19.6724 19.7148 19.803 19.8973 20.0143 20.0138 20.0133 19.9949 19.9846 19.9747 19.9747 19.9747 19.9747 19.9848 19.9849 19.985 19.985 19.995 20.0143 20.0146 20.0235 20.024 20.0432 20.0435 20.0438 20.0441 20.0626 
3.1289 3.1278 3.1265 3.1249 3.1228 3.1201 3.1169 3.1129 3.108 3.1023 2.8493 2.8578 2.8666 2.739 2.7059 2.6988 2.6232 2.5743 2.5048 2.0612 1.9397 1.8294 0.9002 0.8571 0.8195 0.3827 0.3675 0.3547 0.3448 0.3768 0.4784 0.6674 0.8783 1.1156 1.2891 4.4971 7.8896 8.0829 8.2651 8.4837 11.9691 12.0126 12.0479 15.6793 15.7474 19.1635 19.1704 19.5402 19.6715 19.7129 19.8017 19.8955 20.0144 20.014 20.0135 19.995 19.9847 19.9844 19.9747 19.9747 19.9747 19.9848 19.9849 19.985 19.985 20.0036 19.9952 20.0145 20.0148 20.0238 20.0243 20.0434 20.0437 20.0439 20.0626 
3.126 3.1248 3.1233 3.1214 3.1191 3.1163 3.113 3.1091 3.1044 3.099 2.8462 2.853 2.7121 2.6771 2.6744 2.6083 2.5809 2.5401 2.4869 2.0431 1.9518 1.8661 1.3291 0.8645 0.8347 0.5982 0.3693 0.359 0.3505 0.375 0.4738 0.6609 0.8703 0.8896 1.2582 1.2946 7.9057 8.0661 8.2195 8.4357 8.5085 11.9859 12.0186 12.2315 15.7157 19.1603 19.1666 19.5389 19.5453 19.7116 19.717 19.8941 19.8978 20.0141 20.0138 19.9952 19.9848 19.9846 19.9747 19.9747 19.9747 19.9747 19.9849 19.9849 19.985 20.0035 19.9952 20.0144 20.0147 20.0237 20.0241 20.0433 20.0435 20.0438 20.044 
3.1235 3.1221 3.1204 3.1184 3.116 3.1132 3.1099 3.1061 3.1017 2.8373 2.8427 2.6916 2.6545 2.6538 2.591 2.5747 2.5498 2.5158 2.474 2.0282 1.9577 1.8901 1.3481 0.8691 0.8451 0.6078 0.37 0.3616 0.3544 0.3485 0.4875 0.4792 0.8646 0.8814 1.1667 1.2923 7.9222 8.0572 8.1877 8.3093 8.4654 11.9652 11.995 12.0201 15.6907 19.1579 19.1636 19.1687 19.5437 19.7105 19.7154 19.893 19.8964 20.0143 20.0139 19.9953 19.995 19.9847 19.9747 19.9747 19.9747 19.9747 19.9849 19.9849 19.985 19.985 19.9952 19.9954 20.0146 20.0235 20.024 20.0243 20.0434 20.0437 20.0439 
3.1212 3.1197 3.1179 3.1159 3.1135 3.1107 3.1075 3.1039 2.8302 2.8346 2.6754 2.6784 2.6366 2.634 2.5644 2.5485 2.5263 2.4979 2.4643 2.0161 1.9603 1.9061 1.3611 0.872 0.8524 0.6147 0.3701 0.3632 0.3571 0.3518 0.4857 0.493 0.6855 0.8753 0.8884 1.2905 4.6101 8.0533 8.1655 8.2714 8.4316 8.4819 11.976 11.9994 15.6709 15.7155 19.1612 19.1659 19.5424 19.6734 19.7141 19.7821 19.8952 19.898 20.0141 19.9954 19.9951 19.9848 19.9747 19.9747 19.9747 19.9747 19.9747 19.9849 19.985 19.985 19.9951 19.9953 20.0146 20.0148 20.0238 20.0242 20.0433 20.0436 20.0438 