ncols 63 
nrows 65 
xllcorner 158308.657013
yllcorner 383926.035004
cellsize 0.25
nodata_value -9999 
36.6572 36.659 36.3699 36.5435 36.858 36.8579 36.6694 36.6671 36.6643 36.6609 36.2805 36.2662 35.526 34.5575 34.5361 34.0491 34.0226 36.324 36.3508 36.3858 36.1574 36.1832 36.2136 36.0242 36.0191 36.0135 36.0074 36.001 35.9945 35.9885 35.9831 35.9787 35.101 35.0643 30.2372 28.0995 27.4525 25.6652 25.6192 23.6639 23.6362 23.6126 23.5927 22.1275 22.1168 22.1075 21.2067 21.2012 21.1964 20.7526 20.7517 20.4519 20.342 20.3403 19.8326 19.8285 19.8248 19.5822 19.2901 19.2889 19.2878 19.2869 19.2861 
36.8619 36.657 36.6591 36.3708 36.3774 36.859 36.859 36.6708 36.668 36.6645 36.6604 36.2784 35.9549 35.5255 34.5568 34.5289 34.0381 34.0036 36.3082 36.3457 36.1327 36.1624 36.1988 36.2403 36.0185 36.0125 36.0056 35.998 35.9903 35.9831 35.9771 35.1093 35.0615 33.2828 28.1057 27.4527 27.4148 25.6174 23.6687 23.6358 23.6082 23.5852 22.127 22.1147 22.1042 21.2067 21.2005 20.7535 20.7524 20.7514 20.4517 20.3419 20.34 19.8329 19.8284 19.8244 19.582 19.2899 19.2887 19.2875 19.2865 19.2856 16.858 
36.9276 36.8608 36.6567 36.6592 36.6621 36.3795 36.8603 36.8603 36.6724 36.669 36.6648 36.6596 36.2751 35.9539 35.5239 34.5542 34.5168 34.0201 36.2545 36.2934 36.3475 36.1335 36.1775 36.2298 36.0171 36.0111 36.0032 35.9939 35.9845 35.976 35.1243 35.0602 33.2834 28.1157 27.4542 27.4069 25.6157 23.6749 23.6353 23.6026 23.5758 22.1261 22.1119 22.1001 21.2067 21.1996 20.7534 20.7522 20.7511 20.3442 20.3418 20.3396 19.8333 19.8283 19.8238 19.5817 19.2898 19.2883 19.2871 19.286 19.2851 16.8589 16.8487 
36.9313 36.9257 36.8595 36.6564 36.6593 36.6628 36.3821 36.8619 36.8619 36.6743 36.6701 36.6648 36.6581 35.9653 35.7927 35.228 34.5478 34.0452 33.9901 36.2244 36.2829 36.0923 36.1456 36.213 36.0144 36.0093 36.0002 35.9883 35.9762 35.966 35.0621 33.2895 29.4994 27.4582 27.3974 25.6141 23.6834 23.6348 23.5954 23.5638 22.1249 22.1084 22.0948 21.2066 21.1985 20.7534 20.752 20.7508 20.3443 20.3416 20.3392 19.8337 19.8281 19.5847 19.5814 19.2694 19.288 19.2866 19.2855 19.2845 16.8599 16.8487 16.9345 
36.9358 36.9299 36.9232 36.8579 36.656 36.6594 36.6636 36.3854 36.8639 36.8639 36.6768 36.6714 36.6644 36.6557 35.9669 35.7908 34.5916 34.5339 34.0173 36.1327 36.1926 36.0319 36.0954 36.184 36.0091 36.0076 35.9967 35.9798 35.9636 35.0717 34.2915 29.4931 27.4666 27.3861 25.613 23.6952 23.6342 23.5859 23.5481 22.1231 22.1036 22.0879 21.2688 21.197 20.7533 20.7517 20.7503 20.3446 20.3414 20.3387 19.8342 19.8279 19.5847 19.5809 19.2694 19.2875 19.286 19.2848 19.2837 16.8609 16.8487 16.9346 16.9304 
36.8987 36.9351 36.928 36.9201 36.8559 36.6554 36.6596 36.6647 36.3896 36.8665 36.8665 36.6798 36.6727 36.6634 35.9862 35.9686 35.7862 34.5923 34.5036 33.9639 36.0644 36.1631 36.011 36.1285 35.9982 36.0084 35.9921 35.965 35.0996 34.2648 29.4866 27.4837 27.3724 25.613 23.7121 23.6336 23.573 23.5271 22.1204 22.0971 22.0788 21.2673 21.195 20.7533 20.7513 20.4241 20.3449 20.3413 20.3381 19.8349 19.8277 19.5846 19.5804 19.2693 19.2868 19.2853 19.2839 19.2828 16.862 16.8486 16.9348 16.9301 14.5951 
37.2138 36.9 36.7869 36.9256 36.9159 36.8532 36.6546 36.6598 36.6663 36.3951 36.87 36.6905 36.6838 36.6741 36.6609 35.9957 35.817 35.7755 34.8205 34.4351 35.8805 35.9756 35.8608 36.0032 35.9759 36.0207 35.9819 35.9336 34.2266 32.3919 27.5178 27.3561 26.5069 24.649 23.6329 23.5551 23.4982 22.1162 22.088 21.2758 21.2651 20.7559 20.7532 20.7509 20.4248 20.3453 20.341 20.3374 19.8356 19.8274 19.5845 19.5798 19.2691 19.2861 19.2843 19.2829 19.2817 16.8632 16.8483 16.9349 16.9298 14.5968 11.7089 
37.2142 37.2158 36.9015 36.7875 37.0647 36.849 36.8497 36.6535 36.66 36.6684 36.4639 36.9355 36.7966 36.6891 36.6751 36.6556 36.011 35.8212 34.9212 34.7655 33.199 35.6816 35.5936 35.6382 35.9449 36.0731 35.9321 34.1684 32.2901 28.5345 27.3373 26.3394 24.6541 23.6322 23.5289 22.1564 22.1095 22.0748 21.2748 21.2618 20.7563 20.753 20.7503 20.6421 20.3458 20.3408 20.1221 19.8365 19.5906 19.5844 19.579 19.2688 19.285 19.2831 19.2816 16.8828 16.8645 16.9413 16.935 17.2455 14.5988 11.714 11.7004 
36.648 37.2163 37.2183 36.8018 36.7882 37.0612 36.8444 36.8449 36.6518 36.6602 36.6716 36.2589 36.7794 36.8042 36.6964 36.6748 36.6443 36.0387 35.8231 34.9245 34.5782 33.1661 35.1608 34.2711 36.3846 36.0387 33.9198 32.6091 28.5242 27.3188 25.6388 24.6659 23.6318 23.4892 22.5627 22.0986 22.0552 21.2727 21.2568 20.757 20.7528 20.7495 20.3537 20.3466 20.3406 20.1222 19.8377 19.5914 19.5842 19.578 19.2684 19.2837 19.2817 19.28 16.8865 16.8659 16.9422 16.9351 17.2452 14.7654 11.7198 11.7047 8.3537 
36.6388 36.6523 37.219 37.2216 36.8059 36.7891 37.0564 36.8379 36.8381 36.6492 36.6605 36.6765 36.2818 36.7912 36.816 36.707 36.6704 36.2625 35.9655 35.8104 34.7865 33.6617 32.5748 36.8012 37.2548 32.821 29.8653 28.5431 27.4458 25.6393 24.6897 23.632 22.6246 22.5423 22.0798 22.0247 21.2687 21.2489 20.7579 20.7526 20.7485 20.3564 20.3476 20.3403 20.1223 20.1172 19.5925 19.5839 19.5767 19.2679 19.282 19.2798 19.278 16.8907 16.8673 16.9431 16.9352 17.2449 14.7684 11.7264 11.7095 8.3601 7.5143 
36.6277 36.6414 36.6578 37.2227 37.2262 36.8115 36.7904 37.0496 36.8285 36.8278 36.645 36.6607 36.6848 36.3204 36.8318 36.8367 36.7213 36.6538 36.3362 36.1588 35.4094 34.079 32.6601 32.1297 30.5988 30.0874 28.4937 26.8803 25.6598 25.3505 24.377 22.6385 22.5055 22.0448 21.9749 21.2608 21.2363 20.7591 20.7522 20.6435 20.3603 20.3492 20.34 20.1224 20.1161 19.5937 19.5835 19.3054 19.2671 19.1612 19.2773 19.2755 16.8955 16.8689 16.9442 16.9352 17.2444 14.7719 11.7339 11.7149 8.3671 7.5207 6.5735 
36.6144 36.6279 36.6445 36.6648 37.2473 37.1305 36.8194 36.7921 37.0396 36.8142 36.8114 36.6374 36.6606 36.7001 36.3939 36.6057 36.6959 36.6388 36.6278 36.5694 35.7551 34.5119 33.0878 31.166 29.6634 28.7062 27.1058 25.3606 25.1218 23.6576 22.674 22.4335 22.3299 21.3661 21.2449 21.215 20.761 20.7517 20.6433 20.366 20.3514 20.3396 20.1224 20.1147 19.5954 19.5829 19.3051 19.2659 19.1594 19.2741 19.2722 16.9013 16.8707 16.9454 17.2501 17.2439 14.776 11.7426 11.7211 8.3751 8.3515 7.4948 6.5437 
36.5986 36.6114 36.6277 36.6483 36.6741 37.2524 37.1408 36.8313 36.7945 37.0241 36.5373 36.7831 36.6225 36.6593 36.7317 36.6239 36.5311 36.5389 36.2327 37.0208 37.7631 33.4588 32.5527 29.6772 29.1225 27.4888 26.131 25.1833 23.4484 23.0015 22.2917 21.7877 21.3273 21.2894 21.1776 20.7636 20.7509 20.643 20.3746 20.355 20.1352 20.1225 20.1127 19.5975 19.582 19.3045 19.1655 19.1568 19.2698 18.9444 16.9081 16.9446 16.9269 17.2504 17.2433 14.7808 11.7527 11.7281 8.3842 8.3575 7.4989 6.5454 6.3912 
35.903 36.5918 36.607 36.6271 36.6533 37.2469 37.26 37.1567 36.8499 36.7981 36.9981 36.522 36.5691 36.591 36.6531 36.7965 36.812 37.4062 35.4358 37.2315 45.6882 35.022 31.7693 28.6028 27.9999 26.6673 24.8999 23.365 22.921 21.9643 21.4747 21.2124 21.2019 20.8998 20.8933 20.7494 20.6427 20.3881 20.3608 20.1399 20.1226 20.1098 19.6003 19.5806 19.3033 19.1634 19.1532 19.2639 18.9424 18.9471 16.9503 16.9294 17.2509 17.2426 14.7866 11.7646 11.7363 8.3946 8.3641 7.1217 6.547 6.3899 6.3467 
35.8875 35.9046 35.9258 36.6003 36.6255 36.6598 37.2529 37.2724 37.0207 37.1391 36.8044 36.6527 36.4894 36.3307 36.5292 36.6381 36.7295 36.2979 35.041 34.3284 34.5351 31.1264 29.0458 27.4434 26.1559 25.2676 23.7293 23.0492 22.5181 21.2614 20.948 20.9367 20.8849 20.8103 20.7467 20.643 20.4101 20.3709 20.1475 20.1227 20.1052 19.6043 19.319 19.3013 19.16 19.1478 19.0589 18.9396 18.9455 16.9575 16.9325 17.2514 17.2418 14.7936 11.7788 11.7458 8.4066 8.3715 7.1268 6.5484 6.5045 6.3397 6.2978 
35.8692 35.8848 35.9048 35.9304 36.0234 36.6219 36.6688 37.2629 37.0266 37.0591 37.1575 36.8172 36.5011 36.4031 36.2661 36.5223 36.516 35.8743 34.0234 31.6119 31.067 30.3052 28.497 27.1677 25.1696 24.7153 22.9102 22.3532 22.009 21.3276 20.9944 20.8716 20.8064 20.7854 20.65 20.6268 20.3892 20.1613 20.1231 20.0979 19.61 19.3209 19.2975 19.1545 19.1397 18.6386 18.9355 18.9432 16.9669 16.9364 17.2522 17.2407 14.8022 11.7959 11.7571 8.4206 8.3799 7.1324 6.5495 6.4998 6.3309 6.2842 6.2441 
35.8483 35.8617 35.8793 35.9026 35.9337 36.0336 36.0689 36.682 37.2824 37.079 37.1285 37.0882 36.6674 36.4366 35.9535 35.9743 35.8512 34.8654 30.916 30.8927 29.5971 27.7535 26.7388 25.5156 24.0348 22.9381 22.5066 22.0516 21.4302 21.2086 20.9991 20.6787 20.7504 20.685 20.595 20.4425 20.1897 20.1255 19.8188 19.6184 19.3227 19.2905 19.1451 19.1273 18.6368 18.9296 18.9397 16.9793 17.2534 17.2533 17.4015 14.8131 11.8171 11.7707 8.4373 8.3893 7.1384 6.5502 6.4934 6.3198 6.2676 3.2621 3.2404 
35.8251 35.8355 35.8498 35.8694 35.8964 35.934 36.0437 36.0906 36.1685 37.3297 37.202 37.2439 37.0771 36.6363 35.986 35.2862 34.8109 31.7119 29.2376 28.6036 27.5299 27.2033 25.4125 23.6587 23.1523 22.5772 22.2059 21.7464 21.0883 20.9468 20.7362 20.8286 20.7837 20.6562 20.517 20.2589 20.1388 19.8346 19.7763 19.323 19.2771 19.0184 18.7157 18.6335 18.7265 19.005 19.0237 17.2622 17.2548 17.4005 14.8271 11.8438 11.7873 11.739 8.4 7.1448 6.5501 6.4847 6.3057 6.2469 3.2611 3.2401 3.2438 
35.7999 35.8068 35.8168 35.8314 35.8528 35.8841 35.9295 35.9955 36.1074 36.2343 36.9631 37.4121 37.1557 37.1622 35.9902 34.9618 32.5726 29.5315 28.2162 27.0478 25.4139 25.2104 24.4486 23.2418 22.5474 22.2882 21.6579 20.9817 20.6956 20.6838 20.8298 20.7052 20.617 20.4932 20.4352 20.1406 19.9136 19.7483 19.3184 19.25 18.671 18.7083 18.6273 18.7204 18.7929 19.0236 17.2753 17.257 17.3996 14.8456 11.8782 11.808 11.7489 8.4123 7.1517 6.5488 6.4728 6.2875 3.2598 3.26 3.2396 3.2439 3.2476 
34.4606 34.8056 34.8425 34.8896 35.8045 35.829 35.8685 35.9275 35.9995 36.0719 36.1858 37.0293 37.5911 35.9681 35.0866 32.4575 29.9275 27.8964 27.1893 25.6098 24.8575 23.8044 23.4067 22.936 21.963 21.6817 21.081 20.8609 20.7584 20.809 20.7064 20.5927 20.4966 20.3811 20.2259 19.8522 19.5015 19.3013 18.9265 18.6648 18.6917 18.6149 18.5172 18.7847 19.023 17.2954 17.2405 17.3988 17.3825 14.8079 11.8346 11.7606 8.4263 7.1587 7.0717 6.4562 3.2582 3.2583 3.2585 3.239 3.244 3.2482 3.2519 
34.388 34.4558 34.5435 34.8738 34.9376 35.0278 35.162 35.504 35.7426 35.7682 35.4478 34.3115 33.5694 32.5807 32.0832 30.211 28.7615 26.9775 25.0187 24.6881 23.4423 22.8805 22.628 21.8445 21.2993 21.0844 20.9499 20.8268 20.7808 20.7597 20.3685 20.2025 20.1398 19.8342 19.5638 19.3776 19.2434 18.8822 18.6349 18.5978 18.5884 18.5178 18.5937 19.3295 17.3283 17.2501 17.3984 17.3765 14.824 11.8698 11.7745 8.4423 7.1654 7.06 6.4329 3.256 3.2563 3.2567 3.2383 3.2441 3.2491 3.2532 3.4338 
34.2937 34.3508 34.4286 34.5344 34.8986 34.9818 35.1135 35.3523 35.9165 37.2202 35.2083 32.7495 32.4309 30.8567 29.7111 26.5416 26.0375 25.7054 24.1075 23.5609 22.4951 22.1887 21.7258 21.3507 21.1305 20.995 20.962 20.9304 20.7927 20.6674 19.9803 19.9973 19.6496 19.5447 19.3695 19.1236 18.9414 18.4925 18.391 18.4416 18.5805 18.6023 19.3151 19.3479 17.4451 17.3991 17.3682 14.8474 11.9183 11.7912 8.4604 7.1708 7.041 6.3995 3.2532 3.2537 2.7692 3.2374 3.2443 3.2501 3.4298 3.4348 3.439 
33.2215 33.2809 33.3674 34.352 34.4722 34.8903 34.9708 35.0904 35.2231 34.7043 33.4305 32.1361 30.7058 29.584 27.9455 25.5279 24.676 24.1525 23.2999 22.8467 22.2851 21.744 21.2797 21.0455 20.8798 20.9707 20.9428 20.8573 20.3792 19.9605 19.8805 19.3918 19.3511 19.2134 19.0694 18.8872 18.5445 18.112 18.3874 18.5942 18.6282 19.1162 19.3432 17.4783 17.4028 17.3562 14.8845 11.989 11.8112 8.4801 7.546 7.0097 6.3506 3.3326 3.2502 2.7703 3.2362 3.2446 3.2514 3.4302 3.436 3.4409 4.9062 
31.6608 31.689 31.7308 31.7946 31.8955 32.9516 33.1997 33.9594 33.8484 33.4158 32.1836 31.5453 29.1933 27.8655 26.1991 25.0654 24.0756 23.3785 22.9799 22.4475 21.9106 21.6073 20.8062 20.764 20.8173 20.933 20.6818 20.3409 20.022 19.7388 19.5043 18.9235 18.9532 18.9123 18.5701 18.6549 18.4565 18.4688 18.6122 18.714 19.0698 19.3295 17.5588 17.4149 17.3381 14.6968 12.0997 11.8344 8.4989 7.5185 6.53 3.3357 3.3281 3.2453 2.7715 3.2347 3.2449 3.2532 3.4309 3.4377 3.4432 4.9 4.93 
30.3207 30.3209 30.3209 30.465 30.4386 30.3938 30.3144 29.1052 29.6184 29.5985 30.3959 29.5611 27.4488 26.6578 24.4072 24.1624 23.5637 22.8972 22.5564 21.8693 21.2483 21.0478 20.9491 20.9707 20.9463 20.8626 20.3307 20.0078 19.4958 18.8382 18.6649 18.5504 18.5979 18.5148 18.3004 18.4609 18.5562 18.5963 18.7724 18.9185 19.315 17.6822 17.4512 17.3115 14.8848 12.2914 11.8569 8.5082 7.4559 3.8702 3.332 3.3218 2.7591 2.7725 3.2325 3.2454 3.2555 3.4318 3.4399 3.4463 4.892 4.9277 4.9585 
27.9377 28.3014 28.3369 28.3821 28.7239 28.7555 28.7623 28.6762 28.8493 28.3997 28.545 27.0236 25.9982 25.3759 24.0331 23.6882 22.9154 22.569 21.5366 21.4068 21.1375 20.9759 20.8986 21.0069 20.8817 20.3711 20.3024 19.4494 19.0616 18.7023 18.2729 18.1865 18.1978 18.1208 18.2978 18.495 18.6393 18.8969 19.083 19.3739 19.154 17.5649 17.3159 15.3915 14.7342 11.855 7.7394 7.315 3.8672 3.3268 3.3123 2.7544 2.773 3.2293 3.246 3.3022 3.4333 3.443 3.4504 4.8813 4.9244 4.9613 7.2324 
27.9261 27.9593 28.0048 28.0701 28.1686 28.5902 28.7661 29.0568 28.5782 28.1658 27.4982 25.8983 25.1998 24.1168 23.1891 22.8189 22.5772 21.6678 21.413 21.2701 21.0085 20.9713 20.9771 21.0013 20.5269 20.1877 19.9606 19.2994 18.8513 18.5813 18.2335 18.2165 18.1867 18.3587 18.5115 18.619 18.864 19.0683 19.3818 19.6823 19.034 14.6676 17.6903 15.0331 11.6682 7.5661 6.9924 3.8641 2.9779 3.2972 2.7452 2.7722 2.7922 3.2471 3.3049 3.3152 3.4473 3.456 4.867 4.9198 4.6554 4.6777 6.8903 
27.9069 27.936 27.9766 28.0366 28.1332 28.3081 28.6886 29.6984 29.1438 27.7833 26.2993 25.5198 24.4935 23.6663 23.1544 22.3741 22.1143 21.4147 21.175 21.0336 20.8655 20.906 20.8262 20.6922 20.3004 20.0832 19.3268 19.0999 18.6881 18.5379 18.4846 18.3235 18.3908 18.4487 18.5571 18.7212 19.2068 19.0614 19.675 19.8931 19.9148 17.4648 14.4471 10.0156 6.8374 6.2759 3.8598 2.9858 2.8073 2.8075 2.7684 2.7988 3.2898 3.3092 3.3223 3.4537 3.4639 4.8471 4.9132 4.6568 4.6846 6.8911 6.9629 
27.881 27.9023 27.931 27.9717 28.0332 28.1344 28.3159 28.5378 27.429 26.6198 25.6243 24.9264 24.0802 23.004 22.3833 21.5019 21.4724 21.1471 21.0294 20.9248 20.8526 20.7414 20.414 20.3337 20.2015 19.1841 18.8435 18.8872 18.7066 18.6012 18.6226 18.3724 18.4445 18.4652 18.4845 18.4883 18.786 19.0227 18.5801 19.3572 16.433 19.2114 8.6478 5.6471 4.5913 3.8339 3.0059 2.7726 2.7765 2.7567 3.0641 3.2887 3.3161 3.3334 3.4634 3.4753 4.8188 4.9033 4.6575 4.6931 6.891 6.9784 6.8055 
27.8506 27.862 27.8751 27.8892 27.9009 27.8955 27.8139 27.1625 26.4814 25.9009 24.7068 23.723 22.855 21.9674 21.8975 21.087 21.0222 21.0335 20.8821 20.8379 20.7508 20.424 20.1174 20.0826 19.9287 19.0601 18.8428 18.7722 18.6879 18.5167 18.4227 18.3151 18.3528 18.4191 18.4009 18.2203 18.5793 18.4265 18.1754 18.1169 16.9719 12.681 6.3308 4.4814 3.7788 3.049 2.7702 2.6888 2.6601 2.8589 3.2876 3.3284 3.4611 3.4789 3.7763 4.7773 4.888 4.6566 4.7033 6.8891 6.9977 6.8264 8.0042 
27.8188 27.8203 27.8186 27.0503 27.0465 27.0038 26.8732 26.5918 25.3038 24.5245 23.8935 22.7594 22.2841 21.7661 21.341 21.2514 20.9669 20.8941 20.8175 20.7651 20.3903 20.2627 19.8773 20.0226 19.481 19.0792 18.8817 18.7877 18.69 18.4291 18.354 18.2724 18.2522 18.3248 18.2462 18.1886 18.7893 18.9023 18.7856 17.01 12.6141 7.7414 6.8872 6.5955 3.6549 2.5367 2.3738 2.5981 2.8817 3.29 3.3528 3.4873 3.7694 3.777 3.8421 4.5707 4.6522 4.716 6.8841 6.784 6.8517 8.0264 8.0541 
26.9345 26.934 26.9258 26.9029 26.8526 26.7525 26.566 25.0754 24.7774 23.8151 23.1561 21.6054 21.7752 21.4238 21.1141 20.9669 20.8651 20.7644 20.615 20.3916 20.2449 19.8344 19.6689 19.7423 19.2479 19.0467 18.8709 18.8829 18.8063 18.5095 18.4062 18.2518 18.1502 18.0463 18.13 18.2025 19.7169 19.5134 16.5324 13.7193 9.4533 7.4716 6.9758 6.1838 3.0488 1.6514 2.1878 3.0416 3.3093 3.4044 3.6609 3.7676 3.7792 3.8446 4.5241 4.6404 4.7313 6.8725 6.7925 6.8827 8.054 8.0892 9.6576 
26.8676 26.8523 26.8253 26.779 26.702 26.1504 25.0381 24.9135 23.922 23.1362 22.1494 21.3728 21.2536 21.0307 20.9877 20.8373 20.7418 20.687 20.5576 20.3552 20.2912 19.7417 19.3252 19.0272 19.0747 18.9464 18.8675 18.9079 18.6399 18.545 18.2487 18.126 18.0985 17.9911 18.0581 18.2178 18.6685 18.4994 14.1481 10.2714 8.4787 7.1868 5.8578 6.0856 4.6454 2.4281 2.9641 3.5285 3.6055 3.664 3.8033 3.7855 3.9315 3.5796 4.6116 4.7484 6.6203 6.7964 6.9215 8.0894 8.1353 9.683 9.6891 
26.8073 26.7812 26.7418 26.6827 26.1534 25.0318 24.9657 23.9677 23.4111 22.414 21.7915 21.0553 20.9511 20.9236 20.8558 20.7858 20.6777 20.527 20.3454 20.283 20.2159 19.5866 19.2701 18.9054 18.9905 19.0508 18.9376 18.9084 18.6967 18.5787 18.227 18.1452 17.9853 17.9395 17.7481 19.9203 18.783 16.6116 13.3663 9.6344 8.338 6.1469 5.8244 23.1301 3.6952 2.696 3.5119 3.824 3.6546 3.7757 3.8794 3.9335 3.9428 4.5417 4.5229 4.3679 6.7889 8.037 8.1359 9.7001 9.717 9.7244 9.7255 
26.7552 26.7223 26.6764 26.16 25.0317 24.9913 23.9809 23.4833 22.4156 21.7431 21.4468 21.0371 20.9128 20.89 20.7778 20.6976 20.4909 20.3223 20.3202 20.1974 19.9464 19.41 19.1706 18.897 18.8413 19.0788 19.0869 18.9663 18.9059 18.6433 18.459 18.194 17.896 17.9784 18.1358 18.242 17.2411 15.3162 11.3213 8.4728 7.3031 5.3438 3.9025 5.2375 3.143 3.594 4.2215 3.8986 3.9284 4.0088 3.9688 3.9534 3.2545 4.3955 4.4279 6.7552 8.0474 8.1993 9.7401 9.7649 9.7739 9.773 9.7664 
26.712 26.2139 26.1668 26.105 24.3644 23.9856 23.2165 22.7348 21.7467 21.5194 21.004 20.858 20.8518 20.7821 20.6973 20.61 20.3704 20.1294 19.9034 19.9227 19.45 19.2249 18.9078 18.8336 18.8634 19.0129 19.2602 19.1776 18.921 18.6816 18.6279 18.3794 18.1421 18.3191 20.2823 17.4289 14.9605 13.8263 10.3199 7.3783 5.0239 4.6378 3.2786 3.0685 3.2567 3.8627 4.1477 3.8792 3.8363 4.0793 3.9474 3.3992 4.0798 4.4339 4.7469 8.0371 8.2883 9.797 9.8372 9.8478 9.8421 9.8282 9.8111 
26.2095 26.1729 26.1264 24.3577 23.9876 23.2173 22.4889 21.7442 21.5486 21.3015 20.8643 20.8483 20.7896 20.6192 20.3701 20.1869 19.9295 19.8345 19.6728 19.548 19.1837 18.9797 18.7766 18.7427 19.0222 19.159 19.2358 19.2363 19.0748 18.8355 18.6508 18.6246 18.6308 18.3504 17.828 15.0162 13.486 11.6171 9.9025 6.2318 4.4544 3.0893 2.7199 3.4436 3.6408 3.8926 4.033 3.9394 3.7488 4.0984 3.81 3.1653 3.9395 4.9242 6.8832 9.6997 9.8827 9.9587 9.9691 9.9497 9.9198 9.8879 9.8574 
26.1781 26.1419 24.3536 23.9886 23.2168 22.4986 21.7414 21.3853 21.3315 20.8641 20.7968 20.6237 20.5901 20.3887 20.2168 19.9278 19.7707 19.4636 19.4315 19.2094 18.6539 18.6642 19.0909 18.452 18.9384 19.1558 19.1295 19.1323 19.086 18.9407 18.8271 18.8281 18.6841 15.8653 14.3588 13.774 12.0654 10.1843 8.2489 4.737 2.8803 2.199 2.7614 4.3377 3.7622 3.3931 3.4741 3.5482 3.1783 3.1813 2.7153 2.0961 3.8163 7.5045 9.5387 10.0136 10.2041 10.1995 10.1359 10.0652 10.0015 9.9474 9.902 
25.4458 24.3509 23.2565 23.216 22.5037 22.4316 21.3846 21.3471 21.2999 20.6596 20.6082 20.5843 20.3877 20.0184 19.7543 19.5503 19.3932 18.9648 18.8736 18.4114 18.3541 18.2807 18.4879 18.5744 18.6766 18.8361 18.9987 19.0445 19.0768 18.9628 18.9815 18.8775 15.6862 12.8288 11.7785 11.1499 9.7598 8.2534 5.3325 3.5721 2.318 3.4301 4.9094 4.5891 4.1961 3.3848 3.2965 3.0792 3.1745 2.5322 2.4382 1.7882 4.283 8.7079 10.082 10.9248 10.7622 10.508 10.3158 10.1778 10.0766 10.0001 9.9406 
24.3491 23.2475 22.5512 22.5063 22.4509 21.383 21.3556 21.3215 20.6793 20.6005 20.5836 20.3903 19.9923 19.7344 19.6597 19.2301 19.054 18.8209 18.1827 17.9505 18.1504 18.2861 17.7601 18.461 18.745 18.5529 18.9345 19.1223 19.2771 19.3082 18.4289 14.6532 12.3926 10.8625 9.0146 7.8489 8.3706 5.0412 3.7193 2.8948 3.2131 5.0552 5.3196 4.4215 4.0314 3.9944 3.2481 3.3787 3.4521 3.4321 3.3766 4.4978 7.5647 8.4785 13.9276 12.7227 11.3681 10.7715 10.4547 10.4775 10.3551 10.2674 10.2016 
23.2406 22.5436 22.5075 22.4637 21.3812 21.3605 21.335 20.6748 20.5965 20.5841 20.0719 19.9812 19.7293 19.6813 19.1999 19.1277 18.6763 18.3594 17.7923 17.3807 17.2874 17.6846 17.6178 17.6516 17.9414 17.8797 18.6044 19.4833 18.8792 17.6808 14.7928 11.7945 9.7786 8.9348 7.4065 4.7557 4.6129 3.4261 3.3168 3.1654 3.8314 4.9744 4.2548 3.7936 3.8092 3.6063 3.3312 3.42 3.5845 3.5764 4.3205 6.188 10.8672 11.2651 12.7954 12.6026 11.6447 11.1255 10.8293 11.8501 11.7572 11.691 11.6417 
22.5375 22.5079 22.4726 21.3795 21.3633 21.3436 20.6722 20.5943 20.2666 20.0635 20.0338 19.7284 19.6964 19.1836 18.7225 18.6461 18.1307 17.8548 17.3845 17.3114 17.3935 17.6243 18.2206 17.8509 17.6914 17.9671 20.2078 19.9901 17.0512 15.1324 11.9835 9.7784 7.933 6.0022 4.3847 3.9195 3.6453 3.2749 4.7642 4.8789 5.9199 5.6121 4.5425 3.4408 3.1969 2.1491 2.4374 2.1761 3.3746 3.9897 3.5728 11.4217 12.9677 11.6541 12.7826 13.1574 12.6908 12.5667 12.4611 10.627 10.5135 10.4277 10.3611 
22.5079 22.4788 21.3779 21.3649 21.1309 21.1021 20.2766 20.2592 20.0588 20.0361 19.7286 19.7062 19.1749 18.6889 18.6358 18.1069 17.7174 17.617 17.3793 17.3945 17.4519 17.7582 18.307 18.0205 17.7288 17.9619 17.1016 18.8962 15.3465 13.3595 12.9583 9.2431 6.1545 4.1711 2.7888 3.1975 3.7362 4.3112 5.314 5.1981 5.8756 5.2266 3.8608 3.4189 3.6175 2.4097 2.0156 0.979 5.9355 11.4637 10.4867 11.0565 9.3151 11.1771 11.5994 11.9627 12.962 12.9629 12.9374 12.3389 12.2971 12.262 12.2329 
22.4833 21.3765 21.3659 21.132 21.1085 20.269 20.2544 20.0561 20.0383 19.7292 19.7127 18.695 18.6699 18.6319 18.098 17.7162 17.6607 17.4144 17.4039 17.4958 17.8671 18.0299 18.102 17.7405 17.5094 16.5804 16.4965 14.9211 13.7554 12.7433 12.2371 9.33 5.8383 3.4625 3.1253 2.9022 4.1132 4.7005 4.8833 6.418 6.2452 5.3539 4.0226 4.3065 4.3792 3.9955 2.6183 1.3141 10.9499 11.7187 13.676 11.4308 10.0953 10.6509 11.0424 11.4957 11.7302 11.8426 11.8844 12.8713 12.8555 12.8395 12.8247 
21.3752 21.3664 21.1327 21.1132 20.2637 20.2514 20.236 20.0402 19.7299 19.7173 18.6784 18.6585 18.6304 18.1914 17.7138 17.6518 17.4247 17.4819 17.6895 17.8988 17.9456 18.0114 17.8999 17.179 15.8043 11.4208 11.9689 12.6283 11.9571 11.6307 11.1036 9.4981 8.5256 4.5034 4.3798 5.0281 4.9114 4.7581 5.2428 6.0212 6.4275 4.834 4.4809 5.115 5.1497 4.5374 8.2885 11.9062 12.7644 16.8225 14.5599 13.8736 11.3573 10.8674 10.488 11.0632 11.4654 11.6158 11.7002 11.7433 11.762 12.823 12.8127 
21.3667 21.1332 21.1167 20.2599 20.2494 20.2366 20.0419 19.7305 19.2286 18.6673 18.6513 18.2293 18.1969 17.7116 17.6607 17.6319 17.4922 17.7002 17.7254 17.9299 17.8512 17.9353 16.6623 14.7711 12.0565 8.8546 8.3514 10.1182 10.4049 10.8311 10.2497 8.9101 9.0431 8.6628 6.1107 5.9773 5.6958 4.8254 5.2004 5.6331 6.6296 6.1484 4.7243 4.8808 5.2776 5.7883 8.4728 10.867 17.4318 21.0221 19.5439 14.6841 14.4452 11.4049 11.069 10.5654 11.0875 11.4541 11.5561 11.6202 11.6588 11.6805 11.6914 
21.1335 21.1195 20.2571 20.2481 20.2372 20.0434 19.731 19.2228 18.6596 18.6466 18.2252 18.2004 17.7099 17.6653 17.6451 17.4976 17.7055 17.7213 17.8129 17.8271 17.9421 16.4728 14.3876 11.8924 9.0624 7.7424 7.4204 7.8023 8.9945 10.0732 9.7942 9.502 9.3379 9.811 8.8124 6.2991 6.4952 5.8955 5.8749 6.1417 6.8761 6.1366 4.4538 3.8131 6.7138 13.8456 17.6137 15.1636 19.8562 21.7212 20.7733 19.5126 14.7051 14.5919 11.4385 11.1532 10.604 11.547 11.4493 11.5222 11.5719 11.6049 11.6261 
21.1216 20.2551 20.2472 20.2379 20.0446 19.7315 19.2186 18.6542 18.6433 18.2222 18.2027 17.7086 17.6679 17.6531 17.5005 17.7084 17.7192 17.8086 17.8167 17.8299 16.3629 14.2618 11.9522 9.5592 7.7334 7.6283 7.5294 7.5174 8.0991 9.4254 9.7967 9.8125 9.4157 9.8948 9.4887 8.2934 7.1126 8.15 6.3544 6.1627 6.5489 6.9768 5.1505 6.1894 14.539 17.974 17.3577 17.9391 20.2146 20.8588 20.8009 20.6357 19.5633 14.7099 14.6454 12.3029 11.1978 10.627 11.5766 11.4472 11.5016 11.541 11.5689 
20.2535 20.2467 20.2386 19.9445 19.2281 19.2156 18.6501 18.641 18.22 18.2042 17.6787 17.6694 17.6582 17.5023 17.7103 17.718 17.7284 17.8115 17.826 16.11 15.9264 13.8669 9.6941 7.7295 7.6767 7.6216 7.6699 7.8094 8.2238 8.4845 9.1129 9.4994 9.1607 9.2103 8.9857 8.6248 7.7898 6.625 6.3553 6.5198 7.0009 7.0976 9.9448 16.0983 19.4054 16.273 18.1526 17.6447 18.2365 21.2824 20.6465 21.0737 20.574 19.5705 14.7115 14.6702 12.3454 11.225 10.6423 10.9234 11.4463 11.4883 11.5201 
20.2463 20.2393 19.945 19.2243 19.2134 18.6471 18.2289 18.2182 18.2053 17.6777 17.6703 17.6615 17.5034 17.7116 17.7174 17.7249 17.8084 17.8235 16.0404 15.9127 13.9411 11.6539 7.728 7.6975 7.6521 7.7394 7.9385 8.0696 8.2629 8.5268 8.1592 8.3035 8.9048 8.9545 8.8896 8.776 8.6724 8.0666 6.5301 7.0364 8.6413 11.448 17.6311 18.6737 10.8488 13.9232 14.4842 17.4883 17.2216 21.851 21.4327 20.5313 20.9862 20.93 19.4046 14.712 14.6834 12.371 11.4034 10.6532 10.9334 11.446 11.4794 
20.24 19.5417 19.2213 19.2118 18.6448 18.2259 18.2168 18.118 17.6769 17.6709 17.6639 17.5041 17.7125 17.717 17.7227 17.8065 17.8218 17.8196 15.9028 13.9724 11.5059 9.3631 7.6623 7.6637 7.7618 7.7958 8.0311 8.0886 8.1629 7.8824 8.0001 7.7349 7.8352 8.6216 8.6291 8.5991 8.4504 8.2186 7.5497 8.2537 12.739 12.2971 18.1876 19.5004 15.6766 13.7425 14.3704 14.3532 14.7863 17.0812 21.2149 21.4785 20.9844 20.9434 20.9091 19.4 14.7123 14.6912 12.3876 11.4185 10.6614 10.9402 11.4459 
19.539 19.2189 18.9121 18.901 18.2235 18.2157 18.1179 17.6762 17.6713 17.8434 17.5046 17.7131 17.7168 17.7212 17.8052 17.8076 17.819 15.8953 15.798 13.5935 9.4104 7.6677 7.6693 7.7706 7.7912 8.0196 8.0317 8.1271 8.0138 7.7067 7.611 7.3425 7.4174 7.9751 8.5655 8.7536 8.3787 8.7108 8.1923 8.8039 14.794 18.6188 24.2937 21.5078 17.9672 14.7825 14.6241 14.9606 14.3279 14.5778 17.0281 21.3318 21.4947 20.9461 20.9188 20.8958 19.3964 14.7123 12.5233 12.399 11.0087 10.7909 10.9452 
19.2171 18.9104 18.9007 18.2215 18.2147 18.1178 17.6757 17.6715 17.8449 17.505 17.7137 17.7166 17.7202 17.8043 17.8062 17.8185 15.8893 15.8161 13.6355 9.4379 7.6709 7.6724 7.8447 7.7883 7.8095 8.0157 8.131 7.8701 7.7223 7.4927 7.226 7.0834 7.5093 8.0373 8.3149 8.6874 8.518 8.1994 10.2879 11.4609 21.4702 17.8761 21.6743 21.5761 18.8499 17.7056 14.9284 14.8632 15.1494 14.3271 14.4865 17.2474 21.3913 21.5007 20.9225 20.9032 20.8867 19.3936 19.4417 12.522 12.4071 11.0165 10.9208 
18.9091 18.9004 18.2199 18.126 18.1177 17.6752 17.6716 17.846 17.5052 17.7141 17.7165 17.7195 17.8036 17.8051 17.818 15.8845 15.8275 13.6608 9.4549 7.673 7.6619 7.8473 7.7984 7.8029 8.0107 7.9433 7.864 7.7397 7.5064 7.3412 7.2241 7.3231 7.6775 7.7686 7.8903 8.1681 8.6389 10.2949 14.9079 17.0649 20.0331 19.6496 20.654 21.2958 20.8967 18.2258 16.0892 15.0036 14.9684 15.2451 14.3313 14.4409 20.6942 21.4245 21.5026 20.9068 20.8925 20.8801 19.3914 19.4562 12.521 12.4131 11.0225 
18.9002 18.2185 18.1249 18.1176 17.6748 17.6717 17.8468 17.8435 17.7144 17.7165 17.7189 17.7218 17.8043 17.8176 15.8806 15.8349 13.6888 9.4661 7.6616 7.6639 7.8489 7.7966 7.7993 8.009 7.756 7.8636 7.7517 7.5195 7.3756 7.2948 7.3785 7.5474 7.8579 7.7287 7.7103 7.821 9.1181 9.9276 14.1195 18.532 19.1934 19.7133 20.0975 21.0648 20.8558 17.883 17.3226 16.0307 15.0483 15.0264 15.301 14.3363 14.4159 20.757 21.4443 21.5028 20.8958 20.8848 20.8752 19.3896 19.4666 12.5203 12.4177 
18.2174 18.124 18.1175 17.6744 17.85 17.8475 17.8446 17.7146 17.7164 17.7185 17.7209 17.8038 17.8173 15.8773 15.8399 13.697 11.5951 7.6632 7.6652 7.8499 7.7955 7.7973 7.7103 7.7496 7.8652 7.76 7.56 7.5086 7.3201 7.3208 7.5364 7.5547 7.7233 7.5843 7.3 7.8264 9.5737 11.9565 12.7376 16.8633 17.7793 19.6333 19.6739 20.725 21.1621 20.8196 17.6006 17.2181 16.0059 15.841 15.0629 14.2611 14.3409 14.4013 20.798 21.4568 21.03 20.8877 20.879 20.8713 19.3881 19.4743 12.5197 
18.1232 18.1174 17.6741 17.8502 17.848 17.8455 17.7149 17.7164 17.7182 17.7202 17.8033 17.817 15.8744 15.8434 13.7023 11.6145 7.6643 7.666 7.8506 7.7948 7.7961 7.706 7.7463 7.8673 7.8518 7.5694 7.5217 7.3315 7.3325 7.3971 7.4621 7.6747 7.6667 7.812 7.9036 7.7995 8.4332 10.9824 12.8164 15.0737 16.3627 17.0311 19.6625 19.6903 20.28 20.8917 20.8049 17.4588 17.167 15.9945 15.8769 15.0879 14.2847 14.345 13.877 20.8258 21.465 21.0269 20.8816 20.8745 20.8682 19.3869 19.4801 
18.2056 17.6738 17.8504 17.8484 17.8463 17.7151 17.7164 17.718 17.7197 17.8029 17.8037 15.872 15.8458 13.7057 11.6283 7.6651 7.6665 7.8511 7.7943 7.7952 7.7033 7.7446 7.8694 7.5878 7.5755 7.5002 7.3376 7.3386 7.4466 7.47 7.5436 7.766 7.7812 7.9054 7.9801 8.1279 8.1601 9.4995 11.4753 13.4291 15.4033 16.1937 17.923 18.0492 20.2091 20.3035 20.5788 20.7979 17.2401 17.1393 15.9892 15.9012 15.106 14.3014 14.3486 13.8723 20.8453 21.4706 21.0242 20.8768 20.871 20.8657 19.3859 
17.6736 17.8505 17.8488 17.8469 17.7152 17.7164 17.7178 17.7193 17.8026 17.8033 15.8699 15.8474 13.708 11.6273 7.6656 7.6669 7.6821 7.794 7.7947 7.7016 7.6966 7.7392 7.5889 7.5796 7.508 7.3412 7.3039 7.4575 7.5233 7.5406 7.7786 7.79 7.9082 7.9375 7.9835 8.0989 8.11 8.8913 10.4659 12.3997 15.1737 15.444 16.2806 17.8985 17.9895 20.2512 20.3155 20.5763 17.4827 17.1964 17.1232 15.9868 15.9186 15.1198 14.3138 14.3516 13.8689 20.8594 21.4744 21.0219 20.873 20.868 20.8636 
17.8506 17.8491 17.8474 17.7153 17.7164 17.7176 17.7189 17.8024 17.803 15.8681 15.8486 15.8262 13.6696 7.6661 7.6672 7.682 7.7938 7.7038 7.7005 7.6963 7.7396 7.5899 7.5826 7.5132 7.5055 7.3051 7.464 7.5258 7.5383 7.7834 7.7916 7.9095 7.9244 7.947 8.0769 8.0863 8.0917 8.8469 9.4847 12.1998 14.1127 15.2899 15.4353 17.7901 17.8901 17.9571 20.2763 20.3224 20.5745 17.4184 17.1687 17.1132 15.9859 15.9315 15.1306 14.3232 14.3543 13.8664 20.8698 21.4771 21.0199 20.8698 20.8656 
17.8493 17.8478 17.7155 17.7164 17.7175 17.7187 17.72 17.8027 15.8665 15.8495 15.83 13.6759 9.79 7.6674 7.6819 7.6823 7.5331 7.6997 7.6962 7.7401 7.6889 7.5848 7.5168 7.5109 7.5211 7.5371 7.5273 7.5366 7.7854 7.7914 7.9101 7.9191 7.9319 7.9483 8.0753 8.0803 8.0835 8.8395 8.9808 10.2344 12.3577 14.2444 14.4682 15.4181 17.8162 17.8872 17.938 20.2922 20.3268 20.5733 17.375 17.1503 17.1069 15.9858 15.9415 15.1392 14.1303 14.3566 13.8645 20.8777 21.479 21.0182 20.8672 
17.8481 17.7156 17.7164 17.7174 17.7184 17.7196 17.8024 17.7562 15.8501 15.8331 13.6807 9.797 7.6675 7.6818 7.6821 7.5322 7.6992 7.6962 7.7406 7.6902 7.5237 7.5195 7.5148 7.5256 7.5398 7.5282 7.5353 7.7862 7.7907 7.9106 7.9165 7.9246 7.9349 7.947 8.0739 8.0769 8.0791 8.842 8.94 9.4657 12.2703 14.1011 14.3048 14.4561 16.1599 17.8337 17.8864 17.9261 20.303 20.3297 20.2318 17.3448 17.1376 15.0768 15.9862 15.9493 15.1464 14.1373 14.3586 13.8631 20.8837 21.4804 21.0167 
17.8471 17.7164 17.7173 17.7182 17.7193 17.8022 17.756 15.8505 15.8355 13.6845 9.8024 7.6815 7.6817 7.682 7.5315 7.6989 7.6962 7.7412 7.6913 7.5249 7.5215 7.5239 7.5288 7.5416 7.5287 7.64 7.7864 7.7899 7.9108 7.915 7.9206 7.9275 7.9357 7.9448 8.0727 8.0748 8.0763 8.8474 8.9191 8.986 9.4909 12.3575 14.1914 14.3334 14.4417 17.7941 17.8459 17.8866 18.3615 20.3105 20.3318 20.2293 17.3231 17.1285 15.0682 15.9868 15.9557 14.2453 14.143 14.3604 13.8619 20.8884 21.4814 
17.7164 17.7172 17.7181 17.719 17.8021 17.7559 15.8507 15.8374 13.6875 9.8066 7.6815 7.6817 7.5316 7.5309 7.6986 7.6963 7.7417 7.6922 7.5259 7.523 7.5268 7.5393 7.5429 7.529 7.6402 7.6486 7.7892 7.7927 7.9142 7.9182 7.9231 7.9289 7.9356 7.9426 8.0718 8.0733 8.0744 8.8534 8.9079 8.9602 9.4556 12.3106 14.114 14.2432 14.3469 15.2071 17.8148 17.8548 17.8871 18.3643 20.3161 20.3334 19.8158 17.3071 17.1219 15.0616 15.9875 15.9609 14.1365 14.1476 14.362 13.861 20.8921 
17.7172 17.7179 17.7188 17.8019 17.8023 15.8509 15.839 13.6899 9.81 7.6814 7.6816 7.5311 7.5305 7.6985 7.6965 7.6941 7.4574 7.5267 7.5243 7.5291 7.5407 7.5438 7.5292 7.6402 7.6471 7.7886 7.7913 7.9136 7.9166 7.9203 7.9246 7.9295 7.9349 8.0699 8.0711 8.0722 8.8183 8.859 8.902 8.9437 8.9815 10.8778 12.3641 14.1775 14.274 14.3526 15.2049 17.8297 17.8615 17.8878 18.366 20.3202 20.3345 19.8143 17.2951 17.117 15.0566 15.9882 15.9653 14.1418 14.1514 13.8379 13.8602 