ncols 54 
nrows 64 
xllcorner 159141.905029
yllcorner 384387.98999
cellsize 0.25
nodata_value -9999 
46.0982 46.071 45.3326 45.3196 45.3052 44.8771 44.8798 44.8834 44.8575 44.9554 44.9612 44.9685 44.953 44.9664 44.9803 44.9447 44.8613 44.8378 44.8114 44.783 45.4047 46.1056 46.2117 46.3394 47.1624 47.2947 48.0212 48.0874 48.6219 48.6055 48.589 48.5735 48.5596 48.5478 48.5379 48.5298 48.5234 48.5182 48.5141 47.3751 47.3642 47.3551 47.3475 47.3413 46.4911 46.4832 46.4764 46.4707 46.4658 46.4617 46.4582 46.4552 46.4527 43.3478 
46.493 46.0879 46.0568 45.3259 45.3103 45.2931 44.8736 44.8768 44.8507 44.8572 44.954 44.962 44.947 44.9629 44.9797 44.9557 44.8762 44.8491 44.8177 44.7832 45.3517 46.0226 46.1462 46.3027 47.1499 47.3199 48.0512 48.1306 48.6313 48.6101 48.5894 48.5706 48.5546 48.5414 48.5309 48.5227 48.5163 48.5115 47.3747 47.3619 47.3514 47.343 46.4967 46.4863 46.4777 46.4705 46.4645 46.4595 46.4553 46.4519 46.449 43.3546 43.3323 43.3127 
46.5081 46.4826 46.0749 45.3339 45.3173 45.2985 45.2776 44.8692 44.8427 44.8488 44.961 44.9532 44.9384 44.9574 44.9781 44.9989 44.9592 44.8655 44.828 44.7855 44.7406 45.3452 46.0534 46.2475 47.1304 47.3562 48.0957 48.1907 48.6423 48.6141 48.5877 48.5649 48.5465 48.5322 48.5215 48.5136 48.5078 47.3734 47.3582 47.3461 46.5049 46.4909 46.4795 46.4703 46.4627 46.4566 46.4516 46.4475 46.4442 43.3632 43.3364 43.313 43.2926 41.4927 
46.5265 46.5002 46.0919 46.0582 45.3266 45.3063 45.2832 44.6024 44.8635 44.8386 44.8467 44.9576 44.9712 44.9491 44.9749 45.0014 45.001 44.8894 44.8445 44.7917 44.7343 45.2561 45.919 46.1603 47.0982 47.4112 48.1642 48.6919 48.6546 48.616 48.5818 48.5545 48.5342 48.5195 48.5094 47.3941 47.3704 47.3522 47.3383 46.4981 46.4825 46.4701 46.4603 46.4525 46.4464 46.4415 46.4377 43.3742 43.3414 43.3132 43.2889 41.4915 41.4705 41.4522 
46.2329 46.5221 46.4904 46.0778 46.0363 45.3172 45.2919 45.2628 44.6012 44.8265 44.8333 44.8444 44.9552 44.936 44.9687 45.0036 45.0211 44.9245 44.8709 44.8049 44.7306 45.1388 45.7212 46.0159 47.0416 47.5001 48.2737 48.7233 48.6672 48.6125 48.5684 48.537 48.5159 48.5024 47.3947 47.3646 47.3425 46.5101 46.4873 46.47 46.4567 46.4467 46.439 46.4332 45.4293 43.3887 43.3479 43.3132 41.5179 41.4889 41.4642 41.443 37.2581 37.2019 
46.2618 46.5488 46.5169 46.4777 46.059 46.0069 45.3046 45.2722 44.604 44.5988 44.8167 44.8259 44.9328 44.9568 44.9572 45.0044 45.0493 45.0391 44.9129 44.8307 44.735 44.9939 45.299 45.7631 46.9331 48.0857 48.4531 48.7673 48.6759 48.5962 48.5416 48.5087 48.4902 47.3925 47.3532 47.3263 46.4961 46.4701 46.4513 46.4377 46.4279 45.4337 45.4273 43.4085 43.3562 43.3126 41.5196 41.4843 41.4547 41.4298 41.4089 35.1976 28.2552 22.7103 
46.2955 46.2685 46.5498 46.5104 46.09 46.0333 45.2933 45.2871 45.2444 44.6021 44.7972 44.8021 44.816 44.9262 44.9355 45.0013 45.0681 45.0861 44.9795 44.8769 44.7605 44.6136 44.7905 45.1869 46.7104 48.2687 49.0134 48.8292 48.665 48.5507 48.4923 48.4664 47.3833 47.3307 46.5138 46.4709 46.4421 46.4228 45.442 45.4311 45.423 45.4169 43.3675 43.3111 41.5199 41.4762 41.4403 41.4108 41.3866 35.1949 28.2578 22.7159 22.6434 22.581 
47.0601 47.0525 46.2776 46.5519 46.5023 46.0712 45.9974 45.2788 45.2617 44.6075 44.5974 44.7729 44.779 44.8041 44.9297 44.987 45.0928 45.1623 45.1264 44.95 44.8296 44.6139 44.2782 44.524 46.1507 48.5965 49.2467 48.8943 48.5777 48.4452 47.4848 47.3555 47.2836 46.474 46.4248 45.4608 45.4389 45.4242 45.4141 45.4071 42.7947 41.5874 41.5176 41.462 41.4178 41.3825 35.268 35.1901 22.8262 22.7228 22.6351 22.5607 21.229 19.5589 
46.7707 47.0664 47.0576 47.0448 46.556 46.1244 46.0444 45.3021 45.2572 45.2227 44.6044 44.5853 44.7302 44.7428 44.8599 44.9663 45.1153 45.2888 45.2737 45.055 44.9215 44.8558 44.2227 44.1219 45.9396 48.8362 49.561 48.7776 48.2442 47.5009 47.2735 46.4873 45.5223 45.4601 45.4257 45.4059 45.3943 45.3875 42.8328 41.6046 41.5099 41.4372 41.3816 41.3389 35.28 35.1816 29.6891 22.7313 21.3391 21.2756 19.5879 19.5552 19.5277 15.8204 
47.0217 46.7853 46.7748 47.0654 47.0494 46.5635 46.1137 46.0055 45.29 45.2234 44.6189 44.5923 44.5509 44.6528 44.6999 44.8575 45.0764 45.496 45.5984 45.1793 44.9844 44.7321 44.2856 44.4568 46.2178 47.7319 47.9072 47.2205 47.5817 46.4312 45.5551 45.4206 45.3706 45.3516 45.3452 44.9559 44.9529 41.6261 41.4909 41.3924 41.3208 37.815 35.2946 35.1667 29.6969 21.4638 21.3643 21.2824 19.5926 19.5514 19.5172 15.8217 15.7891 15.7613 
47.0238 47.0276 47.0313 46.7939 47.0779 47.0574 46.5772 46.0983 45.3436 45.273 45.1683 44.6179 44.5406 44.4498 44.5629 44.6614 44.8031 45.5641 45.8832 45.1866 45.068 44.8265 44.5274 44.6129 45.4806 47.0539 46.85 46.1948 44.9392 44.902 45.0736 44.835 44.8642 44.8836 44.8973 41.6555 40.8871 40.7544 40.2699 37.7973 37.7067 32.3479 29.7071 21.5409 21.4047 19.6674 19.6013 19.5477 19.5043 15.8229 15.7829 15.7496 15.7217 15.6984 
46.885 47.0316 47.037 47.0423 47.0445 47.0986 47.0723 46.636 46.0774 45.3606 45.2511 45.0857 44.5866 44.3161 44.3665 44.5915 44.5959 45.1344 45.4619 45.3123 45.1271 44.8864 44.7209 44.6563 44.8001 45.7453 44.9212 44.2856 44.1017 44.3384 44.5607 44.683 43.9857 43.1024 40.9592 40.3392 40.2049 38.9865 37.6268 32.3813 26.8271 26.7055 21.4725 19.7087 19.6171 19.5448 19.4878 14.7035 15.7737 15.733 15.6996 15.6724 15.6502 9.9527 
46.8824 46.8961 47.042 47.05 47.0583 47.0619 47.358 47.0857 46.6232 45.8185 45.4021 45.2324 45.0818 44.5385 44.4512 44.5311 44.7108 45.032 45.1672 45.231 45.0317 44.962 44.8459 44.4536 43.9498 44.4716 44.4383 44.5803 44.6357 44.3875 44.1012 43.054 42.7476 40.3135 38.7188 38.5825 36.1311 32.4352 26.9797 26.784 21.5933 19.7811 19.6465 19.544 19.4661 14.7114 14.6376 15.7086 15.6683 15.6363 9.9524 9.9442 9.9376 9.9323 
46.8772 46.8918 46.9102 47.0566 47.0693 47.0839 47.0901 47.0822 47.1191 46.3378 45.8621 45.5908 45.2104 44.8198 44.576 44.5518 44.7403 44.8884 44.9699 45.0073 45.064 44.9988 44.5846 44.198 44.1882 44.5348 44.6382 44.8824 44.7077 43.9928 42.1946 40.1822 39.5943 38.352 35.9803 35.8599 30.8397 26.9455 26.7 19.9182 19.7041 19.5487 19.4362 19.3549 14.6216 15.6713 15.6218 9.955 9.9425 9.9327 9.925 9.919 11.4323 11.4586 
46.8689 46.8835 46.9029 46.9287 47.0779 47.1011 47.1294 47.1418 47.1026 47.0675 46.6293 46.4047 45.1299 44.4241 44.6599 44.7026 44.934 44.9667 44.9459 44.9406 45.0851 45.043 44.4944 44.2058 44.3515 44.86 44.813 44.7295 43.289 42.263 40.2663 37.8978 37.4593 35.4158 31.2867 27.3401 26.8467 20.2081 19.8272 19.568 19.3925 19.2742 14.5906 14.4917 15.5497 9.9438 9.928 9.9161 9.9073 9.9008 11.4113 11.4449 13.0538 13.1008 
46.729 46.7273 46.8885 46.9145 46.9523 47.0084 47.1622 47.2385 47.2386 47.2515 46.817 47.7625 46.1425 45.268 44.7915 44.7623 44.9625 44.9799 44.9832 44.9225 44.9761 44.967 44.7839 44.633 44.2873 44.8424 44.6345 42.0229 42.0187 40.3129 37.6956 35.245 34.8613 31.4134 27.3092 26.5935 20.1252 19.6288 19.3228 19.1363 14.527 14.3931 9.9551 9.9261 9.9056 9.8913 9.8813 9.8746 11.382 11.426 13.0446 13.103 13.1517 13.1924 
46.7065 46.7223 46.7448 46.7564 46.9215 46.9763 47.0733 47.3299 47.6509 47.0538 46.634 46.8048 46.223 45.6297 45.0365 44.9323 44.9268 44.9854 44.9207 44.9404 45.0623 44.8495 44.5907 44.0261 42.4345 40.6713 40.2721 37.4546 36.4378 36.5732 34.9004 33.3241 31.5276 27.0172 20.9634 19.8194 19.1958 18.867 14.3847 14.1995 9.9372 9.8951 9.8683 9.8514 9.841 9.835 11.3391 11.3992 13.0332 13.1077 13.1683 13.2177 17.3065 17.3447 
46.6795 46.6888 46.7024 46.7232 46.7566 46.7895 46.9504 46.9547 47.7453 46.8789 46.554 46.4997 46.2246 45.3614 45.2646 45.0745 44.9373 44.9456 44.8632 44.7933 44.4403 44.3703 43.3417 41.9502 40.2999 37.6445 36.5011 35.8402 33.8808 33.6584 30.7727 28.9584 25.4921 20.2816 18.9021 18.2401 14.0325 10.0189 9.8983 9.8334 9.7988 9.7812 9.7734 9.7714 11.2729 12.8944 13.0189 13.1169 13.1942 17.2818 17.3375 17.3823 17.4184 17.4475 
46.6497 46.6507 46.6523 46.6549 46.6592 46.6668 46.6632 46.6612 46.6852 46.4899 46.1635 46.118 46.0722 45.7842 45.4962 45.3848 45.2583 44.905 44.1586 44.492 42.1076 41.2037 38.3041 37.2606 35.424 34.8539 33.9939 32.6259 31.7287 27.5421 24.8254 21.2353 16.8696 14.4995 10.2438 9.4269 9.7813 9.6791 9.6457 9.6407 9.6479 9.6603 11.1629 12.8227 13.0005 13.1349 13.2367 17.3194 17.3871 17.4395 17.4802 22.3939 22.4154 25.9262 
46.6193 46.6118 46.6007 46.5835 46.555 46.081 46.0468 45.9391 45.7943 45.7172 46.1243 46.3817 46.4059 46.3062 46.0694 45.5593 44.7549 43.3753 41.0587 40.5542 37.62 35.6281 34.1509 34.13 32.8418 30.8629 30.4845 27.9896 24.1929 21.2902 19.1033 15.8348 15.3977 9.7775 8.5206 9.0869 9.2005 9.2998 9.3798 9.4443 11.5693 11.8561 12.9767 13.1713 16.2885 17.387 17.4697 20.7796 20.8007 22.4209 22.4457 25.9212 25.9297 25.9369 
46.4152 46.4024 46.3834 46.3542 45.9815 45.9598 45.9167 45.8338 45.783 46.1807 46.4168 46.5552 46.5107 46.2463 45.1472 45.5077 43.7043 40.9418 37.6267 35.8826 34.9844 33.7038 32.0875 29.5997 29.6423 28.4653 24.6383 23.8294 19.3405 16.3004 13.9103 7.7328 6.515 3.3976 5.6771 6.4489 6.7583 6.6463 7.73 11.7357 12.0715 13.2498 16.3949 20.7378 20.7901 20.8258 20.8501 24.3013 24.3132 25.9147 25.9257 25.9348 25.9424 25.9487 
45.9943 45.991 45.9858 45.9774 45.964 45.91 46.0064 46.0002 46.0562 46.3734 46.7883 45.9412 45.0878 43.7038 42.7285 39.1396 38.885 36.0371 34.8043 33.2776 30.8673 30.4028 28.4581 27.5434 24.1965 19.9402 19.6632 14.9777 12.8199 8.7515 4.9173 4.6477 3.2488 4.7739 6.4995 6.815 6.9305 11.5272 12.1457 16.3824 20.6714 20.7917 20.864 20.9075 24.2826 24.3043 24.3205 25.9061 25.9209 25.9327 25.9423 25.9501 25.9564 23.6879 
46.1191 46.114 46.1072 46.0578 46.0574 46.0606 46.0739 46.1146 46.1569 46.131 45.4592 44.7042 41.641 40.5697 38.8002 37.1989 36.0026 33.8394 30.6761 30.5071 28.2536 25.3286 22.0905 22.3634 20.3819 17.3718 11.2333 8.9667 3.29 3.1007 4.2908 5.4784 6.2537 9.9679 9.6661 12.2078 14.2286 16.8019 20.7168 20.9229 21.022 21.0675 24.2764 24.3094 24.3324 25.8942 25.915 25.931 25.9434 25.9531 25.9607 23.6948 21.3142 19.6567 
46.1186 46.0713 46.0724 46.0752 46.0813 46.0939 46.1196 44.9237 44.3519 45.2853 42.6979 42.1727 39.3453 37.7526 36.1015 34.9268 32.5321 30.0542 28.2011 25.4031 25.0061 21.3851 16.454 11.472 12.8554 8.2739 7.0872 7.8408 6.7421 8.6657 9.1814 11.5092 14.2013 14.8036 15.8336 17.0668 20.9086 21.3055 21.4157 24.179 24.2637 24.3186 25.8333 25.8767 25.9079 25.9306 25.9472 25.9595 25.9687 23.7059 22.7874 20.4906 18.8937 18.8733 
46.0785 46.0805 46.0839 44.5856 44.5493 43.3381 43.1959 43.0568 42.1645 40.9015 38.897 36.5205 36.9418 33.7245 32.2801 29.1978 28.8555 27.4588 23.8702 21.8204 16.2611 16.1271 11.9232 8.3739 6.8535 6.7404 8.2527 10.593 10.2211 11.9066 13.7227 15.7274 17.6295 18.0606 19.8326 22.8716 23.3623 23.4203 24.2355 24.3378 25.769 25.8486 25.9005 25.9347 25.9576 25.9732 25.0215 22.8519 20.555 20.4855 18.8845 18.858 18.8376 18.822 
44.5185 44.4961 44.4605 43.1977 43.1104 42.9343 42.2858 38.9442 38.5702 36.6879 36.5015 34.2571 32.6547 30.8441 29.2253 25.4152 24.4207 20.4122 20.0011 12.4276 8.8784 7.6337 3.4783 4.9541 5.9201 8.518 12.7914 12.9534 17.0324 17.5703 18.2093 20.1978 20.381 21.7959 22.6078 23.9653 24.2272 25.2918 25.5249 25.7999 25.8995 25.9549 25.9865 26.0047 25.0513 24.1811 22.0623 18.921 18.8723 18.8365 18.8102 18.7911 18.7772 14.9109 
44.4285 43.0414 43.0956 43.0098 40.7835 38.7158 38.591 38.3421 36.0284 35.8376 32.9766 31.1826 24.9991 23.1189 20.1701 19.6199 13.7345 12.0019 7.7154 6.7308 7.2515 6.7944 10.0671 15.4254 12.6187 16.1965 17.0311 20.8354 20.4148 22.1746 22.8296 22.3475 23.2291 23.5683 25.5982 24.9221 25.2909 25.6378 25.9614 26.0468 26.0778 26.0868 24.302 22.234 22.0818 18.9288 18.8552 18.8043 18.7693 18.7455 14.93 14.9077 14.8899 14.8759 
43.0967 43.0422 40.7426 35.7842 35.6909 35.519 33.1369 32.9506 31.5003 27.5935 23.9946 20.8025 20.4173 17.1788 16.3353 10.0924 9.6176 8.3024 5.976 7.7871 10.3543 11.9165 17.0236 17.6908 22.0308 21.4625 21.5195 23.5953 25.105 24.5861 25.2455 25.5562 26.258 27.0203 27.6361 27.4387 27.1752 27.2187 26.8707 25.8997 24.9501 24.7444 22.1261 18.9532 18.8301 18.7523 18.7037 18.674 14.9319 14.9017 14.8788 14.8613 11.9902 11.9605 
35.5737 35.5178 35.4308 35.2964 35.0888 29.335 29.0 27.4464 23.1586 21.2145 18.023 18.2195 15.5953 8.9024 8.0655 4.2752 8.4635 9.0854 8.2079 13.3706 18.4954 20.8999 22.3386 25.2059 25.2124 28.0655 27.7544 27.1956 27.4729 27.4799 28.2453 28.3965 28.8767 29.5364 28.5629 28.2459 28.0529 27.8608 25.4626 24.8528 24.5719 19.0325 18.792 18.6591 18.5878 14.9931 14.933 14.8902 14.8596 14.8377 11.9885 11.9501 9.363 9.342 
35.3105 35.2096 31.8004 29.1609 28.9472 23.7258 23.3454 22.73 16.6481 12.4944 12.9097 12.6331 10.2926 2.1451 8.0591 9.1088 14.7364 15.027 19.7416 21.7133 24.5092 26.6236 26.5473 28.6108 30.2851 29.8044 30.3242 30.4951 31.0057 30.4975 31.1029 31.8532 30.744 29.6966 29.5107 27.562 27.7818 25.4742 24.3489 21.6568 18.7467 17.1964 17.1077 15.0294 14.9301 14.8656 14.8235 14.7961 11.9826 9.4055 9.3704 9.343 9.0345 9.0081 
31.7362 29.1055 28.9611 23.6561 23.4342 23.1103 22.64 11.4148 11.5032 11.5058 11.2067 10.4735 7.7312 6.6936 11.8901 16.3857 19.8165 23.1113 25.6039 27.7806 28.1548 31.3482 32.0197 32.1477 32.2476 32.8382 32.9087 32.7339 33.706 33.4517 32.7766 31.8352 30.8702 29.0428 29.0951 27.0112 25.5383 21.7708 20.0355 17.3735 16.999 16.8974 14.9088 14.8049 14.7471 14.7155 9.4956 9.4271 9.3769 9.3398 9.027 8.9934 9.4092 9.3927 
23.7378 23.6311 23.4865 23.2901 20.9169 14.4403 14.4678 14.4924 14.5082 17.8941 15.1494 13.6359 16.19 19.9258 17.2964 23.1164 26.1429 27.7234 31.5022 31.9172 32.5642 32.8468 33.8522 34.1994 34.223 34.3163 35.4164 36.1777 34.7532 33.6358 32.8007 29.689 28.8735 26.8606 26.5044 24.4522 20.2734 19.9933 17.1474 16.2954 14.7642 14.6134 14.5521 12.2268 9.5683 9.4543 9.3778 9.3258 9.0079 8.7217 9.373 9.355 9.3426 8.0144 
23.5214 21.1849 21.0581 17.9151 17.9254 17.9432 17.9743 18.0296 18.1325 15.5042 13.8962 17.8297 20.7379 21.4056 26.7207 29.2584 30.0167 31.4745 33.7379 33.7758 34.4632 33.9065 35.4965 35.9074 36.1079 37.0177 36.4 36.5968 34.7638 33.1757 30.6433 29.3047 27.2827 25.7678 23.8782 18.4148 16.212 15.71 13.5327 12.9638 12.7601 10.7335 9.695 9.4805 9.355 9.2805 9.2356 8.6583 7.9741 7.9762 7.9797 7.9836 8.2005 10.4219 
21.1356 17.9593 17.9717 17.9898 18.0163 18.0558 18.1163 18.2117 18.3665 18.1217 18.7893 26.3969 26.0825 26.8042 30.4561 33.2371 33.6316 34.3702 34.8489 35.8575 36.3701 36.4281 37.0622 38.6803 38.5707 38.2232 36.5016 35.901 33.8346 31.8707 29.9843 26.894 25.3132 23.6943 21.0136 17.7214 15.0856 12.4731 11.3686 10.755 10.4271 9.4217 9.2228 9.1304 7.5214 7.4783 7.0188 7.0511 6.8422 6.8612 8.1744 10.377 10.4524 10.5121 
17.9942 18.0097 18.0305 18.0588 18.0981 18.1533 18.2324 20.265 23.9113 27.9261 27.9442 28.1657 28.9341 32.3478 34.9922 35.6587 35.0737 36.5105 36.4319 36.6757 38.6454 39.7726 40.9375 39.2743 38.6152 37.9646 36.233 34.2966 33.3737 30.6512 29.4347 26.5668 24.5058 21.5879 18.6199 16.4736 13.0285 10.1139 8.0111 8.2037 8.1409 7.4733 6.2628 6.2263 6.2119 6.6772 6.823 6.8563 8.1392 8.2002 10.4161 10.5008 10.5655 12.6092 
18.0349 18.056 18.0833 18.1193 18.1671 21.9404 24.052 28.4465 28.5056 28.646 28.948 29.5704 33.3676 36.0031 36.6287 36.7612 36.9736 38.2537 38.888 40.8439 41.5893 42.5159 41.5123 40.2761 38.7023 36.8518 35.6368 33.247 31.7733 30.613 27.8937 26.2144 23.7587 21.398 17.149 15.7169 12.6473 9.7388 7.0207 6.739 6.1564 6.1061 5.9272 6.5651 6.7721 6.7453 8.0736 8.1758 8.2464 10.4843 12.5481 12.6113 12.6579 12.6922 
18.0717 18.097 18.1289 21.9911 24.1082 28.6705 28.7219 28.8119 28.966 29.227 31.3845 33.4423 37.4759 37.4569 37.6113 38.7536 39.6141 40.3923 40.9809 42.1349 42.4993 42.23 41.0734 39.7327 37.9457 35.4587 33.1919 32.0972 29.9767 29.1429 28.9144 26.5037 24.3834 21.4246 18.8259 15.8779 13.0235 10.5938 7.1953 5.6911 5.6938 5.8147 6.4981 6.7028 6.8066 8.129 8.2527 10.4577 12.5197 12.6172 12.684 12.7299 16.5467 16.5959 
22.8761 22.9413 26.7236 28.7857 28.826 28.8872 28.9795 30.891 31.1424 31.5186 38.3645 38.3684 38.4081 38.5476 39.6148 40.0507 40.7582 41.189 42.2393 42.6902 42.4066 41.6471 40.4047 38.1766 36.9049 34.4668 32.2765 30.5791 28.8719 28.0652 28.4141 27.6987 24.2308 22.7599 21.1064 18.5568 13.9506 10.8161 9.0536 6.1344 5.6982 6.3722 7.2817 7.5227 8.2808 10.1951 12.4647 12.632 12.7352 16.4221 16.5207 16.5927 16.6455 20.4636 
26.7633 28.8526 28.8841 28.928 30.7973 30.904 31.0539 31.2632 38.4734 38.4877 38.5181 38.5797 38.7027 39.7314 40.7249 40.9212 41.2099 41.8665 42.5017 42.823 42.0639 40.6917 39.7005 37.4276 34.9995 33.4844 31.0525 29.8368 28.278 27.9368 28.7018 29.0195 26.0831 24.1217 21.5021 20.1368 17.8389 12.7565 10.8114 7.7976 6.7125 8.2564 8.9982 9.2788 10.934 12.6688 12.8472 15.1716 16.4775 16.5914 16.6691 20.4434 20.5201 20.5761 
28.92 30.7859 30.8418 30.9162 31.0151 34.9806 35.1193 38.533 38.554 38.5883 38.6444 39.6317 39.7383 40.774 40.8636 41.3386 41.7171 42.0284 42.6563 42.9188 42.0245 40.5122 37.7533 36.4888 33.3799 32.5629 30.8306 29.6554 27.9552 27.5806 28.1346 29.3037 28.9075 26.478 24.0386 21.5415 19.7749 17.7518 11.8314 10.1586 9.8339 10.1283 11.5359 13.1854 13.6289 15.156 15.2728 16.5977 16.7212 20.4038 20.5267 23.0021 23.0552 23.0924 
30.8713 30.9261 31.3 34.9681 35.0629 38.5542 38.569 38.5906 38.6221 39.6085 39.6554 40.7542 40.7863 40.8394 41.3428 41.8621 42.2282 42.6158 43.0396 43.0829 42.1005 39.9261 37.3223 35.6765 33.5212 31.5228 30.4386 28.9061 28.2321 27.541 27.4023 28.7101 28.6177 27.909 27.2501 25.615 20.0485 18.9259 16.7386 11.0633 9.9785 11.6056 13.6419 15.192 15.4416 16.7494 18.2013 18.3235 20.5378 23.0074 23.0894 23.1411 23.1737 23.1938 
31.3053 34.9617 35.0301 38.5656 38.5765 38.5912 38.6113 38.6387 39.6279 39.6638 40.7645 40.788 41.2805 41.321 41.9172 42.2794 42.7869 43.1577 43.3624 42.9016 42.5026 39.9581 37.5496 34.1152 33.5111 32.5661 30.6252 28.639 29.3581 28.6497 28.6972 28.9579 30.6706 29.1778 28.4779 26.5292 25.0252 19.5898 17.6471 15.1623 12.2305 13.7233 15.7839 16.7939 16.8664 19.1031 22.7619 23.0303 23.171 23.2443 23.2812 24.9201 27.1891 27.2515 
35.0097 35.0721 38.5807 38.5914 38.6052 38.6232 39.6172 39.7353 40.0843 40.7686 40.7863 41.284 41.9848 42.3995 42.4601 43.1987 43.4837 43.5029 43.5123 43.6862 42.4087 39.8243 36.1268 34.3628 33.3873 30.7108 36.3954 32.8024 32.4753 29.3026 28.9515 30.4338 31.7746 32.2138 31.2014 28.0866 26.3106 25.2492 19.6372 18.5609 17.4594 17.4556 18.1635 18.8201 20.7005 23.1464 24.899 24.9896 25.021 25.0276 27.2495 27.3295 31.2444 31.3324 
38.5832 38.5913 38.6014 38.614 39.6126 39.7249 39.7464 40.0912 40.7699 41.4907 42.2297 42.434 42.7436 42.8044 42.899 43.2514 43.3813 43.4117 43.4492 43.4717 41.8122 39.8664 38.0113 38.6827 36.3902 35.2998 39.2221 36.4803 31.6161 28.8329 27.8763 30.0029 32.6253 33.8754 33.3439 31.8812 28.2071 26.3495 24.5169 21.2364 19.2245 20.4525 22.271 23.8626 25.3102 25.4253 25.3786 25.3063 28.4717 28.5815 31.2442 31.3752 31.4624 34.9333 
38.5989 38.6082 38.6196 39.7198 39.7345 40.071 40.0946 41.902 42.2483 42.2683 42.7522 42.7861 42.8354 43.1978 43.3304 43.3368 43.344 43.3497 43.3376 43.1461 42.4267 40.3177 37.335 37.5052 38.0767 35.8254 36.721 36.5843 31.2494 30.6183 31.4328 31.6818 34.2838 35.2703 34.5117 33.6778 31.9389 27.7757 26.9033 25.4871 24.5478 24.0952 24.8246 26.2897 27.7398 28.2043 28.5258 28.7168 31.2806 31.4888 34.1749 37.8024 37.9323 38.0225 
38.6129 39.7171 39.7278 39.7408 40.4908 41.9104 41.9306 42.2718 42.7572 42.7784 42.8075 43.0462 43.3101 43.3113 43.3118 43.3102 43.3033 43.282 43.218 42.7685 42.2828 40.7273 39.7988 38.114 37.5138 37.704 35.9955 35.3932 31.3957 31.7077 30.466 33.3234 35.1835 36.6913 36.7512 34.2752 33.1634 32.2584 30.4523 28.0629 26.4946 29.179 28.4733 29.0947 29.8228 30.3752 32.5855 33.4957 36.2203 36.38 37.9576 38.0878 38.1702 38.2222 
39.7238 40.4656 40.4865 41.915 41.9304 42.2729 42.7605 42.6014 42.6196 43.0239 43.0482 43.3004 43.2998 43.2982 43.2945 43.2871 43.2722 43.2428 42.7055 42.6395 41.7583 40.8259 40.5792 39.1662 38.9785 38.9389 35.0843 34.6584 32.9264 32.8156 33.291 37.4021 37.0689 37.3636 36.8081 36.361 33.6795 32.8944 32.8873 31.4052 30.4276 31.0059 32.8345 33.4741 33.9189 35.0337 36.3745 36.5917 38.0709 38.2569 38.3577 39.6149 39.6391 39.6502 
40.4836 41.2582 41.9298 41.9445 42.5888 42.599 42.6117 43.0124 43.0283 43.2946 43.294 43.2927 43.2905 43.2867 43.2805 43.2702 43.2535 42.6754 42.6378 42.5774 41.523 40.7998 40.8621 40.7403 39.0217 38.8765 35.0955 33.3945 33.437 33.6542 35.3495 36.3825 39.1107 39.011 38.4159 36.6458 34.9837 34.3232 34.2093 34.5167 33.7956 34.7598 34.0779 35.2277 36.6401 37.5035 39.0038 39.398 39.6105 39.709 39.7474 39.7564 39.7518 39.741 
41.2756 41.9406 42.5896 42.5973 42.6067 43.0059 43.017 43.0303 43.2906 43.2896 43.2881 43.2859 43.2825 43.2776 43.2702 43.2594 42.6517 42.6308 42.5966 41.579 41.4096 41.1823 40.9846 40.8916 39.0594 38.8469 34.7193 33.5582 33.6688 33.917 37.2116 38.8921 41.6078 41.76 39.888 37.4482 35.4878 35.3077 35.5869 35.898 36.1769 35.9964 36.1439 36.6165 38.011 39.028 39.607 39.9345 40.0163 40.0012 39.9592 39.9139 39.872 39.8352 
42.5901 42.5961 42.6033 43.0021 43.0102 43.0198 43.0312 43.2877 43.2866 43.2851 43.283 43.2801 43.2761 43.2706 43.2631 43.253 42.621 42.6005 42.5712 41.4766 41.3481 41.1916 41.0462 40.9783 39.5793 34.7974 33.6027 33.6682 35.6665 36.6233 39.427 40.3279 41.9082 43.2376 40.7923 38.4928 36.8294 35.7061 36.445 36.3599 36.2801 36.3055 37.8106 38.8989 40.1473 40.3905 41.3347 41.3825 41.2444 41.1597 41.0719 41.008 40.9603 40.9235 
42.6009 42.9998 43.0059 43.013 43.0214 43.2863 43.2855 43.2844 43.283 43.2812 43.2787 43.2754 43.2712 43.2656 43.2585 42.6114 42.5983 42.5796 42.555 41.4107 41.3116 41.1975 41.0812 41.0311 41.0014 34.3597 33.6659 35.6928 35.9115 39.4627 39.8251 40.6964 42.2583 42.4298 41.4522 40.0021 36.3318 35.9614 36.9324 37.0401 38.2699 39.8785 40.0406 41.8284 42.4593 43.5582 43.5163 42.6215 42.2859 42.1362 42.0576 42.0114 41.0549 40.9984 
43.0031 43.0086 43.015 43.0224 43.2847 43.2839 43.2829 43.2816 43.2799 43.2778 43.2751 43.2717 43.2675 43.2622 42.6028 42.5941 42.5815 42.565 41.4302 41.3663 41.2882 41.2014 41.1029 41.0651 41.0395 34.362 35.7005 37.7788 39.4707 39.6752 42.072 44.387 44.2651 44.1351 43.1028 42.6743 40.1898 37.2159 37.5079 38.9002 40.4351 41.112 42.0854 42.3035 42.651 43.4186 43.3474 42.7746 42.4291 42.2436 42.1374 42.0719 42.0289 41.9993 
43.0106 43.0163 43.2841 43.2834 43.2827 43.2817 43.2805 43.2791 43.2773 43.275 43.2722 43.2689 43.2648 42.5955 42.5893 42.5806 42.569 42.5544 41.3889 41.3352 41.2724 41.2042 41.1173 41.0882 39.4219 36.3464 37.7855 41.2007 41.4134 45.4407 45.5289 45.5769 45.35 45.3183 45.1066 44.1954 41.2959 40.7482 40.1457 40.0164 40.5137 41.1528 41.9532 42.2787 42.8284 42.9325 43.0883 42.6269 42.4296 42.282 42.1811 42.1121 42.0638 42.0291 
43.0172 43.2831 43.2825 43.2817 43.2809 43.2798 43.2785 43.2769 43.275 43.2727 43.27 43.2667 42.5893 42.5847 42.5784 42.57 42.5594 42.5467 41.358 41.3126 41.2611 41.2062 41.1275 41.1045 39.0308 37.7861 41.3606 45.5274 45.6002 45.6723 45.7561 45.5951 45.7805 46.5474 47.0489 46.7063 43.8929 42.0628 43.0092 41.9076 41.1673 41.0546 41.4971 42.2233 42.8249 43.0075 42.8568 42.8636 42.3756 42.2762 42.1952 42.133 42.086 42.0503 
43.2823 43.2817 43.281 43.2802 43.2792 43.2781 43.2767 43.2751 43.2731 43.2709 43.2682 43.2651 42.5805 42.5757 42.5695 42.5616 42.5521 42.541 41.3344 41.2958 41.2529 41.2077 41.1624 39.5571 40.977 43.425 45.6056 45.6751 45.7268 45.8061 46.261 46.3585 46.5227 47.1654 47.4325 47.4298 46.0068 44.4265 44.0246 43.3223 42.1231 41.5157 41.123 42.1977 42.8221 42.9328 42.7449 42.7641 42.7536 42.2518 42.1911 42.1396 42.0975 42.0637 
43.2811 43.2804 43.2797 43.2788 43.2778 43.2766 43.2751 43.2735 43.2716 43.2694 43.2669 42.5766 42.5729 42.5682 42.5622 42.5549 42.5464 41.3452 41.316 41.2829 41.2467 41.2088 41.171 43.4831 45.6006 45.6468 45.6929 45.7417 46.3651 46.9552 46.9779 47.0122 47.0654 47.1437 47.18 46.9798 46.3556 45.5287 45.0285 44.353 43.1951 42.3491 41.6045 41.8764 42.8219 42.8954 42.9603 42.7006 42.7016 42.6908 42.1781 42.137 42.1011 42.0707 
43.28 43.2793 43.2785 43.2776 43.2765 43.2752 43.2738 43.2722 43.2703 43.2682 42.5732 42.5703 42.5665 42.5619 42.5562 42.5495 42.5418 41.3273 41.3015 41.2728 41.2419 41.2097 41.982 44.2513 46.4527 46.479 46.3396 46.9374 46.9497 46.966 46.9881 47.0178 47.06 47.0514 47.0004 46.9504 46.8842 45.9309 45.4717 44.6555 44.3265 43.0556 42.3441 41.6282 42.8229 42.8748 42.9224 42.9594 42.6632 42.6596 42.6506 42.1292 42.0993 42.0728 
43.279 43.2782 43.2774 43.2764 43.2754 43.2741 43.2727 43.2711 43.2693 42.5701 42.5677 42.5647 42.561 42.5566 42.5512 42.5451 42.5382 41.3127 41.2898 41.2648 41.238 42.0028 43.6245 46.2972 46.9198 46.9261 46.9338 46.9434 46.9555 46.9709 46.9901 47.0063 46.9986 46.9742 46.9276 46.8716 46.5127 45.9344 45.6362 45.4477 44.631 44.3183 43.3498 42.3376 42.8242 42.8627 42.8988 42.9288 42.9509 42.6345 42.6301 42.6228 42.0943 42.0716 
43.2781 43.2773 43.2764 43.2755 43.2744 43.2732 43.2718 43.2702 42.5673 42.5654 42.5629 42.56 42.5563 42.5521 42.5471 42.5415 41.3189 41.3007 41.2803 41.2583 41.2349 43.5634 46.2489 46.9181 46.9235 46.9298 46.9375 46.9468 46.9581 46.834 46.9766 46.9705 46.956 46.9293 46.8893 46.4668 46.3959 45.8438 45.6735 45.5352 45.4446 44.4467 44.3078 43.3281 43.2653 42.8551 42.8833 42.9078 42.9272 42.6145 42.6127 42.6084 42.6025 42.0682 
43.2772 43.2765 43.2756 43.2746 43.2735 43.2723 43.271 43.2695 42.5632 42.5612 42.5587 42.5558 42.5523 42.5483 42.5437 42.5385 41.3072 41.2907 41.2725 41.2529 42.09 45.6632 46.3069 46.9207 46.926 46.9322 46.8008 46.8076 46.9598 46.9581 46.9532 46.9436 46.9273 46.9027 46.8696 46.4003 46.3445 45.7733 45.6691 45.5724 45.4978 44.6549 44.3964 44.7192 43.8564 42.8502 42.8727 42.8929 42.9098 42.9229 42.598 42.5957 42.5918 42.587 
43.2765 43.2757 43.2748 43.2739 43.2728 43.2717 43.2704 42.5612 42.5595 42.5575 42.555 42.5522 42.5488 42.545 42.5408 42.5361 41.2973 41.2823 41.2659 42.071 43.6447 46.266 46.918 46.9225 46.7861 46.7907 46.7956 46.9473 46.9455 46.9417 46.9348 46.924 46.9081 46.8867 46.86 46.3601 46.3168 45.7234 45.6544 45.5858 45.5271 45.482 44.453 44.7769 44.7067 43.6356 42.8653 42.8821 42.8967 42.9086 42.9178 42.5847 42.5822 42.5788 
43.2758 43.275 43.2742 43.2732 43.2722 43.2711 42.5593 42.5579 42.5562 42.5542 42.5518 42.549 42.5458 42.5423 42.5383 42.534 41.2888 41.2751 41.2604 43.5989 46.2336 46.9155 46.7758 46.7791 46.7827 46.7864 46.9382 46.9366 46.9334 46.9283 46.9207 46.9098 46.8953 46.8771 46.8556 46.334 46.3 45.6873 45.6386 45.5884 45.5426 45.5045 44.4872 44.4067 44.753 44.6994 43.3613 42.8741 42.8867 42.8974 42.9061 42.5751 42.5737 42.5713 
43.2752 43.2745 43.2736 43.2727 43.2717 42.5576 42.5564 42.555 42.5533 42.5512 42.5489 42.5462 42.5432 42.5399 42.5362 41.293 41.2815 41.2691 44.186 45.6537 46.2752 46.7707 46.7734 46.7762 46.7791 46.9314 46.9298 46.9272 46.9233 46.9176 46.9098 46.8996 46.8867 46.8713 46.8539 46.3161 46.2888 45.6603 45.6242 45.5863 45.5502 45.5185 45.4921 44.4356 44.7866 44.737 44.1523 42.868 42.879 42.8886 42.8966 42.903 42.566 42.5645 
43.2747 43.2739 43.2731 43.2722 42.5561 42.555 42.5538 42.5523 42.5506 42.5486 42.5463 42.5438 42.5409 42.5378 42.5344 41.2859 41.2753 42.1042 45.62 46.2474 46.7664 46.7686 46.7709 46.9268 46.926 46.9246 46.9225 46.9193 46.915 46.9091 46.9016 46.8922 46.8809 46.8679 46.3226 46.3033 46.2809 45.6395 45.6117 45.5822 45.5533 45.527 45.5041 45.4851 44.8107 44.7655 44.7263 43.369 42.8729 42.8815 42.8888 42.8949 42.8998 42.5583 