ncols 76 
nrows 73 
xllcorner 158387.149994
yllcorner 383913.968994
cellsize 0.25
nodata_value -9999 
6.1255 7.7254 9.5037 9.5194 10.9469 12.9041 12.9223 14.9745 14.9915 15.0114 16.4314 16.4397 23.2622 23.4189 24.3262 24.5326 24.7742 27.9483 27.9887 28.0286 28.0646 28.0918 28.1047 28.0986 28.0715 28.0254 28.2217 28.1361 28.0553 27.9837 27.9232 27.8739 27.8347 27.8041 27.7804 27.7625 27.7489 27.6854 27.2664 24.208 23.779 25.4713 26.5566 24.4135 24.3851 20.608 17.6427 17.577 17.5186 17.4668 13.571 13.5528 13.5365 13.5219 13.5089 12.2588 10.0555 10.0082 9.9652 9.805 4.205 4.1835 1.8046 1.7141 1.7073 0.9293 0.9291 0.9289 0.9288 0.9286 0.9284 0.8615 0.8608 0.8602 0.8596 0.7476 
6.112 6.127 7.7264 9.502 9.5201 10.9479 12.9021 12.9234 14.9745 14.995 15.019 16.433 16.4432 23.248 23.4429 24.394 24.6592 26.54 28.0197 28.0732 28.1247 28.1671 28.1914 28.1887 28.1544 28.0915 28.2525 28.1418 28.0415 27.9569 27.8891 27.8368 27.7973 27.768 27.7467 27.7313 27.3303 24.2067 24.2068 23.7787 25.4719 26.5585 24.4315 24.3982 20.6357 17.662 17.5866 17.5199 17.4612 13.5758 13.5552 13.5369 13.5206 13.5061 12.2569 10.055 10.0031 9.9563 4.3007 4.2039 4.1805 1.8046 1.7137 1.7064 0.9294 0.9291 0.9289 0.9288 0.9286 0.9284 0.8616 0.8609 0.8602 0.8596 0.7477 0.7471 
3.8129 6.1116 6.1289 8.5526 8.5606 9.521 11.5062 12.8996 14.9541 14.9747 14.9996 15.0292 16.4353 16.4482 23.2291 24.2062 24.4919 24.8427 27.0356 28.1186 28.1925 28.2595 28.3046 28.3103 28.2658 28.1756 28.2831 28.1366 28.0115 27.9131 27.8397 27.7869 27.7499 27.7244 27.7071 27.2375 24.2052 24.1296 23.7784 25.473 26.5611 24.4547 24.4151 20.6712 17.6863 17.5988 17.522 17.455 13.5814 13.5579 13.5372 13.5188 13.5027 12.5291 10.3697 9.9968 9.9456 4.3006 4.2024 4.177 1.8045 1.7133 1.7053 0.9294 0.9292 0.929 0.9288 0.9286 0.9284 0.9282 0.8609 0.8602 0.8596 0.7478 0.7471 0.7464 
3.8099 3.814 6.1112 6.1314 8.5515 8.561 9.5222 11.5034 12.8963 14.95 14.9751 15.006 16.425 16.4389 16.4556 21.5187 24.2536 24.6389 25.4431 28.1594 28.2646 28.3715 28.4557 28.4821 28.4231 28.2847 28.3071 28.1088 27.9542 27.8442 27.7701 27.7218 27.6913 27.2905 24.3151 24.2034 24.1293 23.778 25.5685 26.5646 24.485 21.4292 20.7173 17.7173 17.6148 17.5254 17.4481 13.5881 13.5611 13.5373 13.5166 13.4985 12.5237 10.3651 9.9889 9.9328 4.3002 4.2005 4.1727 1.8043 1.7127 1.704 0.9295 0.9292 0.929 0.9288 0.9286 0.9284 0.9282 0.861 0.8602 0.8595 0.7479 0.7471 0.7464 0.7457 
3.6226 3.8105 3.8153 6.1109 6.1346 8.5503 8.5616 9.524 11.4997 12.892 14.9446 14.9759 15.0152 16.4262 16.4446 16.4671 21.4852 24.3285 24.8703 27.1903 28.3305 28.5003 28.6612 28.7406 28.661 28.6429 28.306 28.0347 27.8519 27.7402 27.6755 27.6398 27.2351 24.3118 24.2011 24.1292 23.8597 25.5706 26.5694 26.7778 21.4719 21.382 17.7575 17.6357 17.5306 17.4405 13.5961 13.5647 13.5374 13.5137 13.4933 12.5168 10.3589 9.979 9.9173 4.2994 4.1981 4.1676 1.804 1.7956 1.7025 0.9296 0.9293 0.929 0.9288 0.9285 0.9283 0.9282 0.8611 0.8603 0.8595 0.7479 0.7471 0.7464 0.7457 0.6715 
3.6161 3.623 3.8112 4.8932 6.1106 7.443 8.5488 8.5625 9.5264 11.4946 12.8861 14.9372 14.9774 15.0291 16.4287 16.454 16.4854 18.3384 24.4535 26.2383 28.3642 28.6239 28.9349 29.1612 29.0596 28.7804 28.2268 27.868 27.6802 27.5916 27.554 24.3038 24.1976 24.1981 24.1295 23.86 25.5739 25.6281 26.8273 21.5279 21.4179 17.8104 17.6638 17.5384 17.4321 13.606 13.569 13.5371 13.5099 13.4867 12.5079 10.3506 9.9666 9.8983 4.2981 4.1949 4.1613 1.8036 1.7944 1.7007 0.9296 0.9293 0.929 0.9288 0.9285 0.9283 0.9281 0.8612 0.8603 0.8595 0.748 0.7472 0.7463 0.7456 0.6715 0.671 
3.0884 3.6153 3.6235 3.8121 4.892 6.1105 7.4442 8.5469 8.5639 9.5299 10.6453 12.8778 14.9268 14.98 15.0507 16.4338 16.4705 18.2101 18.3491 25.7713 27.305 28.6649 29.2377 29.9083 29.8433 28.8666 27.9189 27.5339 27.4182 27.0374 24.2959 24.1934 24.1227 24.1306 23.8607 25.5792 25.6468 26.8344 21.6029 21.4659 17.8814 17.702 17.55 17.4228 13.6183 13.574 13.5365 13.5048 13.4782 12.4964 10.3395 9.9508 9.8749 4.296 4.263 1.9071 1.803 1.7928 1.6985 0.9298 0.9294 0.9291 0.9288 0.9285 0.9283 0.928 0.8613 0.8603 0.8594 0.7482 0.7472 0.7463 0.7455 0.6715 0.6709 0.6705 
3.0865 3.0885 3.6144 3.6241 3.8131 4.8905 6.1105 7.4462 8.5446 8.5661 9.5351 10.6482 12.8655 14.9113 14.9849 15.0868 16.4444 16.5011 18.1555 18.3851 25.9321 27.7087 29.2282 31.139 31.8082 28.3182 27.0343 26.9834 26.7208 24.2846 24.1883 24.1236 24.1336 23.8622 25.6736 25.7521 26.8428 24.8061 21.5317 21.3837 17.7551 17.5677 17.4129 13.6339 13.5802 13.5353 13.498 12.7201 12.4813 10.3247 9.9306 4.3353 4.293 4.2561 1.907 1.8021 1.7909 1.0235 0.9299 0.9295 0.9291 0.9288 0.9285 0.9282 0.928 0.8614 0.8604 0.8594 0.7483 0.7472 0.7463 0.7454 0.6714 0.6709 0.6704 0.6699 
4.2411 3.0863 3.0886 3.0914 3.6248 3.8145 4.8886 6.111 7.4494 8.5415 8.5697 10.1713 10.6525 12.8461 14.8864 14.9945 16.3993 16.468 16.5629 18.0695 18.5 26.6198 27.9762 29.433 30.362 24.723 25.6186 24.2314 24.2704 24.1831 24.1282 24.1403 23.9671 25.6602 25.7696 26.8531 24.9108 21.6251 21.4332 17.8308 17.5946 13.7344 13.6545 13.5879 13.5331 13.4886 12.706 12.4614 10.3046 9.9046 4.7221 4.2886 4.2473 1.9067 1.8009 1.7884 1.0235 0.93 0.9296 0.9292 0.9288 0.9285 0.9282 0.9279 0.8616 0.8604 0.8593 0.7484 0.7473 0.7462 0.7453 0.6714 0.6708 0.6703 0.6698 0.6598 
4.3943 4.3767 3.086 3.0888 3.0922 3.8058 3.8163 4.8862 6.1121 7.4548 8.5374 8.5759 10.1649 10.6595 12.0344 14.8426 15.0148 15.6632 16.5268 16.6959 17.9489 18.852 25.5366 23.7196 24.6427 24.6634 24.3867 24.1875 24.0054 24.1806 23.9986 23.9642 25.6331 25.795 26.8667 24.1383 21.7632 21.5059 17.942 17.6368 13.7857 13.6822 13.5976 13.5295 13.4755 12.6862 10.8321 10.2774 10.1838 4.7196 4.2824 4.2358 1.906 1.7993 1.7853 1.0236 0.9302 0.9297 0.9293 0.9288 0.9285 0.9281 0.9278 0.8618 0.8605 0.8593 0.8582 0.7473 0.7462 0.7451 0.6714 0.6707 0.6701 0.6696 0.6596 0.6596 
6.8237 4.3944 4.3729 3.0855 3.089 3.0933 3.8053 3.8188 4.883 4.9286 7.2101 8.5317 8.5869 10.5855 10.6712 11.5734 13.5819 15.5235 15.7536 16.6826 16.9296 17.8873 19.4131 24.529 24.9333 24.8253 24.3268 24.1506 24.1715 24.1918 23.9087 25.5712 25.8318 26.8876 24.3213 21.9773 21.6183 18.1105 17.7047 13.8599 13.7213 13.6103 13.5235 13.4567 12.6577 10.8038 10.2399 4.7684 4.7151 4.2737 4.2208 1.905 1.7971 1.7814 1.0237 1.0229 0.9299 0.9294 0.9289 0.9285 0.9281 0.9278 0.862 0.8606 0.8592 0.858 0.7474 0.7461 0.745 0.6713 0.6706 0.67 0.6694 0.6595 0.6595 0.6594 
8.2999 6.8198 4.3943 4.3675 3.0849 3.0892 3.0948 3.8044 3.8222 4.8787 6.2205 7.225 8.5236 8.6085 9.6943 11.335 11.698 13.0041 15.3848 16.0437 17.262 17.4705 17.1317 21.3053 24.7341 24.2881 24.176 24.1136 24.2013 23.9252 25.405 25.8754 26.9301 24.6251 22.3287 21.8028 18.3754 17.8181 13.9731 13.7791 13.6278 13.5133 13.4287 12.616 10.7619 10.1875 4.7702 4.7078 4.2613 1.9231 1.9034 1.8869 1.7764 1.0238 1.0228 0.9301 0.9295 0.9289 0.9285 0.928 0.9276 0.8622 0.8606 0.8592 0.8579 0.7475 0.7461 0.7448 0.6713 0.6705 0.6698 0.6594 0.6594 0.6593 0.6593 0.6894 
8.342 8.2981 6.8142 4.3939 4.3594 3.0838 3.0895 3.0971 3.8026 3.8273 4.8726 6.226 7.3059 8.3845 9.6343 9.8241 11.2578 11.9607 12.7631 13.6786 16.0882 16.7851 16.8323 17.4249 20.9775 24.178 24.0921 24.2977 24.0943 24.8841 25.8158 26.2816 27.2365 24.3839 22.126 19.5191 18.0163 14.1575 13.8702 13.6529 13.4956 12.6803 12.5531 10.6988 10.113 4.7701 4.6961 4.2437 1.9238 1.9008 1.8819 1.7698 1.024 1.0229 0.9303 0.9296 0.929 0.9284 0.928 0.9275 0.8625 0.8608 0.8591 0.8577 0.7476 0.746 0.7446 0.6712 0.6704 0.6697 0.6592 0.6592 0.6591 0.6591 0.6893 0.6898 
9.9534 8.35 8.2956 5.4276 4.3928 4.3471 3.0822 3.0898 3.1006 3.7992 3.8355 4.8635 6.0582 7.3168 8.4125 9.3196 9.878 10.9677 11.6781 12.4865 14.1462 15.3307 16.1459 16.8045 17.8214 22.055 24.1103 24.2719 23.8717 24.3561 26.8458 27.8281 25.1324 22.7274 19.8715 19.539 14.4846 14.0262 13.6919 13.4635 12.6118 12.4548 10.6017 5.335 4.7663 4.6776 4.2184 1.924 1.8968 1.8751 1.147 1.0242 1.0229 0.9306 0.9298 0.9291 0.9284 0.9279 0.9274 0.8629 0.8609 0.8591 0.8574 0.7477 0.746 0.7444 0.6712 0.6703 0.6694 0.6591 0.659 0.659 0.6589 0.6891 0.6897 0.6902 
9.9593 9.9518 8.361 8.292 5.4293 4.3905 4.3271 3.0793 3.0901 3.1066 3.7921 3.8493 4.041 6.0603 7.3323 8.5357 9.4629 10.2577 10.9815 12.3662 12.774 13.6108 14.5195 16.1304 16.662 18.7003 22.8203 24.7206 24.0871 26.5428 30.734 27.2427 24.8867 20.4979 19.4399 15.1333 14.3234 13.7586 13.4013 12.4881 12.2936 10.4475 5.3343 4.7559 4.6483 2.2981 2.2637 1.8908 1.8655 1.1467 1.0245 1.0229 0.9311 0.9301 0.9292 0.9284 0.9278 0.9272 0.8633 0.8611 0.859 0.8572 0.7478 0.7459 0.7442 0.6711 0.6701 0.6692 0.6588 0.6588 0.6587 0.6587 0.6524 0.6895 0.6901 0.6907 
9.9667 9.9593 9.9495 8.3765 8.2864 5.4308 4.3407 4.2926 3.0741 3.0904 3.1183 3.7754 3.9782 4.1264 6.2935 7.4541 8.7196 9.5426 10.3436 11.5584 12.6567 12.8205 13.9048 15.0265 15.896 16.0872 20.5805 25.1882 25.5674 28.4835 30.4853 24.8075 22.175 20.3937 17.0339 14.966 13.8879 13.2696 12.2489 10.5527 5.8447 5.3234 5.0353 4.6014 2.2998 2.257 1.8816 1.8521 1.1463 1.0249 1.023 0.9316 0.9304 0.9294 0.9285 0.9277 0.927 0.9265 0.8613 0.8589 0.8569 0.748 0.7458 0.7439 0.671 0.6699 0.6689 0.6586 0.6585 0.6585 0.6519 0.6523 0.6894 0.69 0.6906 0.6912 
9.9757 9.9688 9.9593 9.9463 9.702 8.1381 6.1329 4.3338 4.1825 3.063 3.0902 3.2952 3.7314 3.9576 4.777 5.6389 7.5959 8.5267 9.5793 10.6518 12.0064 13.2036 13.9113 15.1621 15.5609 16.0198 16.2548 23.3424 25.145 24.0704 23.5441 20.3494 21.0186 21.6866 16.908 14.146 12.8247 11.7461 7.5047 5.8184 5.7043 4.9711 2.7275 2.2996 2.2456 1.8673 1.8328 1.1459 1.0255 1.0231 0.9323 0.9309 0.9296 0.9285 0.9276 0.9268 0.9262 0.8615 0.8589 0.8565 0.7481 0.7457 0.7435 0.6709 0.6697 0.6686 0.6583 0.6582 0.6582 0.6517 0.6521 0.6892 0.6899 0.6906 0.6912 0.6917 
10.5083 9.9808 9.9722 9.9595 9.9412 9.6939 7.6232 5.1644 4.3153 4.0567 3.0353 3.0866 3.3261 3.6553 3.6446 5.1065 4.6998 8.0094 8.1399 9.4189 10.5308 11.4081 13.6585 15.7439 16.8866 16.2948 17.743 20.3547 24.2349 23.1895 21.0034 16.0306 8.473 18.3722 13.8777 12.1715 7.6406 7.2598 5.7202 5.4311 4.8508 2.7294 2.295 2.2257 1.8446 1.1506 1.1453 1.0263 1.0233 1.0209 0.9315 0.9299 0.9285 0.9274 0.9265 0.9258 0.8619 0.8588 0.8561 0.7484 0.7456 0.7431 0.6708 0.6694 0.6681 0.6579 0.6579 0.6578 0.6515 0.652 0.689 0.6898 0.6905 0.6912 0.6917 0.853 
10.5129 10.5069 10.499 9.9777 9.9602 9.9325 9.6783 7.5285 5.4902 4.2588 3.3527 2.9526 3.049 3.3021 3.8541 4.5614 4.4332 5.4095 7.2963 8.7151 10.2066 11.3234 12.2043 14.9765 14.8829 16.693 17.9075 19.6911 22.1706 20.967 24.3003 13.2589 9.7601 11.5347 11.2283 6.8031 6.3496 5.4231 3.7909 3.2645 2.7222 2.3499 2.1903 1.2222 1.0893 1.1446 1.1395 1.0237 1.0207 0.9324 0.9303 0.9286 0.9272 0.9261 0.9253 0.8623 0.8587 0.8556 0.7487 0.7454 0.7426 0.6706 0.669 0.6677 0.6575 0.6574 0.6574 0.6047 0.6518 0.6887 0.6896 0.6904 0.6912 0.6918 0.853 0.988 
10.5191 10.5135 10.5057 10.4946 9.9876 9.9619 9.7025 9.041 6.6795 5.5905 4.8775 3.1288 3.0396 4.3671 5.1378 5.0492 4.7985 4.6389 5.1877 8.0663 10.3192 11.0501 12.1644 13.2319 14.7039 16.1599 21.2353 21.5979 24.0171 22.2659 28.6694 11.3808 7.5783 7.1673 6.0041 4.7683 4.1166 3.7946 3.2378 2.6857 2.2831 1.5566 1.1455 1.0901 1.1435 1.1369 1.0243 1.0204 0.9337 0.931 0.9288 0.927 0.9256 0.9246 0.8628 0.8586 0.855 0.749 0.7453 0.742 0.6704 0.6686 0.6671 0.657 0.657 0.6042 0.6046 0.6517 0.6522 0.6895 0.6904 0.6912 0.6919 0.8208 0.9881 1.053 
10.5268 10.5224 10.5156 10.5051 10.4887 10.0067 9.9665 9.684 9.0079 7.5618 5.7821 4.2462 4.5439 4.6644 4.5972 5.3224 5.4126 5.0176 4.9956 5.7436 8.9261 10.79 11.5158 12.6012 13.3056 17.2511 21.0721 19.299 23.157 16.6508 11.1488 6.9705 6.1137 5.2492 4.043 3.7367 3.484 3.0845 2.5531 1.9174 1.5444 1.15 1.0907 1.0827 1.1329 1.0252 1.0201 0.9356 0.932 0.9291 0.9268 0.925 0.9237 0.8635 0.8585 0.8543 0.7495 0.7451 0.7413 0.6702 0.6681 0.5842 0.5889 0.6564 0.604 0.6045 0.6515 0.6521 0.6893 0.6903 0.6912 0.692 0.8208 0.9881 1.1173 0.9438 
10.5361 10.5337 10.5293 10.5214 10.507 10.4808 10.434 9.9794 9.4334 8.7499 7.3486 4.6777 5.0198 4.8245 4.4029 5.45 5.5696 5.2242 4.8804 4.9951 6.0202 9.0421 11.4664 12.259 13.1023 14.4914 18.4541 20.6629 23.8057 9.9247 7.8755 5.8286 5.2751 5.0841 4.1881 3.0925 2.8352 2.0519 1.8262 1.4729 1.1594 1.0907 1.0782 1.0396 1.0267 1.0199 0.9388 0.9337 0.9296 0.9264 0.9241 0.8969 0.8643 0.8584 0.7547 0.7501 0.7448 0.6316 0.6698 0.6674 0.584 0.5885 0.6556 0.6038 0.6044 0.6512 0.6519 0.6891 0.6902 0.6912 0.6921 0.8209 0.9881 1.1173 0.944 0.9736 
10.5529 10.5535 10.5536 10.544 10.537 10.5189 10.4734 10.2246 9.8375 9.3909 7.7203 6.1766 5.6944 4.6706 4.6557 4.6062 5.0748 5.1731 5.0151 4.6302 5.1646 6.0863 9.757 10.7749 11.2595 18.9655 17.1325 12.0125 12.832 8.0746 6.6696 5.7531 4.66 4.1 4.0035 3.2197 2.0737 1.4984 1.4073 1.1822 1.1233 1.0668 1.0372 1.0349 1.0201 0.9443 0.9366 0.9304 0.9259 0.9228 0.8957 0.8673 0.8583 0.7556 0.7503 0.7445 0.6317 0.6283 0.5849 0.5836 0.5881 0.5874 0.6035 0.6042 0.651 0.6518 0.6889 0.6902 0.6913 0.8197 0.8211 0.9882 1.1174 0.975 0.9738 0.9726 
10.5611 10.5643 10.5682 10.6335 10.6366 10.6377 10.6246 10.4867 10.1834 9.283 8.2193 7.4876 6.1833 5.375 4.7606 4.9435 5.27 5.186 5.1152 4.941 4.5665 5.6067 8.2282 10.046 16.0322 28.568 24.4672 10.4259 8.5135 7.174 6.091 5.3145 4.5511 3.8627 3.304 2.2656 1.6452 1.2812 1.2328 1.1384 0.9829 0.9813 1.0296 0.9736 0.98 0.9418 0.9321 0.9252 0.8978 0.8937 0.8656 0.7718 0.7566 0.7502 0.6615 0.6318 0.6276 0.5846 0.5831 0.5875 0.5352 0.6032 0.604 0.6507 0.6516 0.6886 0.6901 0.6914 0.8197 0.8212 0.9883 1.1174 0.9753 0.9739 0.9726 1.0535 
10.5094 10.5153 10.5231 10.534 10.5505 10.5783 10.6369 10.874 10.2166 9.5704 8.7816 8.0585 6.7044 5.7319 4.8893 4.8547 5.2445 4.948 5.1988 5.0058 3.9133 4.6593 7.7765 11.127 14.2418 16.0628 11.5589 8.532 7.4638 6.5439 5.6403 4.8264 4.1707 3.1274 2.9023 2.0753 1.1644 0.8568 0.7129 0.9208 0.9309 1.0145 1.0075 0.9918 0.9524 0.9355 0.9241 0.8957 0.8904 0.8627 0.7698 0.758 0.7498 0.6381 0.6317 0.6266 0.5842 0.5824 0.5866 0.5354 0.6028 0.6038 0.6503 0.6514 0.6524 0.69 0.6915 0.8197 0.8215 0.9884 1.1174 0.9757 0.9741 0.9726 1.0532 1.0519 
10.5078 10.5132 10.5204 10.5304 10.5452 10.5694 10.6139 10.5299 10.0278 10.1388 9.8233 8.2481 7.1491 6.9661 6.0664 4.7079 5.3356 5.3298 5.0749 4.5362 3.3456 5.0638 9.7497 13.0206 11.1706 9.6494 8.1812 7.177 6.8611 5.8749 5.1624 4.1529 2.8467 2.6217 1.9464 1.5608 1.0228 0.7863 0.7398 0.8768 0.9567 1.0678 1.0253 0.9908 0.9427 0.9219 0.8915 0.8844 0.8075 0.7711 0.7676 0.7492 0.6387 0.6314 0.5461 0.5429 0.5814 0.5148 0.5356 0.6022 0.6034 0.6045 0.6512 0.6523 0.69 0.6917 0.8197 0.9863 0.9885 1.1175 0.9761 0.9743 0.9726 1.053 1.0514 1.0501 
10.505 10.5094 10.515 10.5219 10.5306 10.3928 10.3837 10.4853 10.1888 9.9117 10.445 9.9804 8.9307 7.3268 7.7056 7.6059 6.3499 6.1692 5.3753 3.9521 3.9214 11.5438 17.9623 15.8077 11.0774 8.8438 7.6527 6.1709 5.1087 5.3354 4.0701 3.4517 2.211 1.499 1.452 1.1547 0.8417 0.7129 0.7639 0.8945 0.9904 1.0685 1.0109 0.9685 0.9182 0.883 0.8177 0.8074 0.8009 0.7623 0.6811 0.6392 0.6306 0.546 0.5422 0.5799 0.5151 0.5358 0.536 0.603 0.6042 0.6509 0.6522 0.69 0.7464 0.8198 0.9862 0.9887 1.1175 0.9767 0.9746 1.0546 1.0526 1.0509 1.0611 1.0601 
10.5014 10.5044 10.506 10.5074 10.3593 10.5225 10.5069 10.1458 10.0344 10.1568 9.9455 10.3252 10.3131 9.0894 9.2929 9.185 8.2086 6.9929 7.1366 4.7332 8.3618 24.3173 18.0947 12.9304 10.271 8.9863 6.7136 5.8722 4.4854 3.9332 2.6735 2.4087 1.4914 0.7035 0.6127 0.4591 0.6236 0.7429 0.8523 0.9352 1.0004 0.9997 0.9853 0.9028 0.8561 0.8302 0.8045 0.7969 0.7592 0.6844 0.6392 0.5525 0.5454 0.5408 0.5144 0.5155 0.5162 0.5362 0.6023 0.604 0.6505 0.6522 0.69 0.7464 0.82 0.882 0.9889 1.1176 0.9774 0.975 1.0545 1.0523 1.0503 1.0604 1.0592 0.8597 
10.4949 10.4954 10.5081 10.3442 10.5147 10.5079 10.4643 10.0202 10.2284 10.1405 10.3969 10.5954 10.4432 10.5492 10.1223 9.5577 8.9129 10.5782 9.961 11.8658 16.4058 21.1169 12.6067 10.796 9.2653 7.9124 6.9913 4.7287 3.6966 3.5737 2.5397 1.324 1.0325 0.4453 0.3551 0.4006 0.7311 0.8663 0.9728 0.9658 0.9564 0.9131 0.8961 0.8558 0.8255 0.7839 0.7519 0.7281 0.6635 0.6377 0.5525 0.5435 0.5381 0.4764 0.5158 0.5168 0.5365 0.6014 0.6035 0.6502 0.6522 0.6699 0.7464 0.7484 0.8821 0.9892 1.1177 0.9784 0.9755 1.0545 1.0519 1.0497 1.0595 0.8607 0.8591 0.8576 
10.5013 10.3375 10.5121 10.5102 10.5066 10.4724 10.0356 10.2512 10.2397 10.4683 10.512 10.8575 10.8506 10.8677 10.65 10.3411 10.6224 10.4332 17.2215 19.8117 15.0807 12.6346 11.2964 10.1575 8.6841 7.2171 5.7066 4.4698 3.1462 2.1382 1.1283 0.6434 0.5604 0.3463 0.3918 0.5891 0.9625 0.9141 0.8198 0.8288 0.8126 0.863 0.813 0.7689 0.7668 0.7786 0.7176 0.6631 0.595 0.5494 0.5387 0.4941 0.4788 0.516 0.5174 0.5369 0.6001 0.6029 0.6497 0.6522 0.7075 0.7465 0.8799 0.8823 0.9896 1.1178 0.9796 0.9761 1.0545 1.0515 1.0488 1.0585 0.8601 0.8583 0.8567 1.6992 
10.3322 10.5086 10.5073 10.4891 10.2136 10.0364 10.2604 10.2563 10.4857 10.5723 10.7639 10.8649 10.9066 11.1758 11.8526 11.4457 10.9753 14.4339 22.5657 17.276 12.9322 11.9711 10.1251 8.4754 7.8152 6.6165 4.9449 3.8465 2.1917 1.0402 0.5739 0.0904 0.2932 0.4338 0.7836 0.8963 1.0624 0.89 0.8114 0.8062 0.7703 0.7333 0.7564 0.7139 0.6408 0.6509 0.6246 0.5786 0.5379 0.5281 0.495 0.4825 0.4827 0.5182 0.5373 0.5378 0.602 0.6491 0.6524 0.7074 0.7468 0.8796 0.8825 1.0322 1.1179 1.2326 1.0589 1.0546 1.0509 1.0594 1.0573 0.8594 0.8573 0.8555 1.6974 1.7033 
10.5062 10.5053 10.4866 10.2122 10.0369 10.265 10.2627 10.491 10.5699 10.6171 12.7245 12.941 13.5387 16.1469 15.7146 12.8396 19.2111 23.5655 18.5982 14.4533 11.38 9.6863 8.8083 8.2572 6.842 5.8161 4.289 2.3087 1.7673 0.5024 0.2136 0.2322 0.4593 0.7385 0.9361 0.8735 0.8733 0.8128 0.784 0.7633 0.7276 0.7113 0.6331 0.6055 0.5852 0.5718 0.5302 0.507 0.4827 0.4944 0.4893 0.4893 0.5191 0.5376 0.5384 0.6005 0.6049 0.6529 0.7074 0.7472 0.8793 0.8829 1.0321 1.118 1.2327 1.0601 1.0548 1.0504 1.0583 1.0861 0.8585 0.8561 0.8541 1.6954 1.7022 3.8234 
10.5037 10.4849 10.2111 10.0373 10.2676 10.2654 10.4931 10.5692 12.5528 13.248 13.4423 13.8581 14.4898 15.7416 14.393 13.4549 21.6456 26.6452 15.0303 11.9106 10.0014 8.959 7.5438 6.598 5.7667 4.9461 3.5882 1.3553 0.6354 0.1191 0.3539 0.57 0.7816 0.9805 0.9247 0.8354 0.8109 0.7915 0.733 0.7198 0.7003 0.6464 0.5697 0.5521 0.5493 0.5363 0.5055 0.4382 0.4631 0.5032 0.5053 0.521 0.5375 0.539 0.598 0.6046 0.6448 0.7076 0.7898 0.8788 0.8836 1.032 1.1382 1.2329 1.0618 1.0552 1.0497 1.0872 0.8607 0.8573 0.8546 1.6846 1.6934 1.7011 3.8219 7.3913 
10.4836 10.2104 10.0375 10.3498 10.2666 10.5762 10.5684 12.6578 13.3507 13.4887 13.7547 14.6159 14.8395 14.9522 15.5029 15.1037 17.7426 17.0854 11.9581 10.7298 9.468 7.5906 6.8525 6.1419 4.9477 3.8518 2.7671 0.5372 0.3389 0.3446 0.6965 0.797 0.9243 0.9288 0.8463 0.8097 0.7859 0.7737 0.7314 0.7063 0.6593 0.618 0.5662 0.5089 0.4924 0.5089 0.4343 0.4042 0.4493 0.5553 0.5257 0.5359 0.5388 0.5418 0.6365 0.6453 0.7083 0.7892 0.8782 0.8847 1.0318 1.139 1.2331 1.0644 1.0559 1.0489 1.0854 0.8598 0.8558 0.8526 1.681 1.6912 1.7 3.8212 7.3748 7.4855 
10.2098 10.0376 10.3523 10.2672 10.5789 12.6055 12.7109 13.1753 13.488 14.2582 14.5019 14.6012 15.7216 16.4113 16.2361 15.7702 15.9779 12.9017 11.4469 9.2799 7.8116 7.2329 5.9904 5.0244 4.3187 3.383 1.1544 0.4636 0.492 0.543 0.5881 0.8139 0.8567 0.8043 0.8057 0.7693 0.7282 0.7261 0.7175 0.705 0.6451 0.5709 0.5563 0.4808 0.4086 0.3804 0.3982 0.3849 0.3994 0.4827 0.5156 0.5348 0.5443 0.6308 0.6466 0.7101 0.7885 0.8775 0.8867 1.0314 1.1402 1.2335 1.0684 1.0571 1.0893 1.0832 0.8586 0.8537 0.85 1.6769 1.6889 3.7828 3.8216 3.8547 7.4826 8.7751 
10.0377 10.3539 10.2675 10.5804 12.6534 13.0857 13.1762 14.1566 14.2335 14.3371 15.5969 15.6772 16.5498 16.4704 15.3378 15.1634 14.4403 12.3245 10.2303 9.0933 7.372 6.4417 5.8436 4.8191 3.4399 2.3621 0.9793 0.4213 0.4225 0.491 0.5484 0.7232 0.7656 0.7314 0.7314 0.7242 0.7125 0.6639 0.6512 0.6374 0.5708 0.5346 0.4971 0.3859 0.3337 0.3286 0.3334 0.3334 0.3954 0.435 0.5168 0.5534 0.6202 0.6491 0.7113 0.7876 0.7967 1.0168 1.0306 1.1513 1.2341 1.2369 1.0593 1.0884 1.0802 0.8569 0.8508 0.8464 1.6722 1.6865 3.7786 3.8238 6.1004 7.4801 9.6681 12.3297 
10.355 10.3304 12.6311 12.6837 13.1014 13.1724 14.1613 14.2166 14.288 15.5973 15.6537 15.7254 15.9938 15.1448 14.9961 13.7943 12.3252 10.4508 9.336 8.241 6.3684 6.0502 5.3209 4.2926 3.4686 1.5319 0.245 0.347 0.3834 0.6728 0.6811 0.7235 0.7245 0.7242 0.7242 0.7036 0.6552 0.6427 0.6151 0.5645 0.5128 0.4575 0.4202 0.3598 0.2752 0.2723 0.2763 0.3219 0.3738 0.4374 0.5092 0.5859 0.6417 0.7171 0.7873 0.8025 0.9147 1.0303 1.1529 1.2351 1.239 1.0634 1.0877 1.0763 0.8543 0.8467 1.6459 1.6668 3.711 3.7756 3.829 6.1076 9.5488 9.6739 12.3347 11.6649 
10.3315 12.6584 12.7034 13.1103 14.1302 14.1628 14.2044 15.5674 15.5987 15.6398 15.6921 15.9957 15.9179 14.9374 13.73 12.4394 11.9459 9.0786 8.4322 6.7911 6.2087 5.3278 4.4699 3.9621 1.9815 0.3919 0.3323 0.5737 0.6432 0.7209 0.6757 0.6819 0.7208 0.7014 0.6879 0.7195 0.6452 0.5962 0.5694 0.5361 0.4317 0.3783 0.3303 0.2377 0.216 0.1955 0.284 0.3399 0.4021 0.4674 0.5677 0.6618 0.749 0.7911 0.8738 0.9172 1.0328 1.1559 1.2372 1.3266 1.0714 1.0877 0.8649 0.8502 0.8404 1.6339 1.6607 3.6959 3.775 3.8387 6.1212 9.5349 9.6824 10.2609 11.6925 11.8045 
12.6777 13.0773 13.1152 14.1365 14.1627 14.1952 15.5755 15.5998 15.6309 15.6698 15.9946 15.9388 14.9087 13.6825 13.0153 12.2021 8.9976 8.6473 7.2226 6.2261 5.4934 5.0615 3.5595 2.0066 1.4656 0.7901 0.5897 0.6827 0.7169 0.7131 0.66 0.6539 0.6657 0.6492 0.6474 0.6317 0.5722 0.5593 0.5307 0.444 0.3941 0.3253 0.227 0.1781 0.1464 0.1768 0.2179 0.3781 0.5062 0.5906 0.6385 0.7348 0.788 0.843 0.9179 1.0396 1.1621 1.2426 1.3275 1.1293 1.0898 0.8649 0.8433 0.8303 1.6182 1.6536 3.6801 3.779 3.8562 6.145 9.5192 9.6948 10.2926 11.7278 14.1254 13.3847 
13.0856 13.1178 14.1404 14.1619 14.1879 15.5811 15.6005 15.6247 15.6545 15.993 15.9517 14.225 13.6505 13.0387 12.3163 8.9599 8.7646 7.2693 6.3499 5.2395 4.5284 3.9508 2.1605 1.5951 0.9115 0.5144 0.6715 0.691 0.6857 0.6677 0.6508 0.6223 0.6164 0.5977 0.5891 0.5621 0.5524 0.5293 0.4593 0.4065 0.3464 0.2432 0.1868 0.1177 0.0884 0.13 0.2904 0.4269 0.5359 0.6209 0.6915 0.7683 0.811 0.9044 0.996 1.1821 1.2758 1.3318 1.3309 1.0997 0.8655 0.8306 0.8128 1.6056 3.4988 3.6654 3.7922 6.0589 6.1854 9.502 9.7131 10.3351 14.0919 14.1348 13.4066 13.4038 
13.119 14.1428 14.1608 14.1821 15.585 15.6008 15.6202 15.6437 15.9914 15.96 14.1979 13.6283 13.045 12.9091 8.939 8.8189 7.2792 6.4226 5.0774 4.9062 3.9103 2.7546 1.8259 1.0722 0.4803 0.5292 0.6095 0.6507 0.6474 0.6396 0.6156 0.5717 0.5675 0.5576 0.535 0.5339 0.4923 0.4794 0.4486 0.3445 0.2699 0.2249 0.1113 0.0876 0.1156 0.2181 0.3404 0.5005 0.585 0.6749 0.7594 0.8444 0.9672 1.0433 1.2005 1.3435 1.3525 1.3401 1.1377 0.8709 0.8039 1.4711 1.5704 3.4244 3.6563 3.8235 6.1017 6.2539 9.4847 9.7406 10.3931 14.0919 14.1452 13.4328 18.9588 18.9013 
14.1443 14.1595 14.1773 15.5879 15.601 15.6168 15.6357 15.9899 15.9653 15.9349 13.6121 13.0451 12.9502 8.9259 8.8457 7.2844 6.4585 5.0002 4.8857 3.1145 2.2138 1.9078 1.1981 0.893 0.7671 0.7248 0.6533 0.6474 0.6474 0.6207 0.5622 0.5619 0.5614 0.552 0.5012 0.4807 0.4789 0.3923 0.3316 0.304 0.2213 0.1214 0.0822 0.1335 0.1831 0.2471 0.399 0.5743 0.6477 0.7399 0.8731 1.03 1.1013 1.175 1.284 1.3576 1.3708 1.1797 0.9297 0.7376 1.326 1.5095 3.3234 3.6653 3.8936 5.9904 6.1703 9.4714 9.7825 10.4732 14.0887 14.1563 13.4649 18.9449 18.8739 18.8182 
14.1582 14.1733 15.5899 15.601 15.6142 15.6297 15.9886 15.9689 15.945 13.5999 13.0427 12.9731 8.9172 8.8601 7.2881 6.4776 4.9652 4.8876 2.8548 2.1422 1.9657 1.0382 0.9709 0.8021 0.6887 0.6453 0.6477 0.6474 0.6378 0.5817 0.5616 0.5612 0.5571 0.5348 0.4894 0.4546 0.4009 0.3316 0.2843 0.215 0.1292 0.0837 0.1238 0.1992 0.2934 0.4831 0.4951 0.5895 0.7196 0.7618 1.0012 1.0914 1.157 1.2409 1.1537 1.1625 1.3667 1.1976 0.7324 0.9038 1.3752 3.1881 3.7314 5.7818 6.1354 6.3513 9.0598 9.8477 10.5845 14.08 19.6156 19.6377 18.9335 18.8441 18.7752 18.7234 
14.1699 15.5915 15.601 15.6121 15.625 15.9876 15.9714 15.9521 13.0812 13.0395 12.9864 8.9109 8.8684 7.291 5.8624 4.9485 4.8937 2.7938 2.1146 2.0087 1.0211 0.9761 0.9034 0.7297 0.6357 0.6093 0.6058 0.6407 0.6141 0.5601 0.5598 0.5515 0.5124 0.4991 0.4774 0.3655 0.3167 0.2867 0.2104 0.1645 0.1256 0.136 0.1833 0.248 0.3807 0.5082 0.6237 0.671 0.7797 0.9019 1.0154 1.1615 1.1695 1.175 0.8279 0.5584 0.7992 0.3191 0.3064 1.2505 3.1126 3.9983 6.0074 6.4546 9.0872 9.2776 9.9513 13.4016 18.2586 19.6024 19.623 18.9276 18.812 18.7249 18.6611 18.6161 
15.5927 15.6009 15.6103 15.6213 15.9866 15.9732 15.9573 13.7204 13.0361 12.9943 10.5526 8.6305 7.2934 5.8526 4.9403 3.866 2.7663 2.104 1.8223 1.0027 0.9757 0.9332 0.7225 0.693 0.6338 0.5882 0.5816 0.5426 0.5606 0.4976 0.5243 0.4914 0.4499 0.4377 0.3607 0.29 0.2448 0.2163 0.1783 0.1614 0.1242 0.1754 0.1932 0.3293 0.5152 0.5798 0.6555 0.7504 0.8305 1.0288 1.0982 1.0911 0.8273 0.6005 0.9312 0.7622 0.8397 1.5859 3.2109 4.6463 6.2684 8.6191 9.2303 9.5379 9.6764 12.6807 19.0998 18.2591 19.6051 19.6195 18.9333 18.7789 18.6655 18.5851 18.5305 18.4957 
15.6007 15.6089 15.6183 15.9858 15.9745 15.9612 13.7136 13.0328 12.9991 10.5613 8.6295 7.2953 5.847 4.9361 3.028 2.961 1.8817 1.8246 0.994 0.9761 0.9498 0.7217 0.7081 0.6876 0.5885 0.5767 0.536 0.5015 0.4896 0.4435 0.4767 0.4425 0.3929 0.3434 0.3189 0.2618 0.1878 0.1777 0.1775 0.1774 0.1857 0.2051 0.3096 0.3989 0.5318 0.6389 0.7391 0.8129 0.9449 1.0352 0.9981 0.8961 0.7733 0.883 1.4699 1.4878 1.9137 3.71 6.2408 7.3481 11.2482 11.8261 12.0311 12.1204 12.1621 18.7369 18.286 19.6467 19.6436 18.962 18.7474 18.5947 18.4905 18.423 18.3829 18.3626 
15.6077 15.6158 15.9851 15.9754 15.9642 13.7081 13.0297 13.0019 12.3861 8.6289 7.2969 5.8439 4.0986 3.0131 2.9601 1.8705 1.8275 0.9896 0.9769 0.9594 0.7209 0.7132 0.7019 0.6243 0.5617 0.5376 0.5338 0.4854 0.4725 0.4338 0.4067 0.3498 0.3296 0.3218 0.2783 0.2283 0.1775 0.1799 0.1833 0.2111 0.2564 0.289 0.3858 0.4728 0.6621 0.7383 0.7938 0.8627 0.9698 0.9777 0.7788 0.755 1.1643 1.2974 1.4945 2.4899 4.4473 6.4766 9.6055 12.0854 12.3266 12.3932 12.3653 12.3505 18.0991 19.5141 19.785 19.7369 19.0386 18.7242 18.5096 18.3699 18.2848 18.2383 18.2189 18.2179 
15.6137 15.9845 15.9761 15.9665 13.7036 13.0268 12.4373 12.3938 8.6285 5.8717 5.8422 4.0879 3.0038 2.9611 1.864 0.994 0.9871 0.9777 0.9653 0.7203 0.7154 0.7086 0.6305 0.5614 0.5544 0.5333 0.4998 0.4665 0.4311 0.4069 0.3701 0.3236 0.3058 0.2878 0.2572 0.2241 0.2141 0.1816 0.2179 0.2884 0.3397 0.4017 0.5682 0.6467 0.7241 0.791 0.8694 0.8913 1.0021 0.9608 0.8 0.8622 1.0949 1.3173 2.0574 4.8796 9.337 11.1622 13.3865 14.4299 13.7167 12.4524 12.7517 16.5199 19.3139 19.6861 20.0192 19.2203 18.725 18.4066 18.2119 18.1017 18.0483 18.0324 18.0407 18.064 
15.9839 15.9766 15.9683 13.6999 13.0242 12.4362 12.3994 8.6283 5.8663 5.8413 3.0268 2.998 2.9629 1.8601 0.9912 0.9857 0.9784 0.9692 0.7199 0.7166 0.712 0.6338 0.5609 0.5566 0.5368 0.4761 0.4319 0.4267 0.3905 0.3623 0.3248 0.2879 0.2871 0.2789 0.2316 0.2259 0.2387 0.2598 0.2794 0.3339 0.5188 0.5615 0.605 0.7489 0.7967 0.8264 0.8884 0.9999 1.1192 1.0122 0.8137 0.9661 1.379 2.6928 3.7619 5.8955 10.0818 12.926 15.0113 14.9712 15.1774 12.2973 14.6401 18.8863 20.6928 20.9039 19.6686 18.7876 18.281 17.9977 17.8517 17.7915 17.7846 17.8097 17.8527 17.905 
15.977 15.9697 13.6967 13.0218 12.4349 12.4034 9.7233 7.1647 4.7757 3.0189 2.9944 1.8758 1.8577 0.9893 0.9848 0.9791 0.9719 0.7197 0.7172 0.714 0.6356 0.6305 0.5576 0.5536 0.4757 0.4709 0.4255 0.3869 0.3614 0.3226 0.3097 0.2872 0.2872 0.2627 0.2009 0.2603 0.3189 0.3003 0.3737 0.4281 0.5445 0.658 0.7409 0.8616 0.8712 0.9193 1.0187 1.0426 1.0189 0.6775 0.5426 0.9555 1.5005 3.4463 5.99 8.5299 10.5438 12.669 14.5352 12.5871 12.9394 12.7166 17.5865 22.9061 24.0285 21.3951 19.0198 18.1237 17.6966 17.5017 17.4365 17.4479 17.5023 17.5778 17.6615 17.7463 
15.9709 13.6941 13.0196 12.4337 12.4064 9.7278 7.164 4.7702 3.0132 2.992 1.8716 1.8564 0.988 0.9843 0.9796 0.974 0.7195 0.7176 0.7152 0.6367 0.633 0.5581 0.5554 0.5079 0.4721 0.4247 0.4003 0.3612 0.3531 0.3158 0.3016 0.2816 0.2896 0.2728 0.2652 0.3138 0.3734 0.3977 0.5108 0.5585 0.6118 0.7379 0.8236 0.8648 0.9834 1.0108 1.0692 0.847 0.6252 0.7219 0.65 1.1223 2.068 4.8656 7.5446 8.7299 10.2589 11.7546 11.3333 11.4286 11.9478 16.1108 22.6038 30.058 29.5207 20.5563 18.0388 17.2684 17.017 16.9502 16.9865 17.087 17.2149 17.3482 17.4763 17.5951 
15.9655 13.6864 12.4325 12.4086 9.7312 7.1636 4.7662 3.009 2.9906 1.8687 1.8556 0.9871 0.9839 0.9801 0.9755 0.7193 0.7179 0.716 0.6374 0.6346 0.5584 0.5564 0.5086 0.4726 0.4038 0.4004 0.3608 0.356 0.3174 0.3059 0.2797 0.3006 0.3151 0.3406 0.4262 0.3971 0.4622 0.5303 0.5419 0.6414 0.7486 0.9511 0.9331 0.9515 1.0656 1.074 1.0819 0.9666 0.7006 0.7365 0.5082 1.288 3.2476 5.9397 6.9011 8.734 11.1954 10.0996 10.2289 10.8258 16.7711 21.3339 31.798 37.7106 40.5095 18.4948 16.3237 16.3171 16.4444 16.3938 16.5261 16.7307 16.9413 17.1355 17.3081 17.4595 
13.685 12.4313 12.4103 9.7339 7.1633 3.0199 3.0059 2.9898 1.8666 1.8552 0.9865 0.9837 0.9805 0.9767 0.7192 0.718 0.7166 0.6379 0.6357 0.5585 0.557 0.5089 0.5064 0.4497 0.4003 0.3605 0.3574 0.3102 0.3077 0.2789 0.3051 0.3093 0.3354 0.4053 0.4651 0.5648 0.6152 0.6414 0.6526 0.7899 0.8856 0.9999 0.9913 1.0107 1.0646 1.0703 1.0312 0.7376 0.7151 0.6588 0.5881 1.5588 3.4141 4.7303 6.6936 7.9039 9.8418 8.9102 9.7498 15.1862 23.9501 28.6227 29.7252 33.9412 31.7502 15.4524 12.2079 18.5816 16.0308 15.7756 16.0737 16.4094 16.7062 16.9573 17.1687 17.3478 
12.4302 12.4115 9.7361 4.782 3.0161 3.0036 1.8736 1.865 1.8551 0.986 0.9836 0.9809 0.9777 0.7191 0.7182 0.717 0.6382 0.6364 0.5586 0.5574 0.5091 0.5072 0.4499 0.4002 0.3601 0.358 0.3102 0.3086 0.3135 0.3066 0.3093 0.3915 0.4062 0.4929 0.5737 0.6311 0.6978 0.8362 0.8992 0.9024 0.9828 1.0474 1.0051 1.0559 1.1052 1.0882 1.1224 0.9999 0.7636 0.9895 1.3638 2.1156 2.8132 4.5776 5.3615 9.3464 20.1888 15.2351 14.1335 22.6725 27.2639 30.6994 26.8546 28.6681 25.0855 16.6925 12.6573 8.8717 13.8886 15.0437 15.6958 16.171 16.5384 16.831 17.0695 17.2672 
12.4124 9.7378 4.7784 3.0131 3.0019 1.8716 1.8639 0.9874 0.9856 0.9836 0.9812 0.9785 0.7191 0.7183 0.7173 0.7161 0.6369 0.5586 0.5577 0.5566 0.5077 0.4501 0.4 0.3599 0.3584 0.3102 0.3091 0.3146 0.3071 0.3695 0.3763 0.4051 0.5863 0.6045 0.6647 0.7321 0.7576 0.8474 0.964 1.0381 1.1139 1.1177 1.0593 1.1449 1.1591 1.1722 1.2161 1.0714 0.6629 1.3423 2.0799 2.5009 3.9072 7.1631 11.8012 11.5952 25.9241 19.5503 17.8994 21.3008 24.9039 28.1151 26.0551 27.6974 26.8771 16.4719 13.3512 11.9468 13.4755 14.772 15.5456 16.0715 16.4633 16.77 17.0179 17.2226 
9.7392 4.7755 3.0108 3.0007 1.87 1.8631 0.9869 0.9854 0.9836 0.9815 0.9792 0.719 0.7183 0.7175 0.7166 0.6373 0.5586 0.5579 0.557 0.508 0.4501 0.3999 0.3904 0.3585 0.3101 0.3093 0.3152 0.3165 0.3724 0.4642 0.4747 0.5971 0.6099 0.7218 0.8079 0.8077 0.8352 1.01 1.0696 1.0932 1.2108 1.1593 1.1084 1.1433 1.1605 1.1682 0.9649 0.5346 0.3757 2.164 3.587 3.0105 3.7565 20.8999 28.0459 22.8879 25.4991 20.0003 16.9275 16.2602 15.3106 22.285 24.3405 26.8836 21.0793 15.9984 14.9555 14.1587 14.4488 15.097 15.6741 16.1287 16.4879 16.7776 17.0159 17.2151 
4.7732 3.0089 2.9997 1.8687 1.8625 0.9866 0.9852 0.9836 0.9817 0.9797 0.719 0.7184 0.7177 0.7169 0.6376 0.6365 0.558 0.5573 0.5083 0.5071 0.4484 0.3905 0.3505 0.3101 0.3095 0.3156 0.3166 0.3739 0.4693 0.4776 0.6009 0.717 0.729 0.8312 0.8415 0.9222 0.9758 1.068 1.1801 1.2436 1.2701 1.2423 1.1612 1.1374 1.1672 1.0371 0.6338 1.8715 3.5342 3.896 4.3364 3.448 3.9048 17.1473 26.4277 26.2959 23.0198 19.1572 13.8259 14.4003 14.398 18.3601 21.6106 22.7119 21.7513 14.5809 12.4804 15.4329 15.3779 15.6325 15.9752 16.3054 16.596 16.8455 17.0589 17.2421 
3.0074 2.999 1.8677 1.8621 0.9863 0.985 0.9836 0.982 0.9802 0.7189 0.7184 0.7178 0.7171 0.6378 0.6369 0.5581 0.5575 0.5084 0.5075 0.4487 0.3905 0.3505 0.3493 0.3096 0.3158 0.3166 0.4762 0.472 0.5743 0.7168 0.7228 0.7317 0.8411 0.8494 0.9502 0.97 1.079 1.1891 1.2543 1.3126 1.3902 1.3862 1.3163 1.1991 1.2258 0.7628 1.1401 4.4044 6.6131 7.0943 4.9197 2.5906 2.1394 13.0976 19.9179 23.0991 24.7356 25.1725 11.4084 9.9555 16.0707 17.4716 19.8841 21.2792 21.398 21.1808 14.2526 12.698 16.0957 16.1567 16.3314 16.5447 16.7586 16.9578 17.1376 17.2978 
1.8715 1.8669 1.8618 0.986 0.9849 0.9836 0.9822 0.9806 0.7189 0.7184 0.7179 0.7173 0.638 0.6372 0.5581 0.5576 0.5086 0.5077 0.4489 0.3906 0.3505 0.3495 0.3096 0.3159 0.3166 0.4783 0.4734 0.5756 0.721 0.7258 0.8418 0.8456 0.8516 0.9619 0.9731 1.076 1.1976 1.2254 1.3128 1.4005 1.4295 1.4334 1.3411 1.2729 1.2106 2.5257 4.2703 6.1671 8.6263 9.5865 8.0225 4.8822 3.2216 12.0573 12.5882 16.1538 15.7914 31.3105 17.6772 13.3032 14.134 16.4597 18.9756 20.2995 21.107 20.4223 14.6767 14.2704 12.8845 16.6064 16.677 16.8012 16.9473 17.0969 17.2408 17.3751 
1.8662 1.8616 0.9858 0.9848 0.9836 0.9824 0.9809 0.7189 0.7185 0.718 0.7175 0.6381 0.6374 0.5582 0.5577 0.5086 0.5079 0.449 0.3906 0.3896 0.3496 0.3097 0.316 0.4767 0.4797 0.5725 0.5762 0.7235 0.7274 0.8448 0.8478 0.8523 0.9677 1.0647 1.0751 1.092 1.282 1.3027 1.377 1.4292 1.4674 1.4914 1.4215 1.3483 1.6002 5.7271 6.0393 6.3559 10.0478 11.2621 8.4292 6.8 5.1173 3.1446 11.2801 9.6141 3.3086 13.1318 16.6754 15.3423 15.0817 15.5023 17.6933 19.7184 20.5098 20.5267 15.7947 12.2153 12.9671 13.013 16.9862 17.0489 17.1414 17.2479 17.3582 17.4665 
1.8614 0.9857 0.9847 0.9837 0.9825 0.9813 0.7189 0.7185 0.7181 0.7176 0.6382 0.6376 0.5582 0.5578 0.5087 0.5081 0.4492 0.3905 0.3897 0.3497 0.3097 0.3161 0.478 0.4805 0.5734 0.7225 0.725 0.7283 0.8466 0.849 0.9676 0.9708 1.0684 1.0751 1.0852 1.2837 1.2955 1.3756 1.4268 1.4764 1.4916 1.4981 1.5749 1.6109 2.3475 7.002 6.0802 6.387 8.3106 7.1135 7.7957 6.7189 6.5499 3.2473 11.1059 10.7838 11.395 12.6665 15.0046 15.2963 15.4546 15.6976 16.0673 18.3277 20.1283 14.1119 15.9249 12.2781 12.2597 13.0601 13.1001 17.2753 17.3284 17.4 17.4811 17.5657 
0.9856 0.9847 0.9837 0.9827 0.9815 0.7188 0.7185 0.7181 0.7177 0.6383 0.6377 0.5582 0.5579 0.5575 0.5082 0.5076 0.4484 0.3898 0.3497 0.3382 0.4102 0.4788 0.481 0.574 0.7239 0.7261 0.7288 0.8477 0.8497 0.9702 0.9727 1.0707 1.0753 1.0819 1.2847 1.2919 1.3765 1.4252 1.481 1.4876 1.4987 1.4866 1.5468 1.5933 2.1398 3.2563 4.2978 4.8501 2.5092 5.2362 6.3236 5.7692 4.6708 4.0144 9.6245 12.1357 12.1758 13.7812 14.7477 15.1701 15.5194 15.7778 16.0669 16.3688 18.6875 14.0393 12.2778 12.3683 12.3018 12.2941 13.1281 13.161 17.5018 17.5466 17.6036 17.6675 
0.9847 0.9838 0.9828 0.9818 0.7188 0.7185 0.7182 0.7178 0.6383 0.6379 0.6373 0.5579 0.5576 0.5083 0.5078 0.4485 0.3899 0.3498 0.3383 0.411 0.4794 0.4813 0.5744 0.7248 0.7267 0.8471 0.8484 0.8501 0.9718 0.9739 1.0722 1.0756 1.0802 1.2852 1.2901 1.377 1.4243 1.43 1.4868 1.4926 1.4865 1.5609 1.7776 1.9981 2.7802 3.0973 3.5251 3.5129 3.9354 6.2131 6.3414 5.9775 5.4502 4.2168 8.6237 10.549 13.569 14.5175 14.9199 15.1937 15.5403 15.8082 16.0638 16.3157 16.5536 13.9886 13.9579 12.3296 11.5018 12.3227 13.1554 13.1783 13.2052 17.6838 17.7217 17.7682 
0.9838 0.983 0.982 0.7188 0.7185 0.7182 0.7179 0.6384 0.638 0.6375 0.558 0.5577 0.5084 0.5079 0.4487 0.39 0.3498 0.4323 0.4336 0.4798 0.573 0.7241 0.7255 0.7271 0.8478 0.8489 0.8503 0.973 0.9747 1.0732 1.0758 1.1518 1.2856 1.289 1.3772 1.3809 1.4275 1.4867 1.4901 1.4808 1.5654 1.8298 2.1148 2.2657 2.624 3.1426 2.8022 2.7133 3.1724 3.2844 4.2358 4.6308 4.5767 3.5156 8.178 10.1658 10.9707 11.6227 15.1557 15.3051 15.5877 15.8361 16.0657 16.2843 16.4898 13.1363 13.9477 12.2982 12.3705 11.5187 12.3393 13.1973 13.2163 13.2383 17.833 17.8654 
0.9831 0.9822 0.7188 0.7185 0.7183 0.718 0.7177 0.638 0.6376 0.558 0.5578 0.5084 0.5081 0.4488 0.39 0.3498 0.4328 0.434 0.4801 0.6306 0.7248 0.726 0.7274 0.8483 0.8493 0.9728 0.9739 1.0724 1.074 1.076 1.1518 1.2858 1.2884 1.3773 1.3799 1.426 1.4868 1.4889 1.4782 1.4779 1.7677 2.0241 2.2025 2.4308 2.593 3.1104 2.9134 2.6771 2.9024 2.7576 3.1963 3.6432 3.7254 3.4576 7.8041 8.9238 10.555 11.2025 13.0422 13.2641 15.4991 15.8755 16.078 16.2696 16.4497 13.1949 13.0535 12.2744 12.3424 11.4938 11.5295 12.3522 13.23 13.2457 13.2639 17.9576 
0.9824 0.7188 0.7185 0.7183 0.718 0.7178 0.6381 0.6377 0.558 0.5578 0.5085 0.5081 0.4489 0.39 0.4434 0.4332 0.4789 0.4803 0.6313 0.7252 0.7263 0.7276 0.8487 0.8495 0.9735 0.9745 1.0732 1.0745 1.0762 1.1519 1.156 1.3018 1.3772 1.3792 1.4251 1.4869 1.4884 1.4768 1.4766 1.7769 2.0219 2.079 2.3837 2.5081 2.5536 3.0806 2.6099 2.6507 2.7954 2.9503 3.1803 3.405 3.5231 3.5564 3.213 8.4058 10.1655 10.7979 11.2851 12.5174 13.2674 15.9254 16.1009 16.2686 16.427 16.5743 13.1146 12.9971 12.3203 12.3764 11.5068 11.536 13.2407 13.256 13.2715 13.2841 
0.7188 0.7186 0.7183 0.7181 0.7178 0.6382 0.6378 0.5581 0.5579 0.5085 0.5082 0.4489 0.39 0.4438 0.4335 0.4792 0.6304 0.6319 0.7256 0.7266 0.7277 0.849 0.8497 0.9741 0.975 1.0739 1.075 1.0763 1.152 1.1552 1.3019 1.3772 1.3787 1.4245 1.487 1.4881 1.476 1.4758 1.7831 2.0237 2.059 2.1086 2.4771 2.5077 2.534 2.6628 2.6168 2.8637 2.9186 2.9941 3.1603 3.3041 3.4024 3.4531 3.1906 8.0366 8.8613 10.4568 10.9309 11.2953 12.4879 12.6482 16.132 16.278 16.4175 16.5486 13.1594 13.0576 16.381 12.3558 11.4876 11.5155 11.5396 13.2637 13.277 13.2902 
0.7186 0.7184 0.7181 0.7179 0.6382 0.6379 0.5581 0.5579 0.5085 0.5083 0.508 0.39 0.4441 0.4337 0.4794 0.6309 0.6323 0.7259 0.7267 0.8486 0.8492 0.8499 0.9746 0.9753 1.0744 1.0754 1.0765 1.1521 1.1547 1.3019 1.3772 1.3784 1.4241 1.4871 1.4879 1.4755 1.4753 1.475 1.8032 2.0502 2.0822 2.4643 2.484 2.5049 2.5227 2.6576 2.6284 3.0167 3.0633 3.0408 3.1515 3.2529 3.3307 3.3812 3.2928 7.7942 8.5192 9.1814 10.6407 10.9988 12.2716 12.4493 12.5782 16.2951 16.4178 16.5344 13.1927 13.1038 13.0183 16.381 11.4717 11.498 11.5212 11.5413 13.2826 13.2941 
0.7184 0.7182 0.718 0.6383 0.638 0.5581 0.5579 0.5577 0.5083 0.508 0.4835 0.4443 0.4339 0.4795 0.6314 0.7254 0.7261 0.7269 0.8489 0.8494 0.9744 0.975 1.0742 1.0748 1.0756 1.1502 1.1521 1.1544 1.3019 1.3771 1.3781 1.4238 1.4248 1.4878 1.4886 1.475 1.4748 1.8025 2.0465 2.0685 2.4585 2.4716 2.4867 2.5019 2.677 2.6575 2.6377 3.1173 3.1564 3.2271 3.1532 3.2263 3.2872 3.3321 3.3614 3.2076 8.2805 8.87 10.4131 10.7555 11.031 12.2694 12.4119 16.3173 16.4252 16.529 13.2176 13.1397 13.0639 9.9426 10.0676 11.4832 11.5053 11.5248 11.5417 13.2983 
0.7182 0.718 0.6383 0.638 0.6378 0.5579 0.5578 0.5084 0.5081 0.4837 0.4445 0.4341 0.4796 0.6317 0.7256 0.7262 0.727 0.849 0.8495 0.9748 0.9753 1.0746 1.0752 1.0759 1.1506 1.1522 1.1541 1.3019 1.3771 1.3779 1.4235 1.4244 1.4878 1.4884 1.4748 1.4746 1.8024 2.0451 2.061 2.2558 2.4648 2.4756 2.4874 2.4989 2.6734 2.659 2.6448 3.1869 3.2198 3.2713 3.1585 3.2126 3.2604 3.2986 3.3264 3.1974 8.1211 8.6427 9.1206 10.5611 10.8273 11.044 12.2616 12.3786 16.4377 16.53 13.2365 13.1677 13.1002 13.0356 9.9874 10.0934 11.4918 11.5104 11.5269 11.5413 
0.7181 0.6383 0.6381 0.6378 0.558 0.5578 0.5084 0.5082 0.4839 0.4845 0.4342 0.6311 0.632 0.7258 0.7264 0.727 0.8492 0.8496 0.9751 0.9755 1.0749 1.0755 1.0761 1.1508 1.1523 1.1539 1.3019 1.377 1.3777 1.3785 1.4241 1.4878 1.4883 1.4746 1.4745 1.7897 1.8116 2.0568 2.2489 2.4607 2.4687 2.4777 2.4871 2.6822 2.672 2.661 2.6502 3.2376 3.2653 3.3048 3.3525 3.2056 3.2435 3.2755 3.3006 3.1868 3.1488 8.481 8.9101 9.299 10.6615 10.8727 12.1287 12.2519 12.3496 16.5358 13.251 13.1899 13.1295 13.0712 13.0162 10.0211 11.4802 11.498 11.5139 11.5279 
0.6384 0.6381 0.6379 0.558 0.5578 0.5084 0.5082 0.4841 0.4846 0.4739 0.6314 0.6322 0.7259 0.7265 0.849 0.8493 0.8497 0.9753 0.9758 1.0752 1.0757 1.0763 1.1511 1.1523 1.1537 1.3019 1.377 1.3776 1.3783 1.4238 1.4878 1.4882 1.4745 1.4744 1.7895 1.81 2.0544 2.0223 2.2586 2.4643 2.4712 2.4787 2.4863 2.6799 2.6716 2.6629 2.6545 3.2759 3.2994 3.3308 3.368 3.202 3.2325 3.2593 3.2815 3.1771 3.1473 8.3691 8.7533 9.1074 9.4266 10.7306 10.9014 12.1392 12.2417 12.3247 13.2622 13.2075 13.1533 13.1005 13.0502 9.9591 10.0465 11.4873 11.5025 11.5162 
0.6382 0.638 0.558 0.5579 0.5084 0.5082 0.5433 0.4847 0.4739 0.6316 0.7256 0.726 0.7265 0.8491 0.8494 0.8497 0.9756 0.9759 1.0755 1.0759 1.1503 1.1513 1.1524 1.2002 1.3019 1.3029 1.3775 1.3781 1.4236 1.4878 1.4881 1.4744 1.4743 1.7895 1.7961 2.0531 2.019 2.2531 2.4614 2.4668 2.4727 2.479 2.6847 2.6785 2.6717 2.6647 3.292 3.3059 3.3259 3.3516 3.3814 3.2003 3.2252 3.2478 3.2672 3.2831 3.1445 3.1167 8.6383 8.9596 9.2539 10.6142 10.779 10.9195 12.1453 12.2319 12.3032 13.2217 13.1727 13.1248 13.0788 13.0353 9.9899 10.0656 11.4926 11.5058 