ncols 66 
nrows 58 
xllcorner 158259.208008
yllcorner 383860.053986
cellsize 0.25
nodata_value -9999 
32.5087 32.5247 32.5419 32.5601 34.6182 36.7853 36.8126 35.8526 37.3394 34.4734 34.4668 34.4594 34.4509 27.4459 27.4031 27.3541 27.2982 27.2349 25.145 21.0325 20.9293 14.9313 16.1008 16.2105 21.1752 21.3682 36.7637 36.8926 37.0387 42.9033 42.9484 44.7593 45.4046 46.9292 46.1069 45.7963 45.4666 45.458 45.4477 45.4358 45.4226 44.961 44.6293 44.6075 44.5837 44.3685 44.355 44.3431 44.0179 43.7242 43.6547 43.6468 43.6401 43.6348 43.4799 43.4774 43.4755 43.4741 43.4731 43.4723 43.5987 43.6013 43.7489 43.7551 43.7604 43.7649 
32.4976 32.5141 32.5319 32.551 34.6096 34.6303 36.7979 36.8281 37.355 37.3289 34.4772 34.4699 34.4615 34.4519 27.4625 27.4139 27.3578 27.2934 27.22 25.1135 20.9905 14.9544 14.9045 16.1163 16.2462 21.2374 21.4684 36.7855 36.9415 42.8694 42.9171 42.9733 45.381 46.946 46.7126 46.1008 45.4729 45.4637 45.4521 45.4381 45.4221 44.9706 44.6401 44.6135 44.5834 44.3672 44.3498 44.3349 43.9497 43.6621 43.6511 43.6418 43.6344 43.4805 43.4772 43.4747 43.473 43.4718 43.4709 43.5976 43.6007 43.7494 43.7566 43.7626 43.7676 43.7718 
32.4853 32.5023 32.5208 32.5406 32.5619 34.6216 36.7813 36.8128 37.3233 37.3567 37.3162 34.4814 34.4733 34.4638 34.453 27.4809 27.4252 27.3603 27.2854 27.1993 21.064 20.9351 14.9284 14.8698 16.1387 21.0787 21.323 36.6548 36.8199 37.0116 42.8773 42.9376 44.7567 45.4193 46.9443 46.6104 46.0909 45.4717 45.459 45.4427 45.423 45.2076 44.9529 44.6228 44.5838 44.3654 44.342 44.323 43.7327 43.6591 43.6456 43.6349 43.4814 43.4768 43.4736 43.4714 43.47 43.4691 43.5964 43.6002 43.7504 43.7587 43.7656 43.7711 43.7757 43.7794 
29.8163 32.4892 32.5083 32.5289 32.5512 34.6117 34.6362 36.7955 36.8308 37.3813 37.3462 34.4941 34.4863 34.4771 34.4663 34.4539 27.5012 27.4368 27.361 27.2727 24.2269 21.0149 20.8615 14.8941 16.0111 16.1713 21.1424 21.4423 36.6681 36.8736 42.8268 42.8905 42.969 44.7962 46.4096 47.0679 46.6004 45.4829 45.4695 45.451 45.4269 45.209 44.9661 44.6378 44.5861 44.3627 44.3298 44.3052 43.6738 43.6537 43.6372 43.625 43.4763 43.4719 43.4691 43.4675 43.4666 43.5948 43.5995 43.7519 43.7617 43.7696 43.7758 43.7808 44.0724 44.5866 
29.8149 32.4747 32.4943 32.5158 32.5391 32.5642 34.6262 34.6537 36.8127 36.8525 37.3701 37.3332 34.5007 34.4919 34.4814 34.4691 34.4547 27.5237 27.4484 27.3588 27.2534 24.1808 20.9473 14.9254 14.848 16.022 16.937 21.2362 21.6112 36.6961 36.957 42.8286 42.913 43.0185 44.8584 47.092 47.0597 46.4527 45.4851 45.4651 45.4362 45.3978 45.1866 44.663 44.5923 44.3581 44.3092 43.9466 43.6713 43.6442 43.624 43.4757 43.4691 43.4655 43.4637 43.5851 43.5928 43.7397 43.7545 43.7661 43.7751 43.7821 43.7874 44.5836 44.5888 44.5931 
29.8132 29.816 32.4787 32.5009 32.5252 32.5516 34.6146 34.6439 36.7921 36.8338 37.3504 37.3706 37.3171 34.5083 34.4984 34.4864 34.4722 34.4553 27.5489 27.4595 27.352 27.2243 21.0551 20.8535 14.8796 14.7857 16.0422 16.9957 21.3761 33.2799 36.749 37.0874 42.8355 42.9518 44.8062 46.4367 47.0918 46.6181 46.4266 45.4885 45.456 45.4057 45.1844 44.9413 44.6083 44.3496 44.2712 43.7095 43.664 43.6266 43.475 43.4642 43.4594 43.4578 43.5797 43.5904 43.7403 43.7586 43.7725 43.783 43.7907 44.1905 44.586 44.5918 44.5966 44.9453 
29.8114 29.8143 32.4612 32.4841 32.5094 32.5371 32.5672 34.6323 34.6657 36.8122 36.8595 37.4076 37.3579 34.5266 34.5174 34.506 34.4922 34.4755 34.4554 27.5769 27.4693 27.3382 27.1806 20.9714 14.9224 14.8155 9.2038 16.7922 17.086 21.589 33.3257 36.8447 42.7295 42.8531 43.0221 44.9091 46.4816 47.0878 46.4639 45.8497 45.4943 45.4335 45.1905 45.1082 44.6494 44.3309 44.1944 43.7205 43.6438 43.5925 43.454 43.448 43.4477 43.5717 43.5874 43.7423 43.7656 43.7824 43.7943 43.8027 44.581 44.5894 44.596 44.9436 44.9455 44.9471 
29.8093 29.8123 29.8155 32.4651 32.4913 32.5203 32.5521 34.6186 34.6543 34.6925 36.8371 36.8912 37.3945 37.3417 34.5385 34.5282 34.5152 34.499 34.4791 29.7013 27.6081 27.4763 27.3131 24.1676 20.8481 14.8584 9.1828 12.0808 16.8382 21.2199 27.002 33.4158 37.0144 42.7089 42.8944 44.8153 45.0988 47.2229 47.0723 46.4187 45.8571 45.5063 45.3664 45.0531 44.8212 44.284 43.9253 43.7312 43.5815 43.4275 43.4229 43.429 43.5595 43.5843 43.7475 43.7775 43.7979 43.8113 44.6939 44.5848 44.5944 44.9412 44.9439 44.946 44.9478 44.6999 
29.807 29.81 29.8134 29.6627 32.4708 32.501 32.5344 34.6023 34.6407 34.682 37.5279 36.8682 39.6894 37.3943 37.3208 34.553 34.5413 34.5262 34.507 34.483 29.7366 27.6427 27.4776 27.2696 23.0094 14.9207 14.763 9.2106 12.1115 16.9222 26.6712 31.1946 33.5911 42.5023 42.6885 42.9927 45.0145 46.838 47.2486 46.8183 46.2579 45.8694 45.5444 45.0972 44.8483 44.2903 43.832 43.6166 43.3232 43.3544 43.4006 43.5407 43.5385 43.7597 43.799 43.8232 44.2147 44.6972 44.5907 44.9375 44.9415 44.9446 44.9469 44.7034 44.7013 44.5692 
29.8043 29.8075 29.811 29.8149 32.4473 32.4787 32.5138 32.5528 34.6243 34.6689 34.7167 37.5577 39.1977 37.4508 37.3791 34.5806 34.5708 34.5575 34.5398 34.5167 34.4871 29.778 29.6848 27.4683 27.1951 22.8432 14.825 9.1711 9.2532 10.1101 17.0766 26.849 31.3366 33.9363 42.3664 42.6815 43.2466 46.8142 47.0327 47.345 46.5626 46.1591 45.7838 45.4181 45.04 44.8052 44.2307 43.036 43.1632 43.3218 43.4918 43.5644 43.7883 43.8393 44.4621 44.6471 44.7042 44.9313 44.9379 44.9426 44.946 44.9485 44.7057 44.7029 44.5686 44.5604 
29.8013 29.8046 29.8082 29.8123 29.6628 32.453 32.4897 32.5309 34.6044 34.6527 34.705 37.5453 36.8797 39.2295 37.4362 37.3586 34.6038 34.5932 34.578 34.557 34.5286 34.4913 29.8266 29.704 27.4385 23.0779 18.5872 14.6683 9.1992 10.0325 10.2928 22.4095 30.9499 31.6688 36.6871 42.1237 42.752 45.2891 47.1215 47.6503 47.1085 46.5976 46.3057 45.8734 45.7036 44.903 44.311 43.5193 43.4544 43.5473 43.6392 44.1655 44.2181 44.4715 44.658 44.9849 44.9314 44.9396 44.9449 44.9485 44.951 44.7088 44.5792 44.5674 44.5578 44.5501 
29.3197 29.8012 29.805 29.8092 29.814 29.6651 32.4615 32.5049 32.5538 34.6327 34.6898 37.5298 37.5858 39.224 39.7299 37.437 37.3314 34.6334 34.6219 34.6045 34.5792 34.5436 34.495 29.884 29.7161 27.3689 22.8386 14.7666 9.1137 9.248 10.2163 15.4502 22.6113 31.1563 32.461 37.0323 41.6596 43.1997 47.0711 47.9131 47.3908 46.9659 46.6123 46.1294 45.8041 44.9183 43.9924 44.0413 43.761 44.0227 44.1847 44.4032 44.5545 44.8704 44.9793 44.9342 44.944 44.9496 44.9529 44.9188 44.9097 44.5795 44.5652 44.5539 44.3298 44.0151 
29.3169 29.3205 29.8013 29.8057 29.8106 29.6628 31.6489 32.474 32.5259 34.6079 34.6704 34.7386 37.5725 37.6389 39.2678 39.7163 37.4194 37.4901 34.6718 34.6599 34.6401 34.6091 34.563 34.497 29.9506 29.7089 27.2183 21.4606 14.4663 9.1084 10.0341 10.6187 15.9799 30.0343 31.8955 36.6755 38.5002 41.0469 44.5925 47.6087 47.6058 47.2464 46.7728 46.4582 45.5468 45.253 44.2826 44.4238 44.2944 44.378 44.4815 44.7833 44.8611 44.9764 45.0085 44.9544 44.9586 44.9604 44.9173 44.9056 44.5789 44.5613 44.3375 43.7286 44.0137 44.0071 
29.3137 29.3174 29.797 29.8015 29.8067 29.8126 29.6656 31.6539 32.4922 32.5552 34.6456 34.7212 37.555 37.6299 37.7087 39.337 39.7072 37.3945 37.5056 37.4611 34.7119 34.6896 34.651 34.589 34.4946 30.0241 29.6529 21.9175 16.6971 8.8851 9.0916 10.4186 11.6507 20.8123 29.5108 34.7317 37.2957 38.8805 42.1034 45.6664 47.6399 47.2071 47.0849 46.3408 46.1096 45.3895 44.9963 44.7848 44.8893 44.7891 44.8411 44.8574 44.9784 45.0295 45.1 45.0973 44.9362 44.9144 44.8987 44.5767 44.4271 44.331 43.7285 43.8475 44.0036 43.9978 
28.8559 29.3138 29.318 29.7967 29.802 29.8082 29.6624 31.6312 32.4513 32.5187 34.6138 34.6978 37.5317 37.6168 37.7072 39.3416 40.7497 39.822 37.5693 37.5303 37.4779 34.7861 34.7623 34.7135 34.6253 34.4792 30.09 29.4719 21.4933 15.8638 8.6064 9.6964 11.7673 18.7315 23.9312 31.4213 33.3187 38.5347 40.1483 42.3201 46.0208 47.5086 47.3623 46.7064 46.0836 45.6291 45.4488 45.0734 44.8932 45.0476 45.1716 45.0071 45.1153 45.1141 45.0953 44.9408 44.9082 44.6736 44.4502 44.42 43.7511 43.7267 43.709 43.9982 43.4975 43.4042 
29.5361 28.8558 29.314 29.7911 29.7965 29.8029 29.6585 29.6659 31.6366 32.4733 34.573 34.6664 35.5261 37.598 37.7026 37.8113 39.4144 40.7409 39.8046 37.6134 37.5704 37.5093 34.8978 34.8766 34.8145 34.6788 34.424 30.0908 22.7283 19.23 8.3737 7.6448 10.2056 17.2764 21.8354 29.1319 32.0106 35.1318 39.5086 40.765 42.723 46.2541 47.1089 46.9839 46.1568 45.7466 45.6924 45.6963 45.3419 45.2428 45.3479 45.2985 45.231 45.0989 44.9422 44.8933 44.6677 44.4457 44.1073 43.7529 43.7213 43.6999 43.496 43.403 43.4063 43.4086 
29.5678 28.8569 29.3093 29.3144 29.79 29.7965 29.8044 29.6616 29.6707 31.6467 32.5075 34.6242 34.7428 37.5712 37.6932 37.8217 37.951 41.6705 41.6525 40.0573 40.0023 37.6372 37.5685 37.4642 35.0748 34.9993 34.7592 32.4361 29.8479 21.2527 15.2898 5.9916 6.2261 12.9906 19.6961 24.6174 30.5993 33.3094 35.9166 39.5246 41.4319 43.0162 47.0425 46.7221 46.1061 45.8795 45.7285 45.8427 45.8744 45.6455 45.3521 45.3262 45.1341 44.8816 44.7385 44.5229 44.4305 44.1094 44.0754 43.7087 43.3336 43.3985 43.4047 43.4091 43.5267 43.7389 
29.5701 29.5388 28.8569 29.3089 29.3151 29.7889 29.797 29.656 29.666 31.6111 31.6641 34.5676 34.7021 37.5329 37.6767 37.8305 37.9865 39.5448 41.6912 41.8652 40.112 40.0509 39.9576 37.6834 37.5673 36.7384 35.4109 34.8314 32.06 27.9859 21.7019 13.0909 3.7012 7.1035 16.5765 20.8315 27.3125 32.1005 34.8997 36.3496 40.5145 42.1463 42.9519 45.7591 46.1421 45.8048 45.7933 45.9396 45.8889 45.7315 45.5221 45.2463 44.8343 44.7503 44.537 44.2147 44.101 44.0552 43.3915 43.3319 43.3977 43.407 43.5256 43.5316 44.1234 44.1307 
29.5729 29.5683 29.5342 28.8569 29.3087 29.7798 29.788 29.7982 29.6596 29.6725 31.6234 32.4889 34.6437 35.5472 37.6488 37.8358 38.0275 38.4498 41.7288 42.7077 41.8663 40.2094 40.1493 40.0424 39.8556 37.833 37.3124 36.6676 33.9569 31.2886 25.5255 19.1153 9.4178 2.5063 10.3453 18.9963 23.4044 29.1785 32.8707 35.7011 37.9717 41.4321 41.9795 43.6592 45.2653 45.605 45.6758 45.8325 45.797 45.6804 45.4735 45.2532 44.683 44.2482 44.1571 43.9385 43.8508 43.3941 43.3259 43.395 43.4102 43.5318 44.1132 44.1257 44.3507 44.3571 
29.5763 29.5714 29.5658 28.8587 28.8569 29.3088 29.7769 29.7873 29.651 29.6652 30.4343 31.648 34.56 35.5007 37.6032 37.8342 38.075 38.5327 41.7662 41.7758 42.7261 40.3947 40.3884 40.3548 40.2592 40.0278 39.0178 39.2282 36.2484 32.8061 27.9043 23.9539 16.0815 10.1168 5.286 15.1812 21.7368 24.3788 31.7854 33.7771 36.1027 38.5766 41.0273 42.6345 44.1538 45.5767 45.6523 45.76 45.8205 45.6634 45.2511 45.0708 44.2656 44.0688 44.0628 43.8529 43.3875 43.1493 43.3861 43.5228 43.5436 44.1143 44.3401 44.3515 44.3593 44.3648 
29.5805 29.5753 29.5692 29.5622 28.8591 29.2998 29.3091 29.7736 29.7873 29.6549 29.6743 30.4444 31.6952 35.4277 35.6345 37.8194 38.1299 38.6388 41.7834 41.8183 42.8157 42.0382 41.2989 41.3264 41.3459 41.3206 41.1015 39.5708 38.768 36.5561 31.7087 25.5982 19.8227 14.1047 6.4353 9.7381 18.9608 23.4337 26.3185 33.0034 34.057 36.3563 39.0202 40.9947 43.4788 45.0636 45.6612 45.6969 45.7257 45.4149 45.3125 44.9911 44.0275 43.988 43.7251 43.4239 43.1789 43.3522 43.5326 43.5691 44.3148 44.3399 44.3551 44.3644 44.3704 44.6438 
29.5856 29.5801 29.5736 29.5658 29.5301 28.8596 29.2982 29.2493 29.7698 29.6405 29.662 29.69 31.6223 34.5485 35.5639 37.7789 38.1921 38.7789 41.8078 41.8527 42.359 42.8802 41.4662 41.5771 41.7556 42.0738 42.6764 43.1311 39.9652 38.0469 32.8108 26.3231 24.9039 16.2012 9.3737 7.9889 10.9241 22.4225 25.5285 27.3198 33.8578 35.3251 36.5994 39.4204 41.0885 43.0637 45.4518 45.331 45.3138 45.2816 45.1319 44.9074 44.2304 43.9005 43.3177 42.4581 43.235 43.5475 44.2228 44.307 44.3467 44.3661 44.6282 44.6435 44.6534 44.66 
29.5917 29.5862 29.5792 29.5707 29.5606 28.863 29.0041 29.4393 29.2461 29.7657 29.6432 29.6756 30.4405 31.7075 35.4325 37.6867 38.2582 38.9706 41.8455 41.9041 42.3955 43.4553 42.9889 41.7647 42.0306 42.3614 43.1501 44.05 42.2086 40.5217 32.2616 25.9542 27.3255 24.3658 14.4612 5.3027 7.9435 12.2026 23.8815 26.7368 27.6675 34.4709 35.7653 37.6419 40.1561 42.0308 44.3386 45.4998 45.4101 45.3431 45.0033 44.9064 44.5107 43.9634 43.8294 43.6928 43.166 44.1554 44.3308 44.383 44.6286 44.6528 44.6653 44.6721 44.676 44.6782 
29.5993 29.5938 29.5865 29.5772 29.5659 29.5525 28.8649 29.0043 29.4301 29.241 29.6151 29.6507 29.7039 30.4875 35.1938 35.7382 38.3127 39.2445 41.9096 41.9853 42.4509 42.4872 43.5128 44.2344 44.2282 44.2191 44.2105 43.7148 43.4197 42.2125 33.9393 30.6527 27.6305 27.1337 21.5345 11.5422 5.4811 9.5544 13.704 25.0361 28.1125 29.5713 35.0382 36.2537 38.2883 39.277 42.5566 45.2189 45.7534 45.5119 45.1972 44.8102 44.7014 44.3033 44.2786 44.3887 44.4882 44.6858 44.7261 44.7241 44.7183 44.7125 44.7075 44.7034 44.7001 44.6973 
29.3226 29.3182 29.596 29.5861 29.5734 29.5577 29.5395 29.0117 29.0047 29.2237 29.2323 29.6086 29.6715 30.4459 32.4432 35.4493 38.4987 39.6491 42.0365 42.1207 42.5337 42.6964 43.2506 44.2549 44.2571 44.2584 44.2542 44.2373 44.0055 42.6077 40.4486 38.0319 33.6216 30.8984 25.0706 20.4704 10.9571 8.9053 11.5492 17.4191 26.0256 28.2323 31.2442 35.5975 36.8575 39.0885 41.5687 44.8709 45.4303 46.0236 45.9466 45.4345 44.9674 45.0505 44.9765 44.7275 45.1338 45.3228 45.2011 45.1502 44.8072 44.771 44.7488 44.734 44.7235 44.7158 
29.3382 29.3354 29.3294 29.5982 29.5843 29.566 29.5436 29.06 29.0165 28.8571 29.2042 29.2155 29.6028 29.7382 30.6027 34.7841 36.4664 40.8962 42.3501 42.3387 42.7485 42.7216 43.2674 43.9266 44.2907 44.3002 44.3052 44.2501 44.1592 42.8399 41.2483 39.6711 36.0416 32.8465 27.8437 23.7668 16.1049 5.8354 10.3589 14.0896 19.1774 26.9158 27.6304 32.0012 35.8911 37.9435 40.2895 43.3248 45.4601 46.2858 46.1989 45.4477 45.7873 45.3329 45.3083 45.0711 45.369 45.4871 45.2879 45.2053 45.1668 45.1469 45.1356 45.1288 44.7443 44.7326 
29.356 29.3557 29.3522 29.3438 29.6 29.579 29.5513 29.5188 29.0718 29.0265 28.8559 29.1625 29.467 29.6171 30.5681 32.3389 35.8255 40.3409 42.9738 42.8717 42.7844 43.2574 43.4184 43.9502 44.2967 44.3161 44.3705 44.4979 44.0758 43.2463 41.7097 40.3652 38.8908 35.6804 30.2839 26.1042 22.9728 13.4412 8.4861 12.7147 13.2484 20.0192 26.8627 29.2683 34.1122 36.49 38.8359 41.587 44.7079 46.52 46.6902 46.3334 46.2335 46.1183 45.908 45.6536 45.4465 45.5543 45.2914 45.2211 45.185 45.1624 45.1481 45.1387 45.1323 45.1277 
29.3758 29.3792 29.3797 29.3752 29.3626 29.338 29.5655 29.5218 28.8972 29.0571 28.9048 28.8447 28.8636 29.2512 29.9568 31.2403 33.8577 39.0156 41.7718 42.7623 42.8006 43.2172 43.273 43.4247 44.2338 44.211 44.2578 44.2886 43.9959 43.2461 42.6781 41.0807 39.963 37.9337 34.7017 31.0867 25.834 22.6061 10.5965 7.9797 12.2045 14.4004 21.6881 26.7404 30.9075 36.1741 37.5481 39.6727 42.5515 46.0324 46.8449 46.7059 46.5238 46.2701 46.0833 45.6739 45.4982 45.4639 45.5503 45.441 45.1893 45.1698 45.1557 45.1457 45.1384 45.133 
29.2176 29.4055 29.4122 29.4148 29.4089 29.3877 29.3427 29.5309 28.734 28.789 29.0244 28.9519 28.7807 28.5328 28.7515 31.019 32.5653 37.444 40.4692 42.7378 43.1378 43.3508 43.3082 43.2645 43.9481 44.033 44.0395 43.9029 43.3832 43.0838 42.7712 42.5764 40.5517 39.6844 36.0551 35.6583 30.4381 24.5654 20.8855 8.5278 5.4707 12.8271 15.8471 23.7739 27.3283 32.7567 36.7666 38.7269 40.9538 43.5784 45.8577 47.1235 46.8925 46.5879 46.3749 46.1623 45.6608 45.4673 45.5617 45.5486 45.4387 45.1715 45.1593 45.1499 45.1426 45.137 
29.2939 29.2547 29.2828 29.4625 29.4703 29.4622 29.4196 29.3224 29.1763 28.6143 28.9083 29.2535 29.1276 28.2722 28.157 29.7434 30.7949 38.1115 41.0816 42.1202 43.2542 43.6161 43.3674 43.2821 43.8357 43.9499 43.8928 43.5647 43.0694 42.6898 42.5586 42.761 42.1047 40.9393 38.4485 35.5665 35.4267 29.0252 23.6806 17.5776 6.3283 6.0872 13.3607 21.5582 26.8331 29.1712 34.228 39.3048 40.5016 42.8887 45.0453 46.7126 46.8826 46.7942 46.5634 46.3798 46.1817 45.4649 45.4525 45.5556 45.5472 45.437 45.429 45.1519 45.1451 45.1396 
29.2988 29.3284 29.3651 29.3511 29.562 29.5712 29.5585 29.4408 29.1904 28.5019 28.7067 29.2596 29.605 29.5147 28.4135 28.4056 31.4677 38.215 38.7345 39.8972 42.7632 42.9514 42.8743 42.2484 42.8725 43.9337 43.7779 43.4808 43.6013 43.1538 42.8513 42.7419 43.0914 41.4916 40.3082 37.4405 36.0706 33.8574 25.4066 21.2934 16.4353 8.3672 11.96 18.3123 24.6628 30.2113 31.367 37.0719 41.1671 42.2893 44.2305 46.3103 46.8024 46.8395 46.7615 46.5483 46.2266 46.051 45.4503 45.5598 45.5518 45.546 45.4355 45.4293 45.1463 45.1413 
29.2978 29.3306 29.3736 29.4317 29.5121 29.5727 29.8117 29.7699 29.2374 28.7281 28.1516 28.4794 29.1136 28.6775 28.5869 28.5079 32.6925 38.6292 38.3965 38.308 39.2032 41.489 41.6073 41.8943 41.6454 43.1126 43.6062 43.7719 44.1636 44.1593 43.3025 42.7383 42.9167 42.8135 41.5033 40.1554 37.2143 34.6418 31.7629 23.9631 18.3062 13.4661 8.1473 12.7114 23.0313 27.9431 31.8538 34.7583 39.8994 41.816 43.3344 44.3261 46.3485 46.8149 46.8308 46.8708 46.5255 46.2184 46.0488 45.4414 45.5548 45.5493 45.5451 45.4341 45.4293 45.4254 
29.2893 29.322 29.3664 29.4295 29.5257 29.687 29.9673 30.7723 29.1192 28.5535 27.7021 27.4632 27.7851 28.4845 28.4763 28.5292 32.6021 37.246 38.0802 38.0269 38.101 38.8427 39.44 40.4007 40.2412 41.9706 43.6308 44.0774 44.2025 44.1992 43.9759 42.9942 42.8634 43.334 42.8175 41.56 41.5297 37.4765 34.2994 31.2149 24.7921 21.837 14.3518 8.2656 19.3575 21.2034 31.246 33.4385 38.6326 41.0462 43.3374 43.9252 44.2698 46.8052 46.8198 46.8284 46.4345 46.5255 46.0685 46.048 45.5564 45.5514 45.5475 45.5443 45.4329 45.429 
28.9313 28.9657 29.0119 29.0766 29.1735 29.3318 29.6211 30.1023 29.1544 27.2387 27.0939 26.596 27.2129 27.5255 27.6762 28.0467 33.953 38.1547 38.1482 38.1838 38.2373 38.8294 39.5188 40.2878 41.1024 41.3204 43.2281 44.4488 44.5981 44.8229 44.8424 43.611 43.1475 43.2643 44.0327 43.4874 41.9179 41.8878 36.6325 34.7141 30.3311 27.8474 22.876 17.6079 12.6329 16.2992 24.8998 27.1338 36.358 38.8248 41.7791 43.8082 44.0711 44.2309 46.8142 46.8223 46.8277 46.4272 46.526 46.0624 46.0477 45.5528 45.5491 45.5461 45.5436 45.4319 
28.89 28.9118 28.9383 28.9706 29.0081 29.0421 29.0213 28.3526 27.3698 26.891 26.283 26.4054 26.1462 26.1366 26.8806 27.0738 31.6299 38.189 38.2041 38.3234 38.6436 38.9623 40.2286 40.6948 41.693 41.5659 42.3391 44.816 44.9508 44.8028 44.8041 44.5849 43.508 43.4187 43.9787 44.1645 43.3577 42.0115 41.5103 36.9908 35.536 32.8902 30.6355 20.9393 12.1404 13.8594 15.4273 22.8459 29.5347 38.2835 41.1031 43.7897 43.9779 44.1163 44.702 46.8186 46.8238 46.8275 46.423 46.3779 46.0587 45.8517 45.5503 45.5474 45.5451 45.5431 
28.8446 28.8524 28.8579 28.8566 28.8378 28.3877 28.2182 27.841 26.6238 26.2767 25.4258 25.4983 25.4925 25.3745 24.4523 23.609 22.6269 38.327 38.5067 38.5594 38.8893 38.8898 39.1872 41.2995 42.0344 41.7969 42.9754 44.9952 45.3806 45.1389 44.8596 44.7804 44.6683 43.8125 43.9295 44.2329 43.8419 43.3556 42.2473 40.8341 37.8311 34.5693 32.7838 25.3795 17.9084 14.6225 14.9835 18.3011 22.6535 32.5831 38.4039 42.2145 43.9378 44.0495 44.1325 44.7006 46.8213 46.8248 46.6156 46.4204 46.3743 46.0564 45.8504 45.5484 45.5461 45.5442 
28.7993 28.7946 28.7825 28.3465 28.297 28.1998 27.5249 26.4567 26.1425 25.9051 25.6342 24.7459 24.6558 24.066 22.3483 22.0416 21.4464 27.2132 38.5582 38.7092 38.7156 38.9444 39.0584 38.8966 40.7107 42.852 42.3831 45.186 45.573 45.513 45.2848 44.9176 44.9513 44.7554 44.3216 44.5729 44.5122 44.5918 43.1699 43.0967 42.1564 38.8939 33.9306 25.308 22.088 18.1661 15.4289 17.7339 18.5755 29.7084 32.6189 42.0983 42.352 44.0121 44.084 44.6317 44.6968 46.8229 46.8255 46.4232 46.4188 46.3721 46.0548 45.8495 45.5469 45.5451 
28.3318 28.3197 28.2978 28.2602 27.6926 27.4288 26.4102 26.0956 26.0144 25.1804 24.8756 24.1144 22.7939 21.2613 20.7235 20.6123 20.6352 20.6476 31.3935 38.6844 38.709 38.7154 38.6696 38.7224 38.3649 39.5957 39.8664 44.1836 45.6031 45.514 45.585 45.4536 44.9648 44.8616 44.7033 44.6236 44.6412 44.3041 43.4948 43.0643 42.1073 40.9439 36.4159 33.7152 23.013 21.651 18.5529 17.5402 18.1813 18.6739 30.0748 35.3509 42.2469 43.9919 44.0527 44.5834 44.6448 44.6923 46.8241 46.8261 46.4211 46.381 46.3707 46.0538 45.8365 45.5458 
28.2902 28.2713 28.2426 27.5113 27.4281 26.3931 26.0748 25.9308 25.0828 24.8668 24.0298 23.1425 21.1896 19.738 20.6688 20.5584 20.6924 20.6795 20.6358 35.3254 38.7036 38.5344 38.4765 38.3662 38.0031 38.9046 39.0903 41.9165 45.0539 45.5523 45.9625 46.233 45.3281 45.0124 44.3229 44.5471 44.535 44.4255 43.5642 42.9567 41.9713 40.9854 38.6587 35.8669 29.1168 22.3549 19.151 17.9053 17.987 18.396 27.759 28.6627 35.43 42.332 44.033 44.0766 44.6062 44.6518 44.688 46.825 46.6132 46.4196 46.3782 46.3699 45.9977 45.8355 
28.1447 27.5353 27.4913 27.4306 26.0759 25.9582 25.9136 25.4404 24.8655 23.8604 21.8554 20.8292 19.919 19.8557 20.751 20.7821 20.7181 20.6266 20.2758 23.4601 38.5115 38.4725 38.4438 38.2671 38.1854 38.6083 39.6547 40.2529 43.6093 45.5501 46.0702 46.3217 45.4431 44.8128 44.6624 44.5073 44.5344 44.4087 43.6533 43.4185 42.855 41.679 39.7915 36.3215 29.6319 24.713 22.1736 19.1665 18.0535 18.2319 18.5089 28.0712 28.7138 42.2676 42.382 44.0589 44.5779 44.6204 44.6555 44.6839 46.8256 46.6118 46.4185 46.3763 46.3694 45.8531 
27.5151 27.4802 27.4341 25.9593 25.9385 25.9062 25.4455 24.1836 22.8771 21.4936 20.833 20.5657 20.2447 20.4493 20.7699 20.7363 20.4399 20.2233 20.0984 20.0924 27.3619 38.3282 38.1736 38.2363 38.4527 38.3407 38.5294 38.9585 40.2741 43.2708 45.1624 45.5763 45.5472 45.0529 44.6653 44.591 44.5619 44.5917 43.7235 43.5228 43.3901 42.8336 40.563 36.5321 35.9944 25.2598 24.4639 22.139 19.204 18.1377 18.3753 27.6478 28.2444 35.1021 42.3248 44.0468 44.0759 44.5964 44.6296 44.6574 44.6803 46.8261 46.6109 46.3371 46.3749 46.3692 
27.4738 27.4378 25.944 25.9272 25.903 24.6164 23.1201 22.8188 21.4474 20.843 20.3507 20.3802 20.4588 20.7014 20.7282 20.1475 19.7156 19.7866 19.947 20.1181 20.3187 31.0772 38.2496 38.2093 38.1585 38.1841 38.2313 38.5738 40.3545 43.3332 42.5265 43.2533 44.9136 45.0875 44.68 44.64 44.6433 44.6052 43.9701 43.5857 43.4716 42.8656 41.3511 39.5589 36.1795 29.3874 24.9006 24.3674 19.3948 18.3104 18.2887 18.4642 27.891 28.3411 35.1732 42.3619 44.0647 44.5781 44.6091 44.6357 44.6582 44.677 46.6122 46.6102 46.3353 46.374 
27.4412 25.9342 25.9204 25.9017 24.5814 23.0749 22.8016 21.0717 21.0149 20.3854 20.4086 20.4531 20.4734 20.4368 20.2251 19.613 19.5943 19.9443 20.1202 20.3183 20.5908 20.7971 35.1197 38.2619 38.2588 38.2652 38.3473 38.4856 39.4437 40.9844 40.8649 41.4705 41.689 44.7883 44.983 44.6697 44.6767 44.6187 44.4191 43.8659 43.5229 43.4548 41.9247 39.6073 36.2804 31.8997 25.1944 24.713 24.3364 19.3891 18.3453 18.3881 27.6271 28.0447 28.3943 42.3229 42.3864 44.0774 44.5929 44.618 44.6397 44.6583 45.9091 46.6115 46.3381 46.3339 
25.9275 25.9161 24.6146 23.1149 23.0528 22.0833 21.0569 21.0172 20.399 20.4157 20.4425 20.3919 20.1884 19.735 19.287 19.0307 19.8913 20.1031 20.314 20.5818 20.8396 21.0826 25.9099 32.0593 34.2694 35.186 36.238 37.985 38.8204 39.2029 39.7774 39.9744 41.093 42.2201 44.7491 44.5289 44.6979 44.629 44.4282 43.8838 43.5532 43.4945 43.4511 41.8284 39.4527 36.0785 31.5642 24.9623 24.6126 24.3348 19.3942 21.3778 22.4824 27.8143 28.1437 35.0138 42.3513 44.0696 44.5801 44.6037 44.6244 44.6424 44.658 45.9084 46.6109 46.3365 
24.8829 24.5965 23.0928 22.1243 21.0721 21.05 21.0206 20.4048 20.4169 20.3673 19.9184 19.6835 19.6206 19.4659 18.9607 18.8096 19.1525 19.9871 20.5408 20.7837 20.9089 21.1746 23.8582 27.9191 28.7496 29.5553 31.9435 32.9318 36.4151 37.2705 38.5088 38.6897 38.7647 40.805 42.1368 43.5075 44.5239 44.6365 44.4338 43.8916 43.836 43.5208 43.4817 41.886 41.7685 36.137 31.7525 28.707 24.822 24.5588 24.3465 19.4039 18.4075 27.6361 27.9428 28.208 35.0663 42.3714 44.0794 44.5921 44.6117 44.6291 44.6443 44.6575 45.693 46.6104 
24.5851 23.0792 22.1095 21.0645 21.0467 20.4007 20.4073 20.3576 19.8955 19.8754 19.6374 19.5945 19.5147 18.703 18.6562 18.8752 18.7669 19.0795 20.4154 21.0738 21.2158 21.3579 23.5841 27.7773 27.904 28.6345 29.7521 35.717 34.5838 35.5197 37.0397 37.1295 39.2286 39.3142 40.9146 42.1793 43.4697 44.474 44.4372 43.9982 43.8499 43.5379 43.5035 41.9266 41.8223 39.7258 31.8812 28.9296 24.9799 24.7351 24.531 19.4797 21.4706 22.5118 27.7824 28.0325 34.9219 42.3455 42.3856 44.5828 44.6012 44.6178 44.6325 44.6455 44.6569 46.6112 
22.129 21.0716 21.06 21.0454 20.403 20.4084 19.8834 19.872 19.8541 19.6183 19.5886 19.2189 18.6861 18.6546 18.8181 18.8042 18.7983 19.2568 20.1036 21.1717 21.3733 21.69 23.6744 27.0489 27.6668 27.7939 29.1806 33.0585 33.0301 35.1619 35.5107 35.7022 36.9652 37.0029 39.2432 40.9843 42.4952 43.4368 44.4393 44.0057 43.8583 43.8247 43.5189 43.4941 41.862 41.7797 33.2292 31.6594 28.7245 24.8732 24.6804 24.5181 19.4791 21.516 27.6547 27.8887 28.0959 34.9749 42.3621 42.3959 44.5926 44.6083 44.6224 44.635 44.6463 44.6562 
21.0671 21.0572 21.0451 19.9376 19.8758 19.8686 19.8581 19.843 19.6095 19.5882 19.2255 18.68 18.6585 18.6948 18.7202 19.0342 19.1389 19.3366 19.3365 20.0279 21.4682 22.2108 23.8201 26.0622 26.6906 27.7681 27.9738 30.2982 32.2049 32.2312 35.34 35.5181 35.6293 35.6928 36.9342 39.4693 40.5877 42.5 42.6426 44.0098 43.9687 43.8351 43.5298 43.5076 41.891 41.8168 39.7279 31.7524 28.8788 28.584 24.801 24.6459 24.5141 19.4816 26.2951 27.7713 27.9671 28.141 35.0136 42.3744 44.5855 44.6003 44.6138 44.626 44.6369 44.6467 
21.0556 21.0454 19.9301 19.8657 19.8589 19.8496 19.837 19.6052 19.5893 18.9503 18.6786 18.7195 18.7429 18.7501 18.7666 19.2019 19.1299 19.6257 19.7084 19.7652 21.427 22.2947 24.31 25.2125 26.8442 27.2707 28.6017 29.3681 31.4761 31.9136 33.4991 35.4194 35.5257 35.5982 35.6454 35.675 39.5259 39.6967 42.4967 43.4032 43.977 43.8423 43.4778 43.5176 41.9119 41.845 41.7847 35.5203 28.9965 28.7267 24.8981 24.7514 24.6243 24.5154 21.5647 27.6757 27.8598 28.0255 34.9172 37.3056 42.3837 44.5937 44.6065 44.6182 44.6288 44.6384 
19.926 19.8633 19.8585 19.8523 19.8442 19.6125 19.6031 19.3113 18.9485 18.679 18.7277 18.7575 18.764 18.776 19.0957 19.1316 19.6026 19.7213 19.8087 20.2051 20.3329 20.9255 22.989 23.8779 25.296 27.1252 27.3003 29.1129 29.5483 31.4399 31.7872 33.4689 33.5675 35.532 35.583 35.6189 38.0162 38.2169 40.7214 42.4902 43.9826 43.9538 43.8281 43.5252 43.5097 41.8664 41.8114 35.6314 31.6661 28.8397 28.6166 24.8384 24.717 24.6112 24.5198 26.3417 27.7705 27.9276 28.0694 34.9552 37.3371 42.3906 44.6002 44.6114 44.6217 44.631 
19.8578 19.8534 19.8477 19.8407 19.6099 19.3244 18.9619 18.9482 18.68 18.763 18.7661 18.7714 18.7801 19.2618 19.2813 19.3426 19.8219 19.9793 20.1031 20.1894 20.3301 20.4872 22.0986 22.5868 23.8297 26.1764 27.1947 29.0193 29.3289 30.5696 31.4018 31.7181 33.4547 33.5281 35.537 35.5748 35.603 38.068 38.2272 40.721 43.3289 43.9613 43.834 43.4708 43.5167 41.8824 41.8323 41.7864 35.4823 28.9288 28.7226 28.536 24.795 24.6931 24.6037 23.2466 26.4014 27.8448 27.9801 28.1027 37.2468 37.3609 44.595 44.6056 44.6155 44.6245 
19.8496 19.8445 19.8384 19.331 19.3196 18.9597 18.9485 18.6695 18.7689 18.7717 18.776 19.0316 19.2599 19.2929 19.8207 19.8401 19.9816 20.0922 20.1199 20.159 20.5342 20.6554 21.2204 22.2643 23.5177 23.7811 26.2528 27.2083 29.2187 29.411 31.2906 31.372 31.6749 33.4468 33.5029 35.5411 35.5702 35.5928 38.1017 38.2294 40.7174 42.7716 43.9458 43.8245 43.4605 41.8943 41.8486 41.8063 35.5693 35.368 28.8086 28.6342 24.8603 24.763 24.6765 24.6001 26.3783 27.7748 27.9035 28.0211 34.9157 37.2788 37.3789 44.6006 44.6101 44.6188 
19.8422 19.8368 19.3264 19.3165 18.9585 18.9492 18.6722 18.773 18.7754 18.7789 19.2571 19.2709 19.2976 19.8321 19.8465 19.98 20.0857 20.0984 20.1157 20.1325 20.614 20.6983 20.8178 21.7239 22.3266 23.5915 24.7183 26.2797 29.163 29.3161 29.441 31.2949 31.3493 33.3846 33.4418 33.4858 35.5445 35.5676 36.6769 36.8174 38.227 40.7123 42.7661 43.8293 43.4662 43.5161 41.8612 41.8223 35.6391 35.4528 35.2799 28.7158 28.567 24.8226 24.7394 24.6651 24.5992 26.4264 27.8378 27.9503 28.0533 37.2062 37.304 44.5964 44.6054 44.6137 
19.8358 19.3232 19.3145 18.9579 18.95 18.6742 18.776 18.7781 19.0367 19.2657 19.2824 19.2993 19.8379 19.8488 19.978 20.0816 20.0887 20.098 20.1084 20.1166 20.6616 20.7185 20.7892 20.8523 22.2473 23.0438 24.5526 26.1946 26.7057 29.2587 29.3646 29.4501 31.2928 31.3316 33.3939 33.4385 33.4737 35.5473 35.5661 36.715 36.8308 38.2221 41.191 42.296 43.4706 43.4585 41.871 41.8351 41.8018 35.5224 35.361 28.7835 28.6435 28.5153 24.7938 24.7219 24.6575 26.4077 27.7815 27.8888 27.9878 28.0787 37.2372 37.3239 44.6013 44.6093 
19.3208 19.3132 18.9576 18.6763 18.7769 18.7782 19.0342 19.0431 19.2712 19.2862 19.4955 19.8409 19.9662 19.9763 20.0789 20.0834 20.0891 20.0956 20.1021 20.1067 20.6907 20.7308 20.7775 20.8214 21.7518 22.9553 23.0987 24.6191 26.2253 26.7106 29.3133 29.389 30.3057 31.2886 31.3176 33.4004 33.436 33.4649 33.488 36.6336 36.7416 36.8381 38.2159 41.1991 42.2879 43.4629 41.8783 41.8453 41.8144 35.5795 35.4289 35.2884 28.7082 28.5867 28.4754 24.7715 24.7089 24.6526 26.4472 27.8355 27.9304 28.0181 34.9156 37.2623 37.3397 44.6054 
18.9625 18.9575 18.6775 18.7788 18.78 19.0397 19.0308 19.2748 19.2885 19.4984 19.8426 19.9672 19.9749 20.0769 20.08 20.0839 20.0882 20.0929 20.0971 20.1 20.7097 20.7391 20.7723 20.8043 21.7256 21.7948 23.0276 23.126 24.6546 26.2416 29.2785 29.345 29.4011 31.0395 31.2837 31.3062 33.405 33.4342 33.4582 33.4779 36.669 36.7599 36.8413 36.9131 41.2042 42.2809 43.457 41.8534 41.8247 35.6262 35.4857 35.3536 35.2305 28.648 28.5419 24.8148 24.7543 24.6993 27.7608 26.4805 27.8801 27.9645 28.0427 37.2071 37.2828 37.3522 
18.6787 18.6784 18.7802 18.9233 19.0437 19.0345 19.2773 19.4879 19.5 19.8435 19.9677 19.9738 20.0755 20.0778 20.0805 20.0836 20.087 20.0903 20.0932 20.7046 20.7228 20.7453 20.77 20.7943 20.8157 21.7696 22.9825 23.0692 24.5859 24.6737 26.6761 29.3131 29.3638 29.4066 31.0415 31.2788 31.2968 33.4085 33.4327 33.453 33.4699 36.6952 36.7726 36.8419 41.1475 41.2073 43.4605 41.8598 41.8331 41.8079 35.5331 35.4091 35.2927 28.7004 28.5995 28.5062 24.7943 24.741 24.6924 27.7816 27.836 27.9171 27.9926 34.895 37.2314 37.2995 
18.6792 18.9226 19.0417 19.0299 19.0371 19.482 19.4906 19.5008 19.844 19.9679 19.9728 20.0743 20.0761 20.0781 20.0804 20.083 20.0856 20.0881 20.0902 20.7174 20.7323 20.75 20.7691 20.7881 20.8054 21.7544 22.9544 23.0299 23.0942 24.6173 24.6839 28.3642 29.3354 29.375 29.4085 31.0417 31.0685 31.2889 33.4111 33.4315 33.4489 36.6416 36.7147 36.7811 36.8407 41.1568 41.2087 43.4558 41.8399 41.8163 35.5727 35.4562 35.3462 35.2432 28.6495 28.5603 28.4778 24.778 24.7306 27.7983 26.493 27.8752 27.948 28.0159 37.185 37.2516 