ncols 68 
nrows 63 
xllcorner 158313.429993
yllcorner 383930.638
cellsize 0.25
nodata_value -9999 
39.1272 40.2522 40.2612 40.2717 40.4426 40.4449 40.2295 40.2367 40.2451 40.2548 40.2356 40.2317 39.4843 39.4743 39.4607 38.8341 38.8101 38.5806 37.608 35.8635 35.8117 34.9109 34.8504 34.7916 33.1579 33.1145 33.0695 33.0257 31.8282 31.7835 31.1766 31.1108 31.0555 29.3333 23.9689 18.2948 10.4671 6.8941 6.8968 6.6491 6.6473 6.6444 6.6407 6.3897 6.3815 6.3731 6.3647 6.3565 5.9848 5.9704 5.9571 5.9451 5.9342 5.9246 5.916 5.9085 5.0885 4.4868 4.4624 4.4407 3.0225 3.0058 2.028 1.4259 1.3222 0.6686 0.6678 0.6671 
38.1189 39.1309 40.2491 40.2594 40.2715 40.441 40.4437 40.2306 40.2393 40.2496 40.2618 40.2408 39.5021 39.4928 39.4789 38.8575 38.8302 38.6176 38.5266 35.889 35.8259 34.9262 34.8509 34.7784 33.1794 33.1251 33.0689 31.8831 31.8233 31.2283 31.1413 31.0686 29.3572 29.2552 23.8509 18.134 6.8941 6.8979 6.9011 6.6562 6.6541 6.6507 6.6462 6.3957 6.386 6.3761 6.3663 6.0002 5.9829 5.967 5.9526 5.9397 5.9283 5.9182 5.9095 5.0965 4.4917 4.4637 4.4391 3.0237 3.0048 2.0281 1.328 1.3216 0.6691 0.6682 0.6673 0.6666 
38.3108 38.1238 39.0085 39.0161 40.2571 40.4368 40.4389 40.442 40.2318 40.2426 40.2557 40.2713 40.2475 39.5155 39.5022 38.8881 38.8572 38.817 38.5623 37.5566 35.8482 34.9479 34.8518 34.7604 33.2067 33.1367 33.0648 31.8845 31.811 31.189 31.0902 31.0113 29.2613 27.951 23.7012 13.8345 6.8976 6.9022 6.9062 6.6646 6.6622 6.6581 6.6526 6.4024 6.3907 6.3789 6.3675 5.9989 5.9795 5.962 5.9465 5.9328 5.9209 5.9106 5.9018 4.4977 4.4655 4.4373 3.0253 3.0038 2.0284 2.0143 1.3209 0.6696 0.6686 0.6677 0.6668 0.666 
38.297 38.3129 38.1301 39.0092 39.0181 39.7025 40.4336 40.4359 40.4395 40.2333 40.247 40.264 40.2846 40.2563 39.5322 39.5121 38.8946 38.8463 38.6158 37.5957 35.8842 34.9799 34.8534 34.7353 33.2421 33.1487 33.0538 31.8769 31.7864 31.1271 31.017 29.2737 27.9487 27.8763 18.6556 10.0977 6.9014 6.9072 6.9123 6.6749 6.6721 6.667 6.4233 6.4098 6.3955 6.3814 6.0199 5.9959 5.9743 5.9551 5.9385 5.9241 5.9119 5.9015 4.5053 4.4678 4.4352 3.0275 3.0028 2.029 2.0129 1.3202 1.313 0.6691 0.668 0.6671 0.6662 0.6654 
37.1481 38.297 38.3158 38.1382 39.0098 39.0205 39.7041 40.4292 40.4316 40.4358 40.2351 40.2531 40.276 40.2748 39.5704 39.5531 38.9477 38.89 38.8113 37.8056 35.9443 35.7843 34.8565 34.6997 33.29 33.1591 31.9929 31.8513 31.1935 31.031 30.3107 27.9483 27.8515 27.7827 18.4825 9.994 6.9056 6.913 6.9197 6.6875 6.6843 6.6779 6.4349 6.4178 6.4002 6.3832 6.0179 5.9905 5.9665 5.9457 5.9281 5.9133 5.901 4.5149 4.4708 4.4327 3.0306 3.0018 2.0299 2.0114 1.3195 1.3113 0.6697 0.6685 0.6674 0.6664 0.6655 0.6647 
37.1474 37.1496 38.2971 38.3197 38.024 39.0105 39.0234 39.7065 40.4228 40.4252 40.219 40.2372 40.2618 40.2943 40.295 39.6088 39.5791 38.9585 38.8537 38.7243 36.4765 35.8243 34.8631 34.6496 33.3577 33.1617 31.9788 31.7914 31.064 30.2876 27.9522 27.8171 26.2524 24.8808 14.1922 9.8614 6.9102 6.9198 6.9287 6.7035 6.6997 6.6913 6.4483 6.4264 6.4043 6.3836 6.0128 5.9817 5.9553 5.9331 5.9149 5.9 5.32 4.4748 4.4299 3.0348 3.001 2.9721 2.0099 1.3188 1.3094 0.6704 0.669 0.6677 0.6666 0.6656 0.6647 0.6639 
37.1466 37.1488 37.1514 38.2975 38.3252 38.0333 39.011 39.027 39.7102 40.4135 40.4153 40.2149 40.2397 40.2752 40.3242 40.3285 39.6675 39.0726 38.9306 38.7331 36.5961 35.9156 34.8783 34.587 33.458 32.2688 31.9037 31.6671 29.6879 27.9662 27.7674 26.231 24.8947 24.7903 13.9834 6.9687 6.9148 6.9278 6.9401 6.7244 6.7199 6.7084 6.4641 6.4352 6.407 6.0443 6.0031 5.9683 5.9397 5.9166 5.8982 5.3197 4.4801 4.4265 3.0406 3.0004 2.5365 2.0085 1.3182 1.3073 0.6712 0.6696 0.6682 0.6669 0.6657 0.6647 0.6638 0.663 
37.1454 37.1477 37.1504 37.1536 38.2985 37.5039 38.205 39.0113 39.0317 39.7161 40.3989 40.399 40.207 40.2425 40.2975 40.3785 39.7954 39.7657 39.0895 38.755 37.7854 36.1363 34.9165 34.0596 33.5966 32.226 31.6781 29.7001 28.0038 26.5159 26.1977 25.5174 24.7728 21.5126 13.075 6.9672 6.9191 6.9368 6.9546 6.7527 6.7473 6.5195 6.4823 6.443 6.4068 6.0343 5.9867 5.9485 5.9185 5.8953 5.3185 4.4875 4.4226 3.6992 3.0002 2.5349 2.0072 1.3178 1.305 0.6722 0.6703 0.6687 0.6672 0.6659 0.6647 0.6637 0.6628 0.5521 
37.144 37.1462 37.1489 37.1522 37.1563 38.3003 37.3992 38.2119 38.2261 39.0379 39.0725 40.3754 40.3705 40.1906 40.2445 40.3386 40.4924 40.042 39.4795 38.8273 38.2984 36.7088 35.2948 35.0444 33.5082 31.7706 29.7534 28.3978 26.5572 26.1409 25.4587 24.7436 23.5748 20.2599 12.9063 6.9628 6.9218 6.9466 6.9736 6.7928 6.7864 6.5574 6.5023 6.4476 6.0824 6.0142 5.9608 5.9203 5.8904 5.3157 4.4976 4.4179 3.6984 3.0007 2.5335 2.5094 1.3175 1.2314 0.7758 0.6713 0.6693 0.6676 0.666 0.6647 0.6635 0.5528 0.5521 0.4553 
36.8811 37.1444 37.147 37.1503 37.1545 37.1598 37.4717 37.4181 38.2203 38.2394 39.0468 39.0955 39.3355 40.3163 39.5632 40.2399 40.4217 40.6769 40.8025 39.1751 38.2575 36.8498 35.3228 34.2478 31.9602 29.4732 28.1956 26.6677 25.7112 25.3332 24.0524 23.5658 23.1123 19.7813 9.766 6.9533 6.9815 6.9552 6.9986 6.8535 6.8467 6.6082 6.5213 6.4434 6.0578 5.9788 5.9217 5.8816 5.3102 5.1163 3.7522 3.6985 3.4924 2.5327 2.5029 1.8151 1.2301 0.776 0.6724 0.6701 0.668 0.6662 0.6647 0.6634 0.5529 0.552 0.4553 0.4544 
36.8669 36.8802 37.1446 37.1477 37.1518 37.1573 37.1646 37.482 37.4459 37.5256 38.2578 39.0612 38.6837 39.3361 39.2824 39.518 40.1909 40.3123 41.5587 39.7509 36.1201 35.6799 34.8246 32.4448 29.0573 27.9901 26.507 25.5387 25.0446 24.2226 23.2204 23.0656 22.7055 16.4946 9.4986 6.9362 6.9672 6.9569 7.0296 6.9539 6.9494 6.675 6.5281 6.1326 6.0064 5.9211 5.8654 5.3877 4.5831 3.7708 3.7005 3.483 2.533 2.4953 1.8129 1.2289 0.7763 0.6739 0.6711 0.6686 0.6665 0.6647 0.6631 0.5529 0.5519 0.4553 0.4543 0.4033 
35.9327 36.8624 36.8783 37.1445 37.1482 37.1533 37.1607 37.1714 38.0753 37.6312 37.5571 38.2858 38.3525 38.7393 38.802 39.2149 39.1221 39.2746 39.1946 37.4238 36.4655 32.6718 31.8398 30.323 29.2694 26.6028 25.3048 24.445 23.7801 23.215 22.9848 22.2733 21.9254 16.449 9.376 6.8878 6.9365 6.9367 7.0529 7.1376 7.1501 6.7419 6.4893 6.0496 5.9138 5.4156 5.3571 4.5823 3.8005 3.7062 3.0773 2.5354 2.4862 1.8114 1.2282 0.7767 0.7753 0.6724 0.6694 0.6668 0.6646 0.6628 0.5529 0.5517 0.4552 0.4541 0.4032 0.4387 
35.9195 35.9375 36.8555 36.8746 37.1436 37.148 37.1547 37.1651 37.182 37.1989 37.5415 37.5994 38.3372 38.0687 38.8818 38.7027 38.881 39.7058 37.2176 35.6342 34.73 32.5663 30.2119 28.5056 25.2481 24.9665 24.9807 23.6463 23.3209 22.5218 22.1846 21.6565 21.6121 16.3926 9.3857 6.6868 6.8651 6.923 6.989 7.4052 7.4686 6.6664 6.1019 5.8826 5.3733 5.2977 4.5792 4.3325 3.719 3.0817 3.0336 1.8892 1.8588 1.2282 0.7774 0.7755 0.674 0.6703 0.6672 0.6646 0.5544 0.5529 0.4566 0.4551 0.4539 0.403 0.4385 0.4269 
35.9027 35.9201 35.9424 35.971 36.868 36.9007 37.1464 37.1549 37.1706 37.2014 37.2333 37.5635 37.6461 37.956 38.6491 38.6341 37.4263 36.3478 35.3794 33.1955 31.3712 30.6045 27.26 26.4213 25.2424 24.2364 23.826 22.8373 22.7386 22.0659 21.6028 21.2829 21.2687 16.8065 12.2182 8.9349 6.7145 6.6792 6.7489 6.8116 6.7356 6.1089 5.7644 4.8967 4.7112 4.5686 4.3178 3.3565 3.0955 3.0226 1.8915 1.849 1.2793 0.7785 0.7759 0.739 0.6716 0.6677 0.6645 0.5547 0.5528 0.4568 0.455 0.3661 0.4028 0.4381 0.4268 0.5416 
35.8818 35.8974 35.9184 35.9467 35.9847 36.3154 36.3417 37.1415 37.1514 37.1765 37.2336 36.683 37.5385 37.5643 39.0137 38.8463 36.0896 34.2478 33.1402 30.7776 30.5204 27.6039 25.6521 24.9968 24.4248 23.3539 22.855 22.5835 21.9426 21.4817 21.2854 21.2652 21.2059 18.9818 12.9677 9.509 6.7241 6.8814 6.4986 6.2542 5.6702 5.608 5.0274 4.6746 4.4077 3.9884 3.9672 3.2192 3.014 2.3796 1.8366 1.3122 0.7802 0.7766 0.7395 0.6733 0.6683 0.6643 0.5551 0.5527 0.4569 0.4548 0.366 0.3847 0.3495 0.4267 0.4689 0.5435 
35.8568 35.8691 35.8867 35.912 35.9485 36.0012 36.3445 36.3893 37.1288 37.1324 37.1627 36.8411 37.5053 36.4249 36.3562 36.6726 35.5205 32.9742 30.3851 29.8384 28.6628 25.4655 24.6266 23.8982 23.0963 22.981 22.0889 22.106 21.5308 21.4148 21.2016 21.1852 21.1719 19.2009 17.9161 11.1593 6.5793 6.626 6.2388 5.4423 5.0401 4.9316 4.4395 4.3128 4.0063 3.9579 3.81 2.9569 2.3662 1.82 1.3041 0.7832 0.7779 0.7403 0.6758 0.6692 0.664 0.5556 0.5526 0.4571 0.4546 0.3658 0.3843 0.3495 0.4266 0.4689 0.5434 0.6034 
35.828 35.8353 35.8469 35.8654 35.8949 35.9424 36.0191 36.1409 36.4829 36.8497 37.0263 36.9461 37.8555 36.2086 35.3288 35.1868 34.666 31.4556 28.6291 27.9078 25.6129 24.4249 24.0099 23.2845 23.075 22.2863 21.5853 21.4078 21.4178 21.0393 21.0651 21.1605 21.1533 21.1811 19.0781 17.7119 6.928 6.0343 5.1878 4.9633 4.7285 4.3336 4.2243 4.1138 3.9149 3.7896 3.0661 2.3688 1.7955 1.293 1.2653 0.7803 0.7415 0.7376 0.6705 0.6636 0.5562 0.5523 0.4574 0.4541 0.3654 0.3837 0.3493 0.4264 0.4689 0.6017 0.6034 0.757 
34.8231 35.797 35.8 35.8072 35.8223 35.8521 35.911 36.0277 36.2525 36.7109 37.0339 36.2924 35.6343 35.2682 35.4096 31.7918 31.145 28.3963 27.4312 26.2808 24.4013 23.7842 23.2976 22.7254 22.3569 21.6291 21.435 21.1795 21.2204 21.1008 21.1094 21.1181 21.1532 21.1735 21.1881 19.5622 7.3273 5.936 4.853 4.5387 4.2341 4.1808 4.0693 3.834 3.719 3.5786 2.4843 2.1103 1.2734 1.2304 0.7853 0.7434 0.7373 0.6723 0.5644 0.5571 0.5518 0.4576 0.4534 0.3649 0.2953 0.3492 0.4089 0.4689 0.6013 0.6034 0.7566 0.7804 
34.7019 34.7468 34.8093 35.7408 35.7341 35.7316 35.7416 35.7891 35.9521 36.4088 37.8214 36.6837 35.3751 33.6526 30.8521 30.6864 28.186 26.5569 25.7839 24.8384 24.1623 23.0307 22.6323 22.294 21.6847 21.5433 21.1426 21.1125 21.1133 21.1118 21.1118 21.1204 21.1255 21.122 21.1702 21.1908 19.0342 9.2123 4.4492 4.3313 4.1206 3.843 3.7425 3.7695 3.5563 3.1675 2.1928 1.2008 0.8635 0.8118 0.7766 0.7362 0.7312 0.5695 0.5585 0.5508 0.4577 0.4522 0.3639 0.2952 0.349 0.409 0.4689 0.6008 0.6033 0.7561 0.797 1.4314 
32.7637 32.8178 34.6212 34.6786 34.7621 35.0946 35.5346 35.3931 35.2508 34.9613 35.2171 35.284 34.0781 31.9505 29.5974 29.2024 27.1297 26.1755 25.2467 24.1904 23.5022 22.1861 21.83 21.571 21.1827 21.1949 21.113 21.1026 21.1118 21.1118 21.0861 21.056 21.0613 20.8716 20.8846 21.0425 21.0809 21.0162 5.5593 9.4336 3.8532 3.5644 3.5609 3.4924 3.4356 3.3117 1.4712 0.889 0.8491 0.7781 0.733 0.7259 0.6517 0.5608 0.4813 0.4738 0.367 0.3622 0.295 0.3486 0.3915 0.4689 0.6 0.6032 0.7754 0.7967 1.426 1.4429 
32.6125 32.6367 32.6771 32.7435 33.2828 33.3846 33.5308 34.6847 34.0653 33.7091 33.7196 33.6847 31.456 29.2135 28.0914 25.9101 25.3708 24.3094 23.5034 23.2722 22.4879 21.9274 21.6522 21.1968 21.1365 21.1192 21.1206 21.1118 20.9848 20.8651 20.8913 20.8035 20.6862 20.6985 20.7141 20.7754 20.836 19.8748 16.4035 6.6403 7.22 3.2751 2.9781 3.2052 3.161 1.5233 0.8816 0.8508 0.762 0.7251 0.7087 0.6614 0.5662 0.4833 0.4712 0.3821 0.2757 0.2947 0.2956 0.3916 0.4688 0.4716 0.6029 0.774 0.7963 0.8006 1.4397 1.4571 
29.8433 29.8665 29.9005 31.0886 31.14 31.8454 32.0123 32.0708 32.3914 32.6962 31.8151 30.2092 29.3197 28.3583 26.9851 25.4233 24.8261 23.4566 22.7494 22.3846 21.525 21.4614 21.1342 21.1152 21.1313 21.1144 21.1122 20.9516 20.6474 20.5311 20.6861 20.7015 20.7321 20.6617 20.6474 20.6551 20.6408 20.5475 19.8156 14.2228 10.6744 2.1025 1.1741 1.2443 1.5076 0.8882 0.8456 0.8304 0.7239 0.6975 0.7017 0.5993 0.4858 0.4638 0.3777 0.2758 0.2941 0.2955 0.3918 0.4687 0.4724 0.6023 0.7719 0.7955 0.8011 1.4353 1.4568 1.4744 
28.6397 28.6636 28.696 29.7932 29.8226 30.0479 30.0578 30.7085 30.4649 30.8943 31.79 30.3364 28.1972 27.1134 25.7313 24.5815 23.9886 22.8043 22.4745 21.8292 21.4917 21.0186 20.9734 20.8567 21.0724 21.0621 20.7908 20.6425 20.6614 20.6998 20.7807 20.738 20.7257 20.7552 20.7031 20.6815 20.6547 20.6544 20.7101 19.2471 17.8467 14.7722 2.5566 0.8722 0.8578 0.8769 0.8175 0.744 0.6898 0.6928 0.6667 0.546 0.4378 0.2977 0.2756 0.2928 0.3339 0.3921 0.4686 0.4737 0.6014 0.6429 0.7943 0.8016 1.4294 1.4564 1.972 1.9867 
28.6204 28.6419 28.673 28.7194 28.7908 28.7799 29.1868 29.3252 29.069 29.1483 28.5994 27.5386 26.4846 25.3294 24.538 23.7286 22.6748 22.7476 22.1875 21.3123 21.3044 20.9481 20.9343 20.9334 21.0319 20.7639 20.5525 20.559 20.6368 20.6746 20.7386 20.7727 20.7632 20.7838 20.7661 20.7029 20.6709 20.6387 20.704 20.7956 18.992 21.0019 5.6081 3.0525 0.8709 0.8463 0.8309 0.7166 0.6875 0.7605 0.5302 0.363 0.3058 0.2743 0.2889 0.3319 0.4278 0.4332 0.5092 0.5995 0.6425 0.7922 0.8023 1.4209 1.4558 1.9678 1.9862 2.0948 
28.2307 28.254 28.2876 28.3387 28.7389 28.8637 29.0199 29.5075 29.2682 28.5692 28.313 25.5155 24.6086 23.6151 23.0643 22.777 22.2625 21.9876 21.3433 21.2774 20.9009 20.8516 21.0323 20.9631 20.8682 20.4361 20.3762 20.3669 20.4883 20.5726 20.6087 20.7619 20.7654 20.748 20.7359 20.7182 20.6806 20.7293 21.2475 21.1701 20.9273 17.4678 4.6624 9.5708 0.8315 0.8216 0.7322 0.6875 0.6686 0.6767 0.4099 0.3197 0.2641 0.2742 0.3107 0.4273 0.4368 0.5091 0.5475 0.6416 0.7883 0.8029 1.4081 1.932 1.9626 1.9864 2.0989 2.1175 
28.2006 28.2151 28.2353 28.2655 28.3148 28.4066 28.6147 29.1743 28.9643 27.6784 25.2782 24.7617 23.8712 23.0387 22.6961 22.2827 21.8935 21.5966 21.2106 20.9959 20.9334 20.9103 20.915 20.7325 20.4953 20.2166 20.3235 20.3469 20.3888 20.4928 20.5014 20.491 20.4971 20.6219 20.6745 20.7702 20.6975 20.7128 21.6355 27.1946 21.2396 22.0685 25.4838 8.5758 0.7627 0.7115 0.6875 0.6722 0.53 0.2707 0.2851 0.2497 0.24 0.3042 0.3937 0.4459 0.5082 0.5623 0.6391 0.7808 0.8034 1.8589 1.9137 1.9562 1.9879 2.1063 2.1286 3.1568 
28.1672 28.171 28.1746 28.1767 28.1737 28.1535 28.0706 27.7781 27.41 25.6474 24.3651 23.6762 22.555 22.5651 22.3719 21.5059 21.2884 20.9193 20.8837 20.8949 21.0059 20.9083 20.8095 20.4142 20.3664 20.283 20.3131 20.3172 20.44 20.4188 20.4478 20.4502 20.4775 20.4535 20.4828 20.6205 20.6672 20.7107 19.9793 20.409 20.6577 19.8141 19.7406 6.3477 1.6009 0.6875 0.6875 0.5989 0.5151 0.3925 0.3538 0.3973 0.3134 0.4306 0.4847 0.4932 0.5601 0.6271 1.0404 0.8031 1.2818 1.8854 1.9476 2.0792 2.1194 2.1465 3.1546 3.1831 
27.7218 27.7207 27.7154 27.7012 27.6683 27.1816 27.1157 26.7142 26.7481 24.4277 23.8023 23.0422 22.2784 21.8273 21.5921 21.1413 20.9655 20.9108 20.9102 20.8488 20.8004 20.2229 20.1123 20.1523 20.2167 20.2867 20.3402 20.3667 20.4244 20.4262 20.4278 20.4472 20.4606 20.3751 20.3661 20.3974 20.6623 20.6719 20.7086 17.7676 18.7513 17.3433 21.3832 18.3019 7.3835 1.0185 0.7585 0.623 0.5476 0.4903 0.4873 0.4794 0.4523 0.4815 0.5077 0.541 0.8211 0.9969 1.2027 1.6268 1.8366 1.9345 2.0892 2.5616 3.1103 3.1571 3.191 3.2158 
27.647 27.6271 27.5954 27.0707 27.0217 26.5102 25.9567 25.8205 24.554 23.6683 23.3232 22.3447 21.6788 21.4452 20.9974 20.9011 20.8976 20.9002 20.9012 20.7157 20.4599 20.0915 20.0002 20.1286 20.2735 20.2965 20.3349 20.3612 20.4055 20.3873 20.408 20.4266 20.4246 20.359 20.3653 20.3824 20.5251 20.3306 18.2037 18.6001 15.3932 17.4133 21.2003 22.1978 17.9112 17.7559 2.3235 0.7341 0.5121 0.7582 0.6274 0.7653 0.6751 1.7377 0.6157 0.6936 0.7871 1.3657 1.5391 1.7389 1.9081 2.4846 2.5611 3.1114 3.1701 3.2093 3.236 3.2546 
27.0562 26.5357 26.5067 26.457 26.3734 25.1126 25.0081 24.6947 23.5245 22.5226 21.6074 21.3075 21.2865 21.0703 20.8744 20.8885 20.9198 20.8382 20.629 20.1418 20.1117 20.1481 19.8565 20.0626 20.2125 20.2794 20.2857 20.3471 20.4498 20.41 20.3668 20.4117 20.4323 20.4262 19.7965 20.4404 20.4996 20.5926 19.0906 12.7645 14.1978 14.7894 17.3537 19.9098 20.5935 22.1512 15.3458 2.2375 0.7179 2.8212 2.9142 2.6791 2.2991 2.8856 2.6529 2.1146 1.9094 1.1701 1.5162 2.1609 2.4719 3.0114 3.1369 3.207 3.248 3.273 3.2886 3.2984 
26.4739 26.4424 26.3951 24.9734 24.9317 24.8409 23.6569 23.4006 22.3631 21.7403 21.4429 21.1541 21.0341 21.0299 20.9094 20.8382 20.8276 20.7036 20.486 20.1393 20.0727 19.9923 19.7503 20.0187 20.2198 20.3454 20.3314 20.3396 20.4004 20.3843 20.3594 20.4567 20.376 19.2168 16.3667 19.1867 18.6805 14.4715 15.0755 11.8692 12.3447 13.9198 15.0298 16.9299 18.9277 21.7242 24.7433 12.7696 5.0466 5.4235 5.5678 5.0387 5.1381 4.5263 4.973 3.2194 3.1505 2.2848 1.5527 2.3701 3.0763 3.2369 3.2999 4.162 4.2053 4.2344 4.2547 4.2696 
24.9221 24.9099 24.8868 24.8454 23.6393 23.5533 23.1202 21.9802 21.8507 21.386 21.3249 21.0181 20.9388 20.8808 20.8711 20.799 20.7185 20.5575 20.0837 20.0215 20.0219 19.7664 19.5748 19.7932 20.1995 20.2707 20.3095 20.4304 20.3585 20.359 20.3701 20.3573 20.2678 16.7656 17.0645 19.7379 18.0339 17.4889 11.3574 11.188 12.031 12.5512 13.8584 15.7558 16.9676 18.5582 21.3271 24.1205 16.2964 5.7683 5.8694 6.0202 6.1841 6.0976 6.2258 5.5153 5.1978 3.6682 3.0532 3.8637 4.0364 4.1486 4.2101 4.2455 4.2675 4.2822 4.2926 4.3002 
24.8603 24.8369 24.8008 23.5707 23.2265 23.1158 21.9568 21.8918 21.3534 21.3328 21.1086 20.9762 20.8714 20.8355 20.8319 20.7589 20.6261 20.4736 20.1283 20.0117 19.9875 19.7463 19.674 19.7503 20.0867 20.2476 20.2664 20.4381 20.4486 20.4429 20.454 20.3697 19.1131 13.7881 19.1691 11.1342 12.1983 11.8725 10.8458 10.1868 9.8657 12.3045 13.3173 14.2975 16.1498 16.9099 18.8606 22.1319 22.6756 17.67 7.8294 7.9494 8.6955 6.4231 6.2961 6.5964 6.2921 5.3692 5.0697 4.2188 4.3442 4.3528 4.3445 4.3386 4.3352 4.3334 4.3326 4.3323 
24.3705 24.3295 23.2481 23.1951 23.118 21.9458 21.9074 21.3398 21.3302 21.2987 21.0282 20.8529 20.8027 20.7308 20.6811 20.6247 20.4737 20.1675 20.0113 19.9617 19.8418 19.6867 19.775 19.8615 20.1611 20.2979 20.3521 20.4655 20.4538 20.4317 20.3681 20.3645 18.9643 19.5291 14.2187 8.4712 8.247 8.1089 8.8592 8.5485 8.8832 10.7202 12.4773 13.483 14.2159 15.3756 16.0897 18.5128 22.3944 22.2107 13.4341 9.9695 11.2086 13.6394 12.8554 7.7473 9.1651 10.4346 6.4462 5.962 5.7168 4.548 4.4703 4.4266 4.4 4.383 4.3716 4.3638 
23.2487 23.2192 23.178 23.1216 21.9397 21.9145 21.3328 21.3271 21.3101 21.0484 20.8465 20.793 20.7693 20.7042 20.6201 20.4905 20.4452 20.0541 19.8239 19.7937 19.5694 19.6265 19.7356 19.8594 20.023 20.419 20.4259 20.4665 20.3922 20.4366 20.4183 19.6729 20.1077 15.5756 6.4974 6.4466 7.4534 7.3867 6.2735 7.7283 9.0376 9.9757 10.9736 12.552 12.7952 13.3943 15.6276 16.3363 18.1583 20.2966 22.6435 17.5309 15.0424 16.1219 15.4861 14.6138 13.8688 14.4304 10.8468 8.6142 8.1354 6.079 6.051 6.0578 4.4547 4.4265 4.4069 4.3928 
23.2008 23.168 23.1251 21.9359 21.9182 21.3286 21.3242 21.3141 21.0561 20.844 20.8369 20.7806 20.6965 20.6036 20.5733 20.4067 20.0482 19.6789 19.5114 19.3922 19.3567 19.5246 19.7001 19.9523 20.1251 20.3804 20.4038 20.4639 17.3613 19.7837 19.4596 13.771 17.6781 7.8393 5.7511 5.4237 5.7359 5.4382 5.7687 6.8925 8.8026 9.5479 10.1162 10.6033 11.8454 12.7001 13.7335 15.4946 16.8648 19.0416 20.539 23.6624 16.3466 17.397 17.6616 18.956 17.6354 15.7297 13.2225 10.7926 8.9896 8.6289 8.4792 8.4287 7.115 7.1092 7.114 4.4179 
23.162 23.1283 21.9333 21.9202 21.3258 21.3223 21.3156 21.0594 20.843 20.8387 20.7844 20.6966 20.6751 20.5848 20.4216 19.976 19.6272 19.2613 19.052 18.7275 18.9515 19.2414 19.7843 20.0388 20.4011 20.4763 20.3817 20.4016 15.6566 19.0728 16.7925 19.4431 9.6355 5.1442 5.3786 4.2537 4.2612 3.7857 6.1068 7.0415 7.9415 9.1935 9.5885 9.6949 10.1723 12.3714 12.9095 13.6852 16.5488 18.9642 16.7471 23.8154 16.714 16.0006 20.0481 20.2537 19.4169 17.7723 15.7473 12.8737 10.2941 9.0594 8.8233 8.6965 8.6317 8.6019 7.2329 7.2212 
23.131 21.9316 21.9214 21.3238 21.3209 21.3161 21.3066 20.8424 20.8396 20.786 20.6959 20.6882 20.4588 20.4341 19.8722 19.7868 19.2314 18.9543 18.4419 18.4214 18.7194 18.9955 19.4729 20.2943 20.7055 20.5565 20.4374 19.5215 17.8638 14.5521 6.6723 8.8831 5.0722 3.9668 2.6502 0.2391 2.1917 2.399 5.9972 7.0119 8.0093 8.5697 8.751 8.8262 9.4933 10.7548 11.9007 13.6232 14.5773 16.2585 18.4581 19.9477 24.1874 24.9573 22.4638 20.7448 20.2875 19.145 17.5785 17.2545 14.4612 12.5528 9.9348 8.9088 8.8092 8.7486 8.713 8.6932 
21.9302 21.9222 21.9112 21.3199 21.3163 21.3096 20.8421 20.8401 20.7868 20.7835 20.6902 20.6435 20.4378 20.132 19.8086 19.3543 18.9737 18.6772 18.5282 18.5308 18.576 18.8599 19.5506 20.4195 20.6232 20.7176 20.5994 18.6713 18.0324 13.6548 5.4246 4.7671 4.4193 3.4185 1.2807 1.4117 3.0583 3.8344 5.6684 6.1906 7.6693 8.2971 8.3608 8.3645 8.9718 9.6443 11.5304 12.656 14.2634 14.8423 16.8361 20.0549 23.5739 27.9987 26.5893 24.7794 20.7779 19.2299 19.0677 17.4775 17.2918 14.4829 14.2878 11.038 8.9502 8.8723 8.8198 8.7851 
21.9227 21.9135 21.3191 21.3163 21.3114 20.8419 20.8404 20.7872 20.7849 20.6911 20.6465 20.4386 20.1409 19.683 19.3705 19.0079 18.7129 18.577 18.5789 18.6183 18.7423 18.957 19.6033 20.2549 20.6629 20.7563 18.676 19.9789 15.405 6.8994 5.1905 4.7149 2.9243 1.3955 0.633 2.5088 3.4893 5.0269 5.4226 5.9829 6.6994 7.8387 7.6962 7.6262 8.6022 9.4374 10.3634 12.574 13.3522 15.1791 19.1155 21.0112 23.3509 27.6838 27.212 26.0147 24.6838 22.6089 19.129 19.0425 17.4207 17.3019 14.4915 14.3532 11.6564 8.9717 8.9098 8.8653 
21.9152 21.3184 21.3162 21.3125 20.8418 20.8406 20.7874 20.7858 20.6915 20.648 20.4384 20.145 19.6807 19.3836 19.0115 18.7232 18.6729 18.6094 18.6698 18.8696 19.1032 19.2909 19.6901 19.3698 20.477 18.972 15.7171 15.2537 6.8529 5.2242 4.9053 4.1365 1.2833 1.1598 2.7079 3.8898 4.6187 5.1676 5.13 5.1674 6.4473 7.394 7.6897 7.467 8.0698 8.5555 9.1385 11.4467 13.1226 15.7024 19.1794 21.4698 22.0777 24.778 26.1572 26.135 25.1156 24.6112 22.6992 20.8491 19.033 17.3853 16.3616 14.4944 14.3916 11.7039 11.6024 8.9332 
21.3179 21.3161 21.3132 21.0573 20.8408 20.7875 20.7863 20.6917 20.6893 20.438 20.189 19.723 19.0316 19.0142 18.7279 18.6893 18.6183 18.6661 18.9047 19.1357 19.3116 19.6143 18.0519 8.02 19.7707 13.0157 18.6485 4.8101 4.1634 4.7297 4.0537 2.8181 1.2372 3.6852 5.0359 4.8883 5.512 5.3435 4.8033 5.2344 5.7645 6.4556 7.8371 7.2336 7.4555 8.4313 9.1885 11.7616 15.6061 18.2368 21.3597 21.1174 21.4424 22.9203 24.2223 25.7397 25.3145 24.8558 22.9957 22.73 20.9028 20.7543 17.3614 16.3378 14.4947 14.4155 11.7346 11.6511 
21.316 21.3136 21.058 20.8409 20.7876 20.7867 20.6918 20.69 20.2023 20.1909 19.7276 19.0289 19.0163 18.8555 18.6969 18.6204 18.8597 18.9193 19.1424 19.2744 19.4964 18.1752 17.0157 18.7323 14.7222 10.1928 6.638 4.7793 3.4088 3.3178 2.9061 2.2901 2.7944 4.5123 4.8529 5.0115 5.3964 5.4498 4.9591 4.795 5.6218 6.2615 6.9782 6.9051 7.3331 8.5775 10.7462 13.5386 18.6635 19.6585 20.5213 21.0039 21.0775 21.4113 23.1498 24.0444 25.045 25.1034 23.9189 22.9205 22.7402 20.9289 20.813 17.3442 16.3217 16.2347 14.4311 11.7551 
21.2602 21.0585 20.8409 20.8402 20.7869 20.6918 20.6903 20.5318 20.1919 19.7305 19.0275 19.018 18.8595 18.8551 18.8141 18.8684 18.894 19.1407 19.1844 19.4754 17.5265 17.375 14.9819 14.6363 8.5596 4.3487 4.4376 3.9604 3.2542 3.1069 2.8478 3.1003 4.0521 4.7021 4.4662 4.8606 4.8555 5.3495 4.4086 4.4527 4.7845 6.4983 6.5753 7.2923 8.4876 11.0868 14.358 19.3877 20.0084 20.1506 20.0959 20.8901 20.9899 21.0446 21.0706 23.1617 23.3679 24.9168 24.9949 23.8298 22.8722 22.7424 20.9418 20.8496 20.7816 16.3103 16.2411 14.4416 
21.2559 20.841 20.8404 20.7871 20.7863 20.6906 20.5323 20.1924 19.7322 19.2966 19.0193 18.8621 18.8591 18.8215 18.8721 18.8905 19.1384 19.1652 19.393 17.2905 17.1783 14.6272 14.0954 10.8942 8.3709 4.1216 4.1594 3.9317 3.5902 3.1169 3.2938 4.3086 4.7057 5.0014 4.2026 4.5336 4.8001 4.6636 4.7903 4.8284 5.3487 6.0805 7.1403 7.3242 15.0356 16.8879 20.0151 21.3885 21.9686 20.8667 20.8975 20.0555 20.9468 20.9977 21.0286 21.0456 23.1594 23.2922 24.8482 24.9325 23.7754 23.7094 22.7415 20.9479 20.8733 20.816 16.3019 16.2456 
20.8411 20.8405 20.7872 20.7866 20.6908 20.5325 20.1926 19.7333 19.3412 19.02 18.8639 18.9729 18.8256 18.8736 18.8873 19.1365 19.3581 19.3812 17.1572 17.0934 14.4544 11.6403 10.8542 9.7882 6.1643 4.0048 3.8268 3.52 3.5734 3.4581 3.5953 4.4928 4.4632 4.2937 4.1211 4.3905 4.8459 4.3418 4.3516 4.8923 5.5283 6.4517 8.3787 12.0651 15.4391 19.7964 16.5085 17.3667 19.9487 20.17 20.7447 20.9671 21.7234 20.9725 21.0015 21.0206 23.0294 23.1551 23.2474 24.1031 24.8936 23.7397 23.691 22.7394 20.9504 20.889 20.8404 16.2955 
20.8407 20.7873 20.7867 20.6909 20.5327 20.1926 19.734 19.3439 19.0211 18.8653 18.9773 18.8279 18.8741 19.0835 19.1349 19.3586 19.3749 17.069 17.0286 14.3229 11.4362 10.9808 10.2373 6.8743 3.9805 3.7854 3.447 3.2186 3.5229 4.0494 4.2076 4.8542 4.2616 3.9587 4.0823 4.406 4.6519 4.5646 4.3668 4.2859 5.1045 7.0677 9.7835 18.6462 19.7013 18.6182 15.9208 16.5538 17.7817 20.0965 19.7124 20.6727 20.9853 21.7706 20.985 21.0033 21.0162 23.0619 23.151 23.2189 24.0686 23.702 23.7149 23.6776 21.0137 20.9509 20.8996 20.858 
20.7873 20.7869 20.6909 20.4097 19.9036 19.7345 19.3459 19.022 18.978 18.9803 18.9834 18.8741 19.0837 19.0955 19.3591 19.3712 19.3864 16.9783 16.8154 11.2842 11.0026 10.2385 7.1391 6.532 3.8034 3.7219 3.4642 3.5186 3.6623 3.9666 4.3411 4.4031 3.9093 3.8745 4.0892 4.561 4.7427 4.6814 4.2907 4.514 4.9598 11.7443 13.9258 17.5866 20.3942 19.6985 18.3132 16.5445 16.7848 17.8606 20.0178 19.5315 20.639 20.9907 21.7934 20.9918 21.0042 21.0134 23.0814 23.1476 23.1994 24.0454 23.6721 23.6969 23.6674 21.0025 20.9504 20.907 
20.787 20.691 20.6903 19.9028 19.4755 19.3473 19.0227 18.9804 18.9825 18.9852 18.8738 19.0838 19.0931 19.3597 19.3689 19.3803 16.9386 16.7858 11.1711 10.9846 10.3421 7.2445 6.6395 3.9339 3.7762 3.5236 3.5769 3.6297 3.8808 4.0396 4.2587 4.1931 4.0881 3.5907 4.0063 3.9476 4.8318 5.1158 4.3439 5.945 7.7714 16.7419 18.5683 16.6656 18.7723 19.0667 18.822 16.8931 16.755 17.5576 17.8736 19.9871 19.4462 21.0017 20.992 21.8059 20.9957 21.0047 21.0116 23.0937 23.1447 23.1856 23.2179 23.6503 23.6835 23.6596 20.9932 20.9492 
20.7867 20.6904 20.2402 19.4752 19.1922 19.1825 18.9822 18.9841 18.9864 18.8734 19.0838 19.0914 19.3602 19.3675 19.3763 16.9066 16.7614 13.7321 10.9546 10.3846 9.984 6.7771 3.9503 3.6571 3.6497 3.5879 3.6341 3.8033 3.9083 3.9581 3.7729 3.5051 3.478 3.5622 3.6362 3.4072 3.559 4.9368 4.6532 10.3426 12.9352 17.334 15.9499 16.8975 18.1022 19.6045 18.3813 17.0641 16.9031 16.829 17.6845 17.8738 19.9718 19.9994 20.9986 20.9919 21.8133 20.9982 21.005 21.0103 23.1018 23.1422 23.1754 23.2021 22.6007 23.6731 23.6533 20.9853 
20.6905 20.2401 19.4748 19.193 19.1846 18.9836 18.9852 18.9873 19.0785 19.0838 19.0901 19.3606 19.3665 19.3736 16.797 16.741 13.7053 10.9229 10.3995 10.1082 6.8547 6.5846 3.6687 3.6659 3.6033 3.6297 3.6572 3.8789 3.75 3.7321 3.6857 3.6552 3.2955 3.2825 3.6015 3.5416 4.1061 4.7659 6.4271 10.8496 17.9944 13.5958 16.3742 17.0647 16.9971 19.1795 16.9058 17.5153 16.9896 16.9084 16.8627 17.7468 17.8712 19.9629 19.1107 20.9962 20.8904 21.818 20.9998 21.0051 21.0094 22.6292 23.1402 23.1675 23.1901 22.5858 23.6649 22.0126 
20.24 19.4745 19.1936 19.1863 18.9846 18.9861 18.988 19.0793 19.0838 19.089 19.361 19.3659 19.3716 19.3783 16.7238 13.6813 13.5418 10.4015 10.1821 6.9015 6.7016 3.7977 3.6745 3.6573 3.6315 3.6476 3.6692 3.7183 3.7336 3.7433 3.6614 3.682 3.5834 3.271 3.8742 4.404 4.6624 7.8047 14.656 18.8415 18.3679 15.3703 16.0298 15.3714 17.1173 17.1471 19.3172 17.0659 17.4589 16.9603 16.9117 16.8807 17.7807 17.8681 19.9571 19.0912 20.9943 20.8889 21.8212 21.001 21.0052 21.0086 22.6316 23.1385 23.1614 23.1806 22.9842 22.5658 
19.4743 19.194 19.1877 18.9855 18.9868 18.9884 19.0799 19.0837 19.0882 19.3614 19.3654 19.3702 19.3757 16.7091 13.66 13.5487 10.3975 10.2272 6.9314 6.7788 3.8054 3.6609 3.6612 3.632 3.6425 3.6561 3.7575 3.7785 3.7673 3.7522 3.6838 3.7097 3.6093 2.811 3.369 4.1048 5.6796 10.2131 14.5872 19.2167 19.6422 18.0528 15.9362 16.1011 15.1988 15.2265 17.4139 17.5316 17.0124 15.3749 16.9461 16.9138 16.8915 17.8007 17.8653 19.9531 19.0777 20.9928 20.8876 21.8235 21.0018 21.0052 21.0081 22.6333 22.6606 23.1565 23.1731 22.9751 
19.1943 19.2718 18.9861 18.9874 18.9888 19.0803 19.0837 19.0876 19.3616 19.3651 19.3691 19.3737 16.6966 13.6411 13.5504 10.3907 10.2552 9.9073 6.7452 3.8108 3.6632 3.6266 3.6322 3.6395 3.6487 3.7563 3.7812 3.776 3.7696 3.5494 3.5381 3.3143 2.8674 2.3752 2.8489 6.7246 10.6852 15.7347 15.8489 19.093 19.7435 18.6487 18.1512 16.0612 16.1265 15.1438 15.1693 17.4544 17.9991 16.9843 16.9693 16.9384 16.9153 16.8985 17.8131 17.8627 19.9502 19.068 20.9914 20.8865 21.8251 21.0024 21.0052 21.0077 22.6344 22.6578 23.1525 23.167 
19.2729 18.9867 18.9878 18.9891 19.0807 19.0837 19.0871 19.3619 19.3649 19.3683 19.3722 16.6856 13.6244 13.5492 10.3829 10.2727 9.9538 6.7762 3.6647 3.6647 3.6278 3.6321 3.6375 3.7562 3.756 3.7829 3.78 3.7765 3.5094 3.3099 3.2605 3.0038 2.7905 2.7958 4.3202 11.1184 10.1319 11.8988 13.2905 15.627 18.5072 18.7304 18.4036 18.1887 16.105 16.139 15.1203 15.1403 17.4757 18.0053 16.968 16.956 16.9337 16.9164 16.9033 17.8213 20.3578 20.3597 19.0607 20.9903 20.8855 21.8262 21.0028 21.0052 21.0073 22.6353 22.6555 23.1492 
19.2698 18.9881 18.9893 19.081 19.0837 19.0866 19.3621 19.3647 19.3677 19.371 16.6761 13.6095 13.5462 10.3748 10.1329 9.9869 6.7992 3.6656 3.6657 3.6286 3.632 3.6362 3.7561 3.756 3.784 3.7822 3.78 3.4897 3.2825 3.2523 3.0201 2.9327 4.2434 6.2253 8.8592 10.9794 9.4016 9.3128 11.464 12.6223 16.9777 18.3735 18.4952 18.3237 18.2072 16.1257 16.1464 15.1083 15.1238 17.4878 18.0079 16.9577 16.9475 16.9307 16.9173 16.9067 17.8268 20.3578 20.3593 19.0551 20.9893 20.8847 20.8814 21.0031 21.0052 22.6158 22.6358 22.6535 
18.9884 18.9894 19.0813 19.0836 19.1071 19.3624 19.3646 19.3672 19.37 19.3732 13.5963 13.5422 10.3668 10.1335 10.011 6.8166 3.6663 3.6663 3.6291 3.6318 3.6351 3.7562 3.7859 3.7848 3.7835 3.4864 3.4794 3.2699 3.2502 3.2183 2.9768 2.9116 5.8402 6.9804 9.7408 10.1199 9.6311 10.145 11.1593 11.6188 12.4472 17.0745 18.3182 18.3923 18.2906 18.2182 16.1374 16.1513 15.1015 15.1136 17.4952 18.0085 16.9509 16.9418 16.9286 16.9179 16.9093 17.8306 20.3577 20.3589 19.0507 20.9884 20.884 20.8812 21.0034 21.0052 22.6188 22.6363 
18.9896 19.0815 19.0836 19.1069 19.3625 19.3645 19.3668 19.3693 19.3721 13.5844 13.5378 13.2172 10.1329 10.0287 6.8088 3.6668 3.6669 3.6294 3.6317 3.6344 3.7562 3.7862 3.7854 3.7844 3.4796 3.4737 3.2632 3.2496 3.2293 2.9946 2.9565 5.9389 6.844 9.5072 9.1986 9.8449 9.6491 10.1716 10.6568 11.5124 11.7149 13.1163 18.1481 18.2912 18.3408 18.2746 18.2253 16.1448 15.0841 15.0973 15.107 17.5 18.0083 15.2746 16.9378 16.9272 16.9185 16.9113 17.8333 16.4795 20.3585 19.0472 20.8862 20.8834 21.9193 21.0036 21.0052 22.6211 
19.0817 19.0836 19.1068 19.3627 19.3645 19.3665 19.3687 19.3711 16.5312 13.289 13.218 10.1316 10.0421 6.8306 3.6672 3.628 3.6296 3.6315 3.7563 3.7563 3.7864 3.7858 3.7851 3.4751 3.4702 3.2593 3.2493 3.2354 3.0032 2.9788 6.0074 6.1951 7.0287 8.9912 9.1294 9.737 9.6375 10.3344 10.768 11.0797 11.6601 12.4357 13.1487 15.0973 16.6154 18.3122 18.266 18.2304 16.1498 15.0842 15.0945 15.1024 17.5031 16.9758 15.2631 16.9349 16.9262 16.9189 16.9128 17.8353 16.4779 20.3581 19.4048 20.8853 20.8828 21.9198 21.9136 21.0051 
19.0836 19.1067 19.3629 19.3645 19.3662 19.3682 19.3703 16.526 13.2804 13.218 10.1299 10.0521 6.8475 3.6675 3.6283 3.6297 3.6314 3.7563 3.7563 3.7866 3.7861 3.7856 3.4721 3.468 3.2568 3.2492 3.2391 3.0079 2.9912 6.0561 6.175 6.9453 9.5881 8.9941 9.0771 9.6834 9.6246 10.4185 10.8488 10.8958 11.1951 11.7395 12.4856 13.8104 15.0777 16.5722 18.295 18.261 18.2342 16.1534 15.0843 15.0926 15.0992 15.349 16.9678 15.2543 16.9327 16.9255 16.9193 16.9141 17.8368 16.4765 20.3578 19.4033 20.8845 20.8823 21.9202 21.9147 
19.1066 19.1091 19.3644 19.366 19.3678 19.3697 16.5213 13.2726 13.2174 10.128 10.0598 6.8606 3.6677 3.6286 3.6298 3.6312 3.7564 3.7872 3.7868 3.7864 3.4727 3.4701 3.4666 3.2551 3.2492 3.2415 3.0107 2.9986 4.5976 6.1736 6.2882 8.8189 8.9268 8.9851 9.0396 9.6522 9.6139 10.4683 10.4417 10.9347 11.2082 11.2615 11.7886 12.5423 13.8421 15.0642 16.5439 18.284 18.258 18.1912 16.1561 15.0844 15.0913 15.0968 15.3459 16.9616 15.2475 16.931 16.9249 16.9196 17.8219 17.8378 16.4752 20.3575 19.4021 20.8838 20.8818 21.9205 
19.1088 19.3644 19.3659 19.3674 19.3691 16.5171 13.2656 13.2164 10.1259 10.0657 6.871 3.6679 3.6288 3.6299 3.6311 3.7564 3.7873 3.787 3.7866 3.4709 3.4686 3.4656 3.2539 3.2491 3.2431 3.0125 3.0033 4.6089 6.1786 6.2589 8.7691 8.9101 8.9314 8.9737 9.0122 9.632 9.6052 10.5007 10.479 10.9672 10.9919 11.2661 11.778 12.4899 12.5801 13.7449 15.0545 16.5245 18.2767 18.2562 18.1943 16.1582 15.0846 15.0903 15.095 15.3434 16.9567 15.2421 16.9297 16.9245 16.9199 17.8247 17.8386 16.474 20.3572 19.401 20.8831 20.8814 
19.3644 19.3657 19.3671 19.3687 16.5134 13.2592 13.2151 10.1238 10.0703 6.8118 3.6281 3.629 3.6299 3.631 3.7565 3.7874 3.7871 3.7868 3.4695 3.4675 3.4649 3.2531 3.2491 3.2443 3.0137 3.0066 2.998 6.1857 6.2448 6.3201 8.8469 8.8995 8.9309 8.9627 8.9913 9.618 9.5982 10.5232 10.5056 10.4949 11.0113 11.2745 11.305 11.813 12.5215 13.6566 14.933 15.0473 16.5107 18.2716 18.255 15.994 16.1598 15.0847 15.0895 15.0936 15.3412 16.9528 15.2377 16.9287 16.9241 16.9201 17.827 17.8392 16.473 20.357 19.4 20.8826 