ncols 43 
nrows 69 
xllcorner 159178.518005
yllcorner 384402.263977
cellsize 0.25
nodata_value -9999 
46.1963 46.1892 46.1806 45.4869 43.6238 43.569 43.5061 41.8144 41.2937 39.7511 39.0382 38.6295 40.2868 42.5735 42.0666 43.5806 43.6637 43.7491 45.2455 45.2597 46.2629 46.2541 45.5721 46.3996 46.4179 46.4348 46.4497 45.9212 46.2349 46.2379 46.2397 46.3386 46.3367 46.3348 45.9076 45.9008 45.895 45.9678 45.6769 45.6723 46.6873 46.6887 47.0368 
46.2063 46.1991 46.19 46.1788 43.9636 43.6098 43.5398 41.8265 41.8045 41.2644 39.0368 38.6326 40.2517 40.3205 42.0324 43.5579 43.661 43.7687 45.2526 45.2705 46.2551 45.5873 45.5776 46.3989 46.4216 46.4419 45.9245 45.9321 46.2426 46.245 46.3433 46.3409 46.3384 45.9106 45.9026 45.9746 45.6187 45.6769 45.6718 46.686 47.0349 46.5074 47.9633 
46.2181 46.2111 46.2018 46.1898 45.5054 43.9569 43.585 43.4941 41.818 41.2929 39.0349 39.0369 38.6295 40.281 41.9781 43.5206 43.6506 43.7902 45.2615 45.2848 46.2444 45.5963 45.5838 46.3999 46.4284 45.927 45.9385 46.2485 46.2519 46.3494 46.3462 45.9256 45.914 45.9044 45.6261 45.6836 45.6766 45.6708 46.6844 46.5031 47.1892 47.964 47.9699 
45.3882 46.2258 46.2166 46.2042 46.1879 45.4938 43.9413 43.5424 41.8368 41.802 39.7807 39.0345 38.6347 40.2223 40.3418 42.1006 43.6259 43.8126 45.2728 45.3045 46.2289 45.6071 46.3635 46.4041 46.4405 45.9452 46.2562 46.2613 46.3575 46.3531 45.9324 45.9178 45.9061 45.6283 45.6838 45.6757 45.6691 46.6822 46.5047 47.191 47.9649 47.9715 47.9772 
45.4147 45.4112 46.2352 46.2228 46.2054 46.1824 44.002 43.9097 41.8634 41.8235 41.7715 39.031 39.0343 38.6296 40.2734 42.0135 43.5728 43.8323 45.2877 45.3332 46.2053 45.6198 46.3587 46.4152 45.9508 46.2662 46.2745 46.3688 46.3626 45.9407 45.922 45.9073 45.6305 45.6832 45.6738 46.3899 46.4968 46.5069 47.1935 47.9661 47.9737 47.9801 47.9854 
45.4444 45.4448 45.4407 46.2471 46.2295 46.204 46.1699 43.98 43.5438 41.8568 41.7934 39.7663 39.0291 38.6399 40.1573 41.5528 43.2692 43.8395 44.2192 45.3793 46.1666 45.6343 46.3596 45.9499 45.9885 46.2946 46.386 46.3764 45.9513 45.9263 45.6459 45.6321 45.6813 45.6704 46.3841 46.4979 46.51 47.9572 47.9679 47.9766 47.9838 47.9897 47.9944 
45.4769 45.4828 45.4846 45.4798 46.2627 46.2361 46.1962 44.9086 43.9259 41.9087 41.8334 41.7236 39.0211 38.6566 39.9663 40.2604 43.1059 43.8087 44.4116 45.4657 45.6925 45.6501 45.925 46.0067 46.3282 46.4148 46.3982 45.9651 45.9301 45.6501 45.6326 45.6771 45.6645 46.4813 46.4997 47.1821 47.9576 47.9703 47.9805 47.9887 47.9952 48.0003 47.9212 
45.5114 45.5243 45.5347 45.5395 45.5344 46.2837 46.2401 46.1718 44.0481 41.9891 41.9072 41.7591 39.699 39.0105 38.6632 39.9468 41.555 42.8911 44.8923 45.6897 45.6889 45.6784 46.0047 46.0246 46.0238 46.0661 45.9834 45.6875 45.6527 45.6893 45.6684 45.6544 46.4792 46.5026 47.1847 47.9586 47.9739 47.9859 47.9952 48.0023 48.0078 47.9263 48.2633 
46.66 45.5681 45.5895 45.6083 45.6198 45.6152 45.5789 46.2329 44.9552 43.9333 42.044 41.8579 40.3763 38.9801 38.7148 38.185 40.6127 42.564 44.6804 46.1274 45.5787 46.0198 46.1357 46.2231 46.1737 46.0077 45.6993 45.6486 45.6749 45.6513 45.4647 46.4766 46.5073 47.1892 47.9604 47.9792 47.9934 48.0039 48.0117 47.9317 47.9325 48.2653 48.2618 
46.6677 46.6876 45.8913 45.6828 45.7191 45.7467 45.7467 45.6786 46.1788 44.799 42.2792 42.1349 41.505 38.9598 38.8171 38.9252 37.46 40.3624 41.8723 41.5162 44.5787 45.1107 47.2232 46.5379 46.028 45.6903 45.622 45.6399 45.6182 45.3491 46.4732 45.9026 47.9314 47.9638 47.9873 48.0041 48.0161 47.9383 47.9397 48.272 48.2674 48.2634 48.2599 
46.6726 46.6945 46.7223 45.9643 46.0499 45.8994 45.9718 45.994 45.8266 44.9055 43.1489 42.8084 42.1191 39.3495 38.6496 38.0838 34.4928 37.19 37.3725 38.3633 38.9115 43.4429 45.6877 45.3588 45.55 45.5248 45.56 44.697 45.3303 45.8501 45.918 47.9259 47.9701 48.0001 48.0202 47.9467 47.9492 47.9502 48.2755 48.2698 48.265 48.4576 48.4523 
46.5183 46.5435 46.7256 46.7648 46.8217 46.2065 46.2228 46.4482 46.5832 45.8395 43.7099 42.6926 46.5195 39.8569 36.8681 32.8216 33.0086 33.1376 34.8722 36.7783 37.6999 38.3736 42.9968 45.2992 44.7565 44.817 44.722 45.2833 45.8317 45.9437 47.9191 47.9821 48.0212 47.9567 47.962 47.9641 48.288 48.2795 48.2724 48.2665 48.4548 48.449 48.4443 
46.1686 46.2014 46.2429 46.6083 46.6657 46.7597 46.4437 46.9049 47.6732 47.4215 43.5568 41.1808 39.3378 36.3365 35.4413 31.1383 30.3154 30.9613 32.0105 32.9834 35.0898 36.5178 39.5189 42.7844 45.1679 44.3036 44.6245 45.7774 45.9 47.9109 48.0066 47.9662 47.9796 47.9848 47.9854 48.2954 48.2842 48.2751 48.4584 48.4503 48.444 48.4392 48.4354 
46.0126 46.0586 46.214 46.2556 46.3089 46.3845 46.5194 46.3436 47.1137 46.2446 43.1309 39.8002 36.8486 35.958 32.674 31.3355 29.0186 28.5222 29.1962 31.4016 31.6157 33.3126 35.9445 39.1212 43.2809 44.0211 45.0921 45.9853 47.1553 47.9558 48.0016 48.0183 48.021 48.3245 48.3046 48.2892 48.4641 48.4521 48.4432 48.4367 48.2737 48.2679 48.3668 
44.6004 45.9684 46.0082 46.0607 46.1296 46.2716 46.2548 46.1327 45.4687 43.0408 40.2602 38.3035 35.8146 33.3007 31.3745 28.4684 27.2071 26.4876 27.7783 28.1323 30.8606 31.8983 34.2083 38.2981 41.9381 44.5987 46.068 47.238 47.9875 48.0768 48.0925 48.0835 48.3467 48.3157 48.2936 48.4544 48.4411 48.432 47.9245 48.2629 48.3596 47.6764 47.6843 
42.8242 42.9083 43.0292 43.2088 43.4839 46.0126 45.2182 45.3142 44.317 42.2775 38.0548 35.8602 32.4591 30.7552 29.0594 27.9195 25.8153 23.2206 22.7176 27.2405 28.1941 30.6876 32.4619 35.1552 39.2138 43.3475 47.0993 48.0976 48.2961 48.2636 48.46 47.7475 47.6526 48.4573 48.4351 48.4218 47.9198 47.903 47.6031 47.6733 47.6848 47.6935 47.7 
39.5259 39.6368 39.8048 40.0722 40.5256 41.3546 43.0024 46.2982 45.189 39.9193 36.0458 35.3107 31.1286 28.8931 28.5581 25.4448 24.3217 21.3594 21.626 22.6957 26.7205 28.7406 31.3983 33.4967 37.7381 39.7699 47.1463 49.2451 48.3877 47.9904 47.726 47.605 47.4814 47.4639 47.9045 47.8827 46.7721 47.666 47.684 47.697 47.7064 48.2211 48.2287 
39.2601 39.2968 39.3565 39.4599 39.6527 40.0485 40.939 42.6328 41.4323 39.6671 34.0919 32.08 28.7966 26.9265 25.1307 24.1525 22.3359 20.6041 20.07 21.7035 24.3061 26.884 29.8874 31.7209 34.6938 38.4007 40.7855 46.6502 46.8439 46.6822 46.5089 47.396 47.7045 47.079 46.7826 46.7858 47.6793 47.7006 47.7151 48.2216 48.2327 48.2407 48.2464 
36.4323 36.4598 36.4879 36.5107 36.5097 36.4257 36.0673 34.9839 33.1378 32.5844 30.7527 29.8859 26.8395 23.746 22.9185 22.1062 20.7563 19.7451 17.4852 19.5644 23.1456 25.6767 27.2759 30.9521 34.3172 37.1602 40.7377 42.9409 44.8747 44.4782 45.409 45.9998 46.7975 46.8068 46.8083 47.4185 47.4436 47.4585 48.2379 48.2498 48.2576 48.8812 48.886 
36.1607 36.1094 36.0212 35.8651 35.5782 35.0318 33.9992 31.2514 30.9089 28.7327 28.3349 26.567 24.2989 22.9163 21.3679 19.6889 18.9569 17.8998 16.6601 16.7099 18.6189 23.1737 27.2129 27.9455 32.6889 36.0595 38.9134 42.625 45.1783 45.432 46.1595 46.8551 46.8567 47.4018 47.4569 47.4876 48.2445 48.2641 48.2756 48.885 48.8915 48.896 48.8989 
32.88 32.8169 32.7096 32.5301 32.2362 28.1351 28.4909 28.9504 28.5403 25.232 23.0883 23.3716 20.5316 20.1529 19.7179 18.4652 17.0131 16.759 15.5738 15.5733 18.1076 20.1387 24.061 28.2201 29.4592 33.0233 36.1119 41.79 43.4799 46.1718 46.7762 47.3301 47.452 47.5317 48.2522 48.2896 48.3081 48.4525 48.9018 48.9072 48.9103 48.912 48.7708 
30.8872 30.7646 27.3098 27.3367 27.3472 27.3063 27.1054 26.3783 23.6649 22.5421 21.5802 18.884 17.5691 17.1688 17.9043 15.7248 15.6522 15.2068 14.4004 14.3807 15.1894 20.5083 22.5655 24.3705 29.7206 31.4199 34.9026 38.0018 44.8161 46.6814 47.4295 47.5653 47.6984 48.3469 48.4949 48.4927 48.9243 48.9292 48.931 48.7911 48.7835 48.7773 48.7721 
27.0794 27.064 27.0298 26.9604 26.8223 26.5435 23.7227 21.31 19.6964 19.1116 17.6771 17.1059 15.064 13.9205 13.1642 14.4369 14.0398 13.9793 13.282 13.0184 14.1572 16.4941 22.045 22.9017 26.5751 30.948 34.5632 37.6222 40.5024 46.4155 47.8058 48.2048 48.6303 48.6019 48.7431 48.7347 48.7261 48.8183 48.8041 48.7932 48.7847 48.7778 48.3798 
26.917 26.863 26.7768 26.6374 24.5911 21.4962 21.0948 20.4361 18.0659 16.5467 15.4591 13.0285 13.1296 12.8159 11.3127 10.296 12.3523 12.1899 12.1312 11.9239 13.052 14.7113 19.4307 22.8235 24.8794 27.741 33.0312 36.3961 41.4845 44.0291 47.6841 49.1044 48.5387 48.8602 48.7561 48.7066 48.674 48.37 48.3451 48.4107 48.3884 48.3712 48.3578 
26.772 24.7821 24.6573 21.4788 21.3105 21.04 17.5142 15.1719 14.9539 13.0431 11.449 11.8809 10.5447 10.1594 9.2255 8.1972 7.7945 9.0589 10.3358 11.1778 11.7916 14.2418 17.6784 21.0849 24.5221 27.4523 30.5255 33.1166 39.4921 43.7999 46.8224 48.5231 48.6497 48.5662 48.477 48.4212 48.3826 48.4225 48.3924 48.3707 48.3547 48.3426 48.3332 
24.3417 21.4465 21.3586 21.2272 15.9071 14.7853 13.611 13.3567 11.2181 10.9222 10.2794 10.1768 9.1532 7.6999 6.5729 5.794 6.434 6.4178 7.4409 9.6167 11.3803 13.6589 14.7808 20.0094 23.6881 25.7936 29.8224 33.6073 35.8979 41.2948 45.1801 48.7343 48.5547 48.4835 48.4749 48.4134 48.3761 48.3524 48.3365 48.3253 47.7636 47.7502 47.74 
18.9264 18.7882 15.7954 15.6946 12.9015 12.7693 11.8494 11.093 9.687 9.643 9.0755 8.4841 7.4831 5.6048 4.9798 4.1129 3.8968 4.9784 6.2885 7.7219 10.3105 12.2271 15.1624 17.5911 22.3246 26.0768 27.5563 31.1359 37.1327 38.1649 44.1365 48.0307 48.39 47.7354 47.4982 47.3851 47.321 47.7721 47.7516 47.7376 47.7277 47.0486 47.0335 
18.6175 12.9031 12.8504 12.0365 11.9382 11.7925 9.5892 9.5553 8.9347 8.8508 8.5799 6.9171 5.7203 4.3288 2.7789 2.2434 2.5269 3.5277 5.7992 9.2029 10.8829 12.2949 15.1084 18.3748 21.1785 24.4736 29.1218 31.0783 33.7222 39.5686 42.2404 46.0758 46.7803 46.5495 46.886 46.823 46.7835 47.0742 47.0507 47.0279 47.0127 47.0021 46.9947 
12.8307 12.0361 11.9772 11.8958 9.5637 9.5431 8.8857 8.862 8.8081 8.6944 5.6033 5.1336 4.114 3.2852 2.2352 1.5364 1.656 3.8911 5.4055 9.3905 10.5424 13.1189 14.7946 17.3031 21.5929 24.4653 26.9316 30.4545 33.5453 36.2847 42.5324 44.4429 45.4528 45.88 46.6696 46.6491 46.6361 46.6283 46.6234 46.6203 46.7206 46.7171 46.7148 
11.9977 10.9732 10.8981 9.5414 8.0951 8.0686 8.0192 7.9282 6.5486 5.2527 4.9436 4.0414 3.723 3.3374 2.28 1.4757 2.5011 4.5576 6.9107 8.4406 12.3926 14.6075 15.3494 17.0813 19.5243 24.4319 26.4221 29.1143 32.7272 36.4121 38.7485 43.8128 45.584 45.1548 45.6683 45.6151 46.5935 46.6185 46.6361 46.6489 46.4141 46.4282 46.7882 
10.9379 8.0476 8.0326 8.0093 7.973 7.9164 6.5519 6.4229 5.1693 3.8786 3.8793 3.8831 3.825 3.5453 3.1987 3.6178 4.2726 5.7425 7.5517 10.5122 12.1707 14.3124 16.4611 17.5249 19.349 22.8982 25.8658 29.4278 31.8015 34.6723 38.1907 43.9938 45.7023 45.0964 45.38 45.2655 45.5413 45.4893 45.455 46.4235 46.4397 47.0386 47.8817 
8.0013 7.9825 7.956 7.9185 6.5588 6.4886 5.3945 5.2455 4.349 4.3455 4.3476 4.3734 4.3938 4.6886 4.8841 4.549 5.6664 7.115 8.8942 10.5838 12.9398 15.0549 16.7523 17.6163 18.7462 22.6559 26.2279 28.5172 30.9733 35.418 37.7224 42.1933 44.9965 45.2352 45.2034 45.4764 45.4291 45.6222 45.6384 47.8463 47.3401 47.8315 47.8429 
7.9495 7.9232 7.8879 6.5206 5.3521 5.3165 4.3963 4.4045 4.4196 4.449 4.5104 4.9817 5.6965 6.1377 6.2274 6.9149 7.1607 8.5213 10.1928 12.3032 13.5811 15.0357 16.8248 18.1001 18.9492 22.9387 25.4732 28.3016 31.0141 34.4999 37.3824 40.1027 42.7019 44.1371 44.6483 44.9583 45.7136 45.8735 47.3437 47.852 47.8721 47.8813 47.8842 
7.903 6.469 5.369 5.3481 4.4124 4.4203 4.4323 4.4509 5.6021 5.6462 6.1544 6.8498 6.8979 7.0431 7.6774 8.4959 9.1499 10.0428 11.8902 12.8153 14.6853 16.5449 17.4896 18.8021 20.2754 21.5907 25.0608 28.5742 31.3458 33.6921 36.0485 40.3713 44.2839 44.5309 44.475 45.7681 46.4653 47.8821 47.9256 47.9405 47.9416 47.9364 47.9285 
5.3782 5.3646 5.3477 4.4247 5.6711 5.6918 5.6991 5.7398 6.5011 6.5905 7.0741 7.2129 7.5216 8.6342 9.9954 9.4623 10.3687 11.3747 12.6541 14.2251 15.8264 16.5624 18.366 18.886 20.6064 21.5898 24.0935 28.2504 29.701 33.5218 36.0473 38.6126 42.3847 44.4086 45.5204 47.3645 48.0341 48.0699 48.0615 48.0397 48.0157 47.9931 47.973 
5.6887 5.6987 5.7125 5.7316 5.7366 6.4953 6.5313 6.5858 6.6688 7.1431 7.2605 8.0977 8.3648 9.1873 9.8826 10.7327 11.9561 12.9169 14.1726 15.4284 16.473 17.6175 18.9762 20.0116 20.8182 22.5329 23.7477 28.1453 30.6779 33.0261 36.1214 38.1095 41.2618 47.6752 47.4395 47.9559 47.9044 47.7545 47.6176 47.5073 48.0867 48.0466 48.0146 
5.7341 5.7503 6.4969 6.5153 6.5408 6.5763 6.626 6.696 7.1557 7.2417 9.2032 10.8178 11.0485 12.5578 13.1605 13.9563 14.1786 14.5707 15.1882 16.9992 18.0773 18.6176 19.7741 20.5122 21.5096 22.6923 23.8786 26.3437 30.7932 33.1446 34.851 38.4819 40.6905 45.1622 49.5083 48.9226 48.2853 47.8958 47.6458 47.4742 47.3498 47.2556 47.182 
6.5105 6.5248 6.5436 6.5682 6.6007 6.6439 7.1042 8.9639 10.929 11.0279 11.1909 14.3768 14.4496 14.6743 15.1141 15.8907 15.3647 16.0272 17.6378 18.1502 18.5988 19.6607 20.5417 21.4052 22.3668 23.0496 23.7317 26.698 29.3271 32.0041 34.8121 37.7403 40.1046 43.5488 48.6381 49.0779 48.3 47.8754 47.619 47.4484 47.3267 47.2354 47.1644 
6.5439 6.5619 6.5847 6.6136 8.957 10.984 11.0328 13.0389 13.1349 13.2794 14.663 14.7659 14.9561 15.275 16.3685 16.4897 17.0231 17.6434 18.5068 19.4623 20.3917 20.6203 21.4121 21.8398 22.5576 23.823 24.3729 26.2767 28.6977 32.0235 36.9716 37.8372 40.8489 40.2116 44.9828 47.1598 47.0025 47.6777 47.5026 47.3714 47.2718 47.1941 47.1321 
6.5738 6.5944 8.8489 11.0442 13.0773 13.1274 13.1976 13.2954 14.7357 15.7802 15.8678 16.0093 16.2241 17.7446 17.7691 17.9482 18.3714 19.4021 19.4767 20.2402 21.2557 21.9939 22.3796 22.3821 23.4724 24.083 24.8948 26.3527 31.7266 32.1321 46.7376 37.3351 39.3611 40.0734 42.067 45.2734 45.9582 46.0063 45.9328 45.8324 46.9181 46.8623 47.0876 
10.8822 13.1043 13.1342 13.1739 13.2263 13.2954 15.8165 15.8539 15.91 15.993 16.1133 17.9358 17.9689 18.0451 18.2145 18.9711 19.8715 20.4118 21.0821 21.7452 22.1058 22.4575 23.0968 23.4912 23.9453 24.9273 27.0157 27.3827 39.6848 34.6646 36.1625 37.0052 38.1846 39.3019 40.0591 42.2957 44.659 46.1252 46.2038 45.5711 45.5408 45.4987 46.7206 
13.1686 13.2003 13.2406 13.2915 15.8641 15.8922 15.9311 15.9847 16.0581 18.0006 18.0249 18.0667 19.3296 19.4009 19.5488 20.4791 21.2845 21.545 22.1527 22.3891 22.7137 23.7716 23.6004 24.0625 25.7922 26.8518 32.4983 30.134 40.1299 41.8594 37.7396 38.8182 37.5362 38.2064 39.2435 41.8993 44.0679 44.4528 44.6673 45.9949 46.0222 46.026 45.3357 
13.248 13.287 15.8923 15.914 15.9424 15.9796 16.0283 18.0285 18.0457 19.3814 19.4063 19.4492 19.5224 20.7214 20.8243 21.6479 21.8567 22.5087 22.8005 23.1977 23.8376 24.2692 24.2198 24.9623 27.19 28.0772 31.9332 34.6987 39.9918 44.2787 44.791 43.6844 42.5732 39.3664 40.8317 40.7097 42.0493 44.1009 44.3427 44.4943 44.5839 45.9015 45.9144 
15.9102 15.9273 15.9489 15.9762 16.0106 18.363 18.3805 19.42 19.4386 19.4666 19.5086 19.5721 20.806 20.8874 21.6983 22.4064 23.0334 23.0306 23.3819 23.6466 24.1536 24.3851 24.7219 25.5059 26.9068 28.5899 30.4197 31.8806 37.7516 43.7639 47.3621 44.9868 44.856 44.6753 43.2449 42.988 43.4815 43.5848 44.1119 44.2771 44.3894 44.4629 44.5089 
15.9529 15.9737 15.9992 18.3829 19.4304 19.4405 19.4545 19.4739 19.5008 19.5383 20.802 20.8423 22.1304 22.1894 23.1903 23.2194 23.2975 23.667 24.316 24.5212 24.273 24.3822 24.8852 26.2242 27.4028 29.046 30.9896 32.1029 34.7882 39.1858 42.3699 43.4286 44.6514 43.6351 43.493 43.4108 43.3588 43.3757 44.1511 44.1648 44.2347 44.321 44.3815 
15.9915 18.3945 19.4441 19.4524 19.4632 19.4773 19.4959 19.5204 20.8015 21.2073 22.1546 22.1922 22.7623 23.5923 23.622 23.6829 24.0669 24.5532 24.6578 24.6589 24.4689 24.6361 24.8448 25.4817 28.1954 28.8736 30.383 32.2594 34.8363 36.4498 39.0973 41.4227 41.5107 41.4598 43.211 43.2176 43.2189 45.3795 45.5859 45.6266 45.6541 46.3864 47.0482 
19.453 19.4598 19.4683 19.4791 19.4926 19.5098 21.1926 21.218 21.6664 22.1889 22.7505 23.6143 23.8874 23.9195 24.2566 24.3178 24.5444 24.6854 24.6673 24.5832 24.5592 24.6945 25.006 25.5994 27.2509 28.4737 30.309 32.0019 34.0042 39.2855 41.4371 42.2253 41.7597 41.5715 41.4673 45.4723 45.5878 45.6536 45.6916 45.7138 45.9538 45.9635 45.969 
19.4716 19.48 19.4903 21.1883 21.2034 21.2227 21.6624 21.6947 22.9125 23.889 23.9033 24.2272 24.2487 24.2801 24.3247 24.6996 24.7004 24.7026 24.7367 24.8305 24.846 24.8068 24.9432 26.0132 27.0348 29.0126 30.3738 32.0156 34.2169 36.9525 42.0725 41.9252 43.2345 45.3618 45.6424 45.9769 46.0278 46.0465 46.0509 46.0488 46.5782 46.589 48.7225 
20.2966 20.3151 21.2095 21.2247 21.6592 21.6827 23.8906 23.8987 23.9094 24.2308 24.2445 24.2632 24.2885 24.6992 24.7003 24.7019 24.7049 24.7121 24.7448 24.8225 24.7731 24.8423 25.2864 26.2208 27.0335 28.9872 30.6348 34.255 37.9643 41.2839 41.7308 44.3889 45.2776 46.5379 46.4528 46.3636 46.2928 46.7432 46.7354 48.7176 48.727 48.9845 48.9883 
21.2132 21.2253 22.064 22.0881 23.3242 23.9035 24.2249 24.2322 24.2417 24.254 24.2699 24.6984 24.6991 24.7001 24.7016 24.7038 24.7547 24.7686 24.8853 24.9729 25.0221 25.2123 25.502 26.0656 27.8087 28.4072 30.8718 37.1388 37.6577 41.3777 43.6306 47.7869 47.7617 47.2539 48.3047 48.3095 48.539 48.7239 48.7376 48.9886 48.9932 48.9962 48.9981 
22.0688 22.0882 23.3259 23.9059 24.2271 24.2327 24.2396 24.2483 24.2592 24.6977 24.6982 24.6989 24.6997 24.8095 24.754 24.7617 24.8367 25.0 25.1461 25.1591 25.1919 25.1371 25.7875 26.402 27.8399 28.673 30.9303 33.5682 39.2598 42.8921 45.3443 48.0271 48.3174 48.3651 48.5714 48.5768 48.874 48.8809 49.0055 49.008 49.0048 49.0024 49.0006 
23.3265 24.2249 24.2285 24.2328 24.2381 24.2445 24.2524 24.764 24.7649 24.766 24.8086 24.8103 24.8126 24.7574 24.7641 25.167 25.1707 25.179 25.656 25.6601 25.8644 25.9654 26.2181 26.9814 27.6351 29.2679 32.3119 33.8701 35.7713 42.7603 44.8875 46.6881 48.1116 48.5561 48.9165 48.9218 49.0251 49.0187 49.0114 49.0066 49.0033 48.743 48.7345 
24.2292 24.2327 24.2369 24.2419 24.7643 24.7649 24.7657 24.8081 24.8091 24.8104 24.812 24.7546 25.3463 25.6117 25.6212 25.6374 25.7428 25.7698 25.8213 26.1685 26.5665 27.0179 27.6114 27.9761 28.6784 29.7637 32.2055 33.994 37.3319 39.3632 44.2136 47.6938 48.7869 48.7522 48.6068 48.9563 48.9388 48.9288 48.7685 48.7505 48.7379 48.7289 48.7223 
24.2359 24.2399 24.7648 24.7654 24.8078 24.8084 24.8092 24.8102 24.8114 25.3579 25.3663 25.6363 25.6452 25.6585 25.6782 26.4301 26.578 26.6127 27.2396 27.3377 28.0755 28.1235 28.3518 28.9777 29.8613 31.3657 32.771 34.7497 36.6288 38.4535 42.7256 46.4571 48.8406 48.844 48.9893 48.951 48.7913 48.7597 48.7397 48.7268 48.7183 48.7125 48.7085 
24.7652 24.8076 24.808 24.8086 24.8092 24.81 24.8109 25.3696 25.3769 25.6489 25.6564 25.6666 25.6806 26.4731 26.5001 27.288 27.3198 27.375 27.9966 28.2157 28.3259 28.8996 29.0237 29.0647 31.018 32.1424 33.8285 34.9666 36.9394 39.2363 42.522 45.1624 48.1197 48.7186 48.8085 48.7704 48.736 48.7159 48.7052 48.6994 48.6962 48.6945 48.6936 
24.8081 24.8086 24.8091 24.8097 25.4507 25.3765 25.3827 25.6559 26.2702 26.2837 26.3015 26.4912 27.3084 27.3237 27.3467 27.3811 27.9827 28.0432 28.1322 29.0073 29.0345 29.1023 29.5581 30.1685 31.0064 33.0987 34.2949 35.7441 37.0382 39.6231 42.3074 43.4025 47.5461 48.4288 48.8306 48.6802 48.6101 48.5865 48.5769 48.5723 48.57 48.5686 48.5678 
24.809 24.8095 25.4554 25.4596 25.386 26.2761 26.2851 26.2965 26.3109 26.5378 27.3276 27.3399 27.3567 27.3798 27.9765 28.0107 28.0584 29.0599 29.0721 29.0988 29.5994 29.8647 30.5957 31.576 31.8734 33.2087 34.551 36.1976 38.6583 40.7814 43.0656 44.3185 46.5384 47.5512 48.5016 48.434 48.3622 48.3265 48.3065 48.5545 48.5565 48.558 48.5593 
25.4587 25.4623 26.2801 26.2865 26.2944 26.3039 26.3157 27.1571 27.338 27.3478 27.3605 27.377 27.9736 27.9951 28.0238 29.0852 29.0925 29.1057 29.6203 29.675 29.949 30.6811 31.6222 32.4731 33.4826 34.377 36.4101 38.8629 39.7703 42.7481 43.0641 45.5925 47.0244 47.8005 47.941 48.2644 48.2901 48.2896 48.2845 48.2794 48.2751 48.2714 48.2684 
26.2878 26.2935 26.3003 26.3085 26.3182 27.1622 27.3439 27.3519 27.3618 27.9606 27.9721 27.9868 28.0056 29.0995 29.1043 29.6165 29.6341 29.662 29.7058 31.593 31.7218 34.1836 34.3631 35.2166 36.5486 37.3003 37.5756 40.3932 41.8509 43.4657 44.2339 45.5319 47.6939 47.9364 47.9007 47.9071 47.9197 47.9164 48.2642 48.2652 48.2647 48.2636 48.2623 
26.3043 26.3112 27.1563 27.1655 27.1763 27.354 27.3619 27.9627 27.9712 27.9819 27.9951 28.0114 29.1118 29.6328 29.644 29.6605 29.6844 31.7172 31.8003 31.9394 34.4393 34.6394 35.4539 37.304 38.057 38.3565 40.1129 42.7107 43.1601 43.8878 44.3358 45.5835 46.7209 47.2295 47.4601 47.8145 47.8395 47.8528 47.8567 47.8551 47.8508 47.8454 48.2565 
27.1599 27.1676 27.1765 27.3551 27.3615 27.9641 27.9708 27.9788 27.9885 28.0003 29.1169 29.6436 29.6513 29.6621 29.6768 31.7723 31.8281 31.9115 33.6121 34.5269 36.5195 36.6991 37.5737 38.1091 39.0984 40.1643 41.7289 43.4521 43.72 43.9386 44.3035 45.1559 46.301 46.8452 47.1258 47.3263 47.7772 47.8008 47.8142 47.8208 47.8231 47.8228 47.8211 
27.1765 27.3556 27.3609 27.9652 27.9705 27.9768 27.9842 27.9931 29.647 29.6512 29.6569 31.0977 31.1324 31.7993 31.8388 31.8934 33.5636 33.6679 36.0998 36.5997 36.7393 37.5592 39.4968 39.5812 40.4573 41.1115 42.511 43.9414 43.9182 43.8399 44.0152 44.4889 46.2014 46.4287 46.7802 47.032 47.7311 47.7602 47.7792 47.7911 47.7981 47.8018 47.8034 
27.3602 27.966 27.9704 27.9754 27.9813 28.3648 29.6536 29.6569 31.0995 31.1208 31.148 31.1828 31.843 31.8811 33.1682 33.6034 35.6904 36.1529 36.6316 36.7402 37.53 39.6382 39.717 40.7606 41.0143 42.1495 42.6479 43.5866 43.6712 43.6143 44.3672 44.4886 46.0741 46.3184 46.4228 46.9516 46.983 47.7302 47.7516 47.7664 47.7765 47.7831 47.7872 
27.9703 27.9744 27.9792 28.3632 29.8053 31.1041 31.1183 31.1359 31.1577 31.1847 31.8444 31.8725 33.1468 33.2019 35.6485 35.732 36.5761 36.6416 36.7272 38.7548 39.7113 40.7803 40.8589 41.0032 41.2437 42.2897 42.5915 43.4617 43.5287 43.5341 44.3744 44.4533 46.032 46.1855 46.3437 46.3986 46.9326 46.9532 47.7306 47.7466 47.7583 47.7668 47.7727 
28.3563 29.7988 29.8162 31.1193 31.1315 31.1463 31.1641 31.1855 31.2115 31.8661 33.1337 33.1733 35.6258 35.6836 35.7556 36.5867 36.6413 38.7015 38.7821 39.7515 40.8568 40.914 41.0067 41.1485 42.1603 42.333 42.5259 43.4062 43.4539 43.4729 43.7444 44.4377 44.4906 46.1319 46.2258 46.3427 46.8955 46.9186 46.9332 47.7312 47.7436 47.753 47.7601 
29.8242 31.1306 31.1411 31.1536 31.1684 31.1859 31.2066 31.2313 33.1252 33.155 33.1909 35.6549 35.7062 35.7685 36.5902 38.676 38.7289 38.7961 40.8772 40.9051 40.9483 41.0128 41.1053 41.2315 42.2157 42.3414 42.4731 43.3759 43.4105 43.4303 43.7147 44.4311 44.4709 45.4681 46.1779 46.2386 46.3345 46.8917 46.9079 46.9188 47.7318 47.7416 47.7493 
31.1483 31.159 31.1714 31.1859 31.2028 31.2226 33.1194 33.1425 33.1699 35.6368 35.6751 35.7206 35.7748 36.5898 38.7004 38.7462 38.8028 40.9144 40.9377 40.9714 41.0188 41.0835 41.169 42.1604 42.2433 42.3373 42.4322 43.357 43.383 43.4006 43.6929 44.4286 44.4594 44.4874 46.1459 46.1989 46.2403 46.3247 46.8876 46.8996 46.908 47.7324 47.7403 
31.1736 31.1858 31.1999 31.216 33.1152 33.1337 33.1553 35.6251 35.6545 35.6891 35.7296 35.7771 38.6843 38.7172 38.757 38.8051 40.9413 40.9609 40.9879 41.0242 41.0719 41.1331 41.2092 42.1901 42.2566 42.3288 42.4003 43.3442 43.3643 43.3793 43.3888 44.4282 44.4527 44.4755 45.4789 46.1702 46.2079 46.2375 46.8714 46.8837 46.8929 46.8996 47.7328 
31.1975 31.211 31.2264 33.1273 33.1447 35.6171 35.6405 35.6675 35.6988 35.735 35.7768 38.6997 38.7289 38.7638 38.8051 40.9614 40.9781 41.0002 41.0288 41.0654 41.1112 41.1673 42.1604 42.2083 42.2622 42.3191 42.3748 43.3349 43.3509 43.3635 43.3725 43.6818 44.4487 44.4676 45.4587 46.2524 46.1832 46.2109 46.2329 46.8706 46.8801 46.8873 47.7267 