ncols 74 
nrows 60 
xllcorner 159469.880981
yllcorner 383899.927002
cellsize 0.25
nodata_value -9999 
1.9958 1.9981 2.0006 2.0033 2.4053 2.4183 2.8351 2.8491 3.3677 4.4368 4.449 4.9596 5.1549 6.4368 8.8261 8.8743 9.3522 9.4015 11.9504 14.1659 14.1997 14.236 14.2744 16.179 16.2175 18.0209 18.1767 18.4862 18.4937 18.7438 18.7536 19.0879 19.318 19.6097 19.6133 19.7884 19.7941 19.9588 19.9635 20.0331 20.1274 20.1746 20.2 20.2003 20.2006 20.2254 20.2264 20.2517 20.2676 20.2936 20.2951 20.2965 20.3296 20.3296 20.3928 20.3948 20.3972 20.5115 20.5178 20.5242 20.5301 20.5356 20.5403 20.5443 20.5476 20.5503 20.5524 20.5541 20.6859 20.6873 20.8444 20.8456 20.9732 20.9751 
1.9942 1.9966 1.9992 2.002 1.7933 2.413 2.8303 2.8454 3.3652 3.3776 4.4436 4.4576 5.1505 6.4268 6.447 8.8516 9.3352 9.3891 11.9385 12.1339 14.187 14.2267 14.269 16.0194 16.2105 17.7797 18.1758 18.2747 18.4903 18.7397 18.7505 18.7622 19.3153 19.3251 19.6117 19.7857 19.7921 19.7991 19.9621 20.0325 20.1269 20.1742 20.1999 20.2002 20.2006 20.2248 20.226 20.2508 20.2667 20.269 20.2948 20.2966 20.3292 20.3292 20.3909 20.3934 20.3962 20.509 20.5168 20.5245 20.5317 20.5379 20.5432 20.5475 20.5509 20.5535 20.5555 20.6869 20.843 20.8448 20.8462 20.9737 20.9759 20.9777 
1.9923 1.9948 1.9975 2.0006 1.7925 2.4068 2.4227 2.841 3.3621 3.3757 4.4373 4.4523 4.9656 5.3258 6.4368 8.8248 8.8855 9.3737 9.4358 11.9656 14.1715 14.2149 14.2616 16.0125 16.2014 16.251 18.1746 18.1787 18.4862 18.6567 18.7467 18.7598 19.3118 19.3229 19.6097 19.6146 19.7895 19.7974 19.9601 20.0315 20.0361 20.1286 20.1751 20.2001 20.2005 20.201 20.2254 20.2496 20.2517 20.2682 20.2944 20.2966 20.3288 20.3287 20.3885 20.3916 20.3952 20.5061 20.5161 20.5257 20.5342 20.5413 20.5471 20.5516 20.5549 20.5574 20.6882 20.8433 20.8453 20.847 20.9745 20.9769 20.9789 20.9805 
1.9902 1.9928 1.9957 1.9989 1.7915 1.7952 2.4165 2.8358 2.8545 3.3733 4.43 4.4461 4.9589 5.3222 6.4246 7.1446 8.8587 9.3548 9.4235 11.9522 14.1525 14.2 14.2518 14.3071 16.0417 16.2454 18.0244 18.1777 18.2758 18.492 18.7419 18.7567 19.0872 19.3198 19.6071 19.6127 19.786 19.795 19.933 20.0302 20.0355 20.1279 20.1745 20.1999 20.2005 20.201 20.2245 20.2262 20.2503 20.2669 20.2938 20.2967 20.3282 20.3281 20.3854 20.3892 20.4906 20.5032 20.5161 20.5281 20.5383 20.5463 20.5524 20.5569 20.687 20.69 20.8438 20.8462 20.9722 20.9756 20.9783 20.9805 20.9822 21.1434 
1.9879 1.9905 1.9935 1.9969 2.0007 1.7943 2.4093 2.8295 2.8498 3.3703 4.4213 4.4387 4.4576 5.1535 5.33 6.4379 7.1611 9.3314 9.4075 11.9354 11.9898 14.1812 14.2386 14.3007 16.0355 16.2375 17.9157 18.1763 18.275 18.4867 18.6585 18.7526 18.9173 19.3158 19.3312 19.61 19.6172 19.7917 19.9312 19.9628 20.0346 20.0934 20.1306 20.1758 20.2004 20.2011 20.2235 20.2253 20.2582 20.275 20.2928 20.2967 20.3275 20.3272 20.3811 20.386 20.4831 20.5004 20.5176 20.5327 20.5447 20.5535 20.5596 20.6889 20.6926 20.8446 20.8474 20.9732 20.9771 20.9802 20.9826 21.1429 21.1438 21.1445 
1.9853 1.9879 1.991 1.9946 1.9986 1.7932 1.7979 2.3124 2.8441 3.3665 3.3851 4.4298 4.4504 4.9674 5.3259 6.4229 7.1466 8.8727 9.3871 11.9144 11.9752 14.1574 14.2212 14.2912 16.0271 16.0788 17.7841 18.1744 18.2738 18.2778 18.6528 18.7471 18.9146 19.0834 19.3282 19.6065 19.6147 19.7872 19.8006 19.9358 20.0331 20.0932 20.1299 20.1749 20.2002 20.2011 20.202 20.2241 20.2561 20.2816 20.2911 20.2965 20.3266 20.3259 20.3748 20.3814 20.4739 20.4987 20.5222 20.5412 20.5549 20.5637 20.692 20.8411 20.8459 20.8493 20.9748 20.9794 20.9828 21.1422 21.1435 21.1444 21.1452 21.1458 
1.9823 1.985 1.9882 1.9919 1.9961 1.7917 1.7969 2.4135 2.837 3.3618 3.3824 4.0388 4.4415 4.6827 5.3207 6.4046 7.1287 7.1701 9.3607 9.835 11.9562 14.1273 14.1983 14.2774 16.0155 16.0755 17.7812 18.1719 18.1792 18.2769 18.4888 18.6629 18.9109 18.9237 19.3239 19.6016 19.6112 19.6224 19.7965 19.9334 20.0306 20.0928 20.0967 20.1736 20.1774 20.2011 20.2024 20.2223 20.253 20.2777 20.2758 20.2961 20.3026 20.3242 20.3649 20.3742 20.4632 20.5004 20.5329 20.5562 20.5704 20.6971 20.8421 20.8482 20.8523 20.9775 20.9828 21.141 21.1429 21.1443 21.1453 21.1461 21.1467 21.1472 
1.979 1.9817 1.9849 1.9888 1.9932 1.9984 1.7956 1.8017 2.8283 2.8571 3.3789 4.0352 4.4306 4.6743 5.3142 5.3322 6.4223 7.1526 9.3265 9.8154 11.9313 12.0153 14.1679 14.2576 15.9995 16.0698 17.7771 18.1685 18.1769 18.2755 18.2817 18.6559 18.9055 18.9209 19.3175 19.3989 19.606 19.6195 19.7904 19.9294 19.9422 20.0919 20.0969 20.1341 20.176 20.2009 20.2029 20.2276 20.2483 20.2522 20.2809 20.2953 20.3318 20.3219 20.3477 20.3685 20.4541 20.5115 20.5562 20.6906 20.7065 20.8447 20.8525 20.8572 20.9818 21.1388 21.1417 21.1439 21.1455 21.1466 21.1474 21.148 21.3389 21.3422 
1.9753 1.9779 1.9812 1.9851 1.9898 1.9954 1.7939 1.8007 2.3091 2.8494 3.3743 4.0307 4.041 4.447 5.3058 5.326 6.3986 7.1302 7.1877 9.7888 11.8983 11.995 14.1278 14.2297 14.3446 16.0604 16.1483 17.9629 18.1735 18.2735 18.281 18.6464 18.6732 18.9163 18.9374 19.3939 19.5984 19.6147 19.7812 19.9229 19.9391 20.0139 20.0968 20.1332 20.1464 20.181 20.2036 20.2117 20.2416 20.2432 20.2722 20.3099 20.3309 20.3266 20.3194 20.3486 20.4582 20.5451 20.6983 20.7267 20.8513 20.8608 20.9783 21.134 21.1394 21.1431 21.1456 21.1473 21.1485 21.1493 21.1498 21.3414 21.3448 21.3476 
1.9712 1.9737 1.9769 1.9808 1.9857 1.9916 1.7917 1.7993 1.8076 2.8395 3.3682 3.3384 4.0367 4.0495 5.2951 5.3178 5.3433 6.4245 7.1669 9.7525 9.8553 11.9662 14.0746 14.1905 14.3244 16.0456 16.1523 17.9595 18.1685 18.2704 18.2797 18.29 18.6651 18.9089 18.9358 19.3859 19.407 19.6069 19.6319 19.9125 19.933 20.0125 20.0959 20.1066 20.1458 20.1789 20.204 20.2142 20.2296 20.2312 20.25 20.3113 20.3207 20.3381 20.3483 20.3975 20.4567 20.7042 20.8507 20.8707 20.8782 20.9887 21.1336 21.1412 21.1458 21.1486 21.1503 21.1513 21.1519 21.3404 21.345 21.3487 21.3515 21.3537 
1.707 1.9689 1.9719 1.9759 1.9808 1.9871 1.7888 1.7973 1.8067 2.8267 2.8228 3.334 4.0312 4.0458 4.6724 5.3069 5.3361 6.3929 7.1389 9.703 9.8217 11.9252 12.0703 14.1356 14.2922 16.0222 16.1538 17.5954 17.9691 18.2656 18.2773 18.2908 18.653 18.8968 18.9316 19.3733 19.3989 19.5937 19.6267 19.7694 19.9212 20.0078 20.0934 20.11 20.1446 20.1543 20.2069 20.2189 20.2326 20.2173 20.207 20.3307 20.3549 20.3883 20.4875 20.6178 20.7137 20.9458 20.9316 20.9151 21.1155 21.1351 21.1457 21.1512 21.154 21.1552 21.1557 21.339 21.3456 21.3505 21.3541 21.3569 21.3589 21.3604 
1.7083 1.7065 1.9663 1.9701 1.9751 1.9815 1.9896 1.7945 1.8053 2.2111 2.812 3.3277 4.0239 4.0408 4.0591 5.2921 5.3258 6.1545 7.1009 7.1993 9.7721 11.8664 12.0406 14.0588 14.2423 15.9397 16.1505 17.5991 17.9642 18.1129 18.2729 18.2912 18.4543 18.8768 18.9225 18.9768 19.3841 19.4956 19.6159 19.7599 19.8999 19.9489 20.0401 20.1178 20.134 20.1562 20.1823 20.228 20.2359 20.2414 20.3105 20.367 20.4236 20.4844 20.5358 20.7298 20.9076 20.9869 21.0269 21.113 21.144 21.1579 21.1628 21.1639 21.1635 21.3373 21.3469 21.3538 21.3587 21.3621 21.4392 21.4408 21.4419 21.6521 
1.7099 1.708 1.6238 1.9634 1.9682 1.9747 1.9832 1.7906 1.8029 2.2034 2.7975 3.3185 3.356 4.034 4.0557 5.2721 5.311 5.3567 6.1894 7.1648 9.6988 9.8913 11.9921 12.5382 14.167 14.4286 16.1376 17.6024 17.9565 18.1063 18.265 18.2905 18.4516 18.8432 18.9032 18.9816 19.3584 19.4747 19.5949 19.7178 19.8281 19.9366 20.0543 20.1163 20.1624 20.1338 20.1708 20.2243 20.2475 20.2482 20.3588 20.4151 20.5438 20.5703 20.6503 20.755 20.928 21.0196 21.0949 21.172 21.1902 21.1886 21.183 21.3349 21.35 21.4282 21.4355 21.4404 21.4435 21.4454 21.4466 21.6555 21.751 21.9292 
1.7119 1.7099 1.7075 1.6235 1.9601 1.9664 1.9752 1.7854 1.7994 1.8159 2.2304 2.8379 3.3493 4.0246 4.0505 4.7781 5.2893 5.3443 6.154 7.1146 9.5901 9.8214 11.9129 12.2079 12.6711 14.3751 16.0634 17.604 17.7709 18.0952 18.2499 18.2871 18.3302 18.652 18.8638 18.9782 19.2921 19.4295 19.5072 19.7084 19.7654 19.9254 20.0192 20.0584 20.0479 20.0527 20.1312 20.2191 20.2228 20.3054 20.4036 20.4329 20.5502 20.6426 20.6946 20.8297 20.9593 21.0608 21.1802 21.2701 21.2738 21.3745 21.4051 21.4266 21.4399 21.4476 21.4518 21.4539 21.4548 21.7481 21.9257 21.9303 21.9339 21.9365 
1.7142 1.7122 1.7096 1.7065 1.6224 1.9564 1.9651 1.7782 1.7941 1.8136 2.2225 2.8207 3.3384 3.7784 4.0428 4.0772 5.2574 5.3237 5.479 6.2233 7.2325 9.7043 11.7825 12.1592 12.6831 14.2903 16.0124 17.5997 17.7802 17.9332 18.1076 18.2762 18.3487 18.5207 18.6936 18.9482 19.1905 19.3273 19.4404 19.6779 19.7419 19.81 19.971 20.0431 20.0578 20.0949 20.0868 20.091 20.2283 20.2841 20.4373 20.485 20.5265 20.6816 20.7743 20.9688 21.0287 21.1422 21.2461 21.3675 21.3826 21.4216 21.4506 21.465 21.4706 21.5282 21.5522 21.7878 21.9268 21.9329 21.9373 21.9405 21.9428 21.9444 
1.717 1.715 1.7124 1.709 1.7047 1.6201 1.9525 1.9652 1.7863 1.8093 2.2103 2.2707 3.3211 3.7703 4.0312 4.0743 5.2099 5.2891 5.4643 6.1802 7.1671 9.51 9.9549 12.0468 12.6673 13.0401 15.8825 17.58 17.7849 17.9487 18.0839 18.2459 18.3729 18.4942 18.5619 18.773 19.0697 19.2955 19.3744 19.561 19.7106 19.7466 19.7578 20.0051 20.0512 20.0692 20.0875 20.1351 20.2538 20.2934 20.3923 20.5284 20.634 20.8023 20.8234 20.9543 21.1218 21.1654 21.2838 21.3427 21.4905 21.5382 21.5617 21.5593 21.6177 21.6134 21.9305 21.9386 21.944 21.9476 21.9499 21.9513 21.9522 21.9527 
1.7204 1.7186 1.716 1.7124 1.7076 1.6262 1.6157 1.9488 1.7747 1.8017 2.1917 2.2665 3.2942 3.7569 3.7938 4.0684 4.7191 5.2305 5.4327 5.572 6.3384 7.6692 9.7479 11.8012 12.5593 13.2271 14.746 17.5287 17.7565 17.9744 18.042 18.1131 18.3473 18.5101 18.5435 18.6587 18.8772 19.155 19.3791 19.4114 19.5448 19.6789 19.6411 19.7795 19.9673 19.9752 20.0001 20.0597 20.1987 20.3029 20.3058 20.3951 20.6423 20.7191 20.8896 21.0145 21.1372 21.2625 21.4017 21.4972 21.6777 21.6841 21.6748 21.6498 21.9461 21.9568 21.9638 21.9679 21.9703 21.9714 21.9718 21.9717 22.5506 22.5631 
1.7244 1.7229 1.7205 1.7169 1.7118 1.7049 1.6224 1.6075 1.7577 1.7888 1.8327 2.2572 3.1247 3.735 3.7822 4.0569 4.3189 5.1305 5.3651 5.5758 6.0944 7.5108 9.3617 11.2953 12.1208 13.5446 15.2707 17.3295 17.574 17.7769 17.9353 18.0204 18.2245 18.3947 18.4036 18.4809 18.6524 18.8007 19.159 19.3766 19.4742 19.514 19.6417 19.7446 19.8366 19.9099 19.9285 19.9726 20.0046 20.1778 20.2272 20.3048 20.4 20.7021 20.7739 21.0136 21.2242 21.3147 21.3906 21.6325 21.9691 21.7784 21.7809 21.9466 21.9636 21.9732 21.9778 21.9796 21.9799 21.9794 22.543 22.56 22.5734 22.5838 
1.7291 1.7282 1.7264 1.7231 1.7178 1.7101 1.6995 1.614 1.5924 1.7673 1.8221 2.2388 2.7163 3.6987 3.7591 4.0351 4.1796 4.3222 5.22 5.5495 6.1911 6.9044 7.6557 9.6072 10.7758 13.8434 16.3268 16.4572 17.3986 17.5002 17.7139 17.9753 18.1063 18.1117 18.2848 18.3719 18.5925 18.6898 18.8372 19.1935 19.3331 19.4155 19.4608 19.5834 19.6695 19.8251 19.8583 19.8763 19.9074 19.9627 20.1548 20.1694 20.409 20.4871 20.6853 20.823 21.1868 21.3041 21.3662 21.4893 21.7639 21.7652 21.9439 21.9783 21.9922 21.9809 21.9794 22.3734 22.533 22.5576 22.576 22.5896 22.5998 22.6073 
1.7345 1.7346 1.7337 1.7313 1.7265 1.7182 1.7054 1.624 1.5963 1.7326 1.7978 2.2039 2.7122 3.17 3.7159 3.8266 4.1628 4.3155 4.6489 5.4278 6.171 6.861 6.9978 8.2542 8.6507 10.7816 10.8188 16.4662 15.9706 17.5257 17.7149 17.7269 17.9177 18.0301 18.01 18.2313 18.3585 18.6398 18.7617 18.8505 19.1615 19.2546 19.3415 19.3894 19.6574 19.7 19.7598 19.7569 19.8056 19.9123 20.0365 20.1176 20.3319 20.4617 20.5571 20.6897 20.8645 21.2158 21.2899 21.3876 21.6137 21.8833 22.0004 22.0197 22.0142 22.3688 22.3911 22.5577 22.9145 22.9383 22.9551 22.967 22.9755 23.5617 
1.7404 1.7418 1.7426 1.742 1.7389 1.7312 1.7164 1.6931 1.603 1.68 1.7478 1.7976 2.6959 3.1357 3.6429 3.7927 4.1098 4.2965 4.3584 5.1411 6.1342 6.6628 6.8008 7.1115 7.8607 8.0606 10.695 11.7455 16.6139 15.1954 17.5467 17.6176 17.6676 17.885 17.9488 18.0034 18.2456 18.4289 18.723 18.8128 18.9002 19.0862 19.1549 19.3733 19.519 19.5697 19.612 19.6873 19.6813 19.7702 19.9276 20.0699 20.2143 20.304 20.4673 20.612 20.7858 20.9631 21.1334 21.3411 21.7733 22.15 22.1713 22.3897 22.4282 22.8535 22.9132 22.95 22.9727 23.5395 23.5565 23.5686 23.5774 23.5839 
1.907 1.903 1.7528 1.7553 1.7559 1.7516 1.7374 1.7068 1.659 1.5547 1.6588 1.7298 2.6304 2.9578 3.3349 3.7611 3.9333 4.0375 4.3857 4.8985 5.3177 6.0136 6.378 6.4805 6.6453 7.282 9.1631 13.4 13.2649 11.6536 16.3464 17.4191 17.5433 17.736 17.87 17.9827 18.197 18.3666 18.4895 18.744 18.944 19.0074 19.1292 19.224 19.4226 19.5541 19.5538 19.5928 19.6334 19.6701 19.7945 19.9699 20.0852 20.2241 20.2877 20.5254 20.8184 20.984 21.2523 21.6809 22.1038 22.4797 22.466 22.882 22.9344 23.4645 23.5232 23.5565 23.5763 23.5887 23.5965 23.6017 23.6052 23.032 
1.962 1.9184 1.9154 1.7705 1.7775 1.7821 1.7765 1.743 1.6647 1.5227 1.3874 1.5441 2.0804 3.1272 3.3342 3.8022 3.8479 3.8652 3.7474 4.4083 4.651 5.0632 5.5225 5.7414 6.0145 6.04 9.8547 15.9292 14.1787 14.1988 16.2032 16.9887 17.3099 17.4821 17.7488 17.8586 18.1268 18.3333 18.4208 18.5384 18.8909 18.9775 19.0788 19.1694 19.2394 19.4634 19.5657 19.5934 19.6019 19.6228 19.7468 19.8709 20.0047 20.1399 20.2566 20.5359 20.9862 21.2583 21.8227 22.2091 22.6642 23.0468 23.1434 23.5641 23.6227 23.642 23.6468 23.6465 23.6444 23.6417 23.4047 23.181 22.1587 22.1325 
2.097 2.094 1.9736 1.9728 1.9707 1.8215 1.8437 1.833 1.7222 1.5026 1.3721 1.1951 1.1796 2.3171 3.2418 3.5574 3.6682 3.6781 3.7262 3.947 4.3253 4.4718 4.6941 4.9135 5.135 5.3831 8.5551 12.5516 15.5204 16.2507 16.6729 16.8908 17.1592 17.3568 17.6514 17.8918 18.0103 18.2057 18.4236 18.5474 18.754 18.9135 19.0084 19.1723 19.2416 19.3457 19.5118 19.6053 19.607 19.5946 19.7021 19.8871 20.0326 20.1091 20.4782 20.7836 21.3031 22.0109 22.5014 23.0487 23.7029 23.9818 24.2319 24.1734 24.2721 24.2239 24.2135 24.2077 23.2568 22.6574 22.5887 22.5417 22.5094 22.4873 
2.1733 2.1719 2.1695 2.1313 2.1264 2.057 1.9647 2.0841 1.7925 1.5847 1.2742 1.0354 1.0457 1.2611 1.9284 3.2497 3.2768 3.3916 3.5085 3.9337 4.1216 4.2194 4.4507 4.5297 4.8794 5.0523 6.6603 10.4051 11.2188 14.6838 15.0734 16.7482 17.0375 17.4069 17.5435 17.815 18.0357 18.2611 18.3403 18.6372 18.7243 18.9387 19.0106 19.1165 19.3166 19.3704 19.439 19.5488 19.5635 19.5996 19.8755 20.0582 20.1577 20.3984 20.7873 21.1797 21.7797 22.8082 23.3038 24.0159 24.1698 24.6767 24.6928 24.695 24.6982 24.3419 23.7808 23.6746 22.5905 22.5153 22.517 22.3399 22.3268 21.2593 
2.1821 2.1831 2.1842 2.1852 2.1861 2.1864 2.1867 2.1387 2.0197 1.6791 1.3652 1.0886 1.0209 0.9241 1.1155 1.8669 3.1107 3.2095 3.1755 3.5061 4.0681 4.1714 4.5014 4.7227 4.8649 4.6388 4.438 8.5786 11.1483 12.9222 15.078 16.6386 16.9393 17.2707 17.6596 17.9116 18.0093 18.2487 18.4013 18.5498 18.7899 18.9038 19.0646 19.1992 19.2799 19.4022 19.4804 19.6139 19.773 19.7594 19.9906 20.3365 20.6067 21.001 21.089 22.3919 22.7754 23.2247 23.7311 24.2803 24.8965 24.9119 24.8094 24.7752 24.3688 23.7162 22.6589 22.5258 22.3079 22.2772 22.2634 21.2239 21.1968 21.1783 
2.1909 2.1944 2.1991 2.2056 2.2155 2.2312 2.2581 2.29 2.2526 1.9231 1.5176 1.3227 1.1865 1.0361 0.9972 0.998 1.7562 2.8759 2.8522 3.0434 3.3189 3.6238 4.5343 3.9113 3.9182 4.389 3.6168 6.8896 12.8225 11.1949 15.5269 16.6092 16.913 17.1692 17.4962 17.959 18.052 18.188 18.4082 18.5683 18.8395 18.953 19.1317 19.2493 19.3796 19.5867 19.6577 19.9603 20.241 20.2644 20.1448 20.6237 21.1102 21.9833 22.5625 23.0487 23.469 23.7904 24.0439 24.3496 24.6874 24.805 24.8157 24.2783 23.4824 22.4276 22.2687 22.2067 22.1904 21.0946 21.0603 21.039 21.0261 21.0188 
2.3116 2.3152 2.3205 2.3286 2.3418 2.3785 2.4052 2.4663 2.5647 2.3193 1.6635 1.4782 1.2976 0.8479 0.9863 1.0007 0.9434 1.164 2.4579 2.5578 2.9252 2.7768 2.415 2.4836 2.9441 2.3308 1.9449 2.5953 10.8277 13.5922 16.1898 16.6632 16.9375 17.2469 17.5081 17.7395 18.121 18.2374 18.3823 18.6044 18.8027 19.0294 19.1295 19.3349 19.4982 19.907 20.106 20.3503 20.7281 20.7613 21.0274 21.4087 22.2238 22.6277 23.3214 23.9425 24.3898 24.2105 24.5257 24.6144 24.5588 24.5737 24.1551 23.0043 22.3201 22.0342 21.9815 21.0731 21.0168 20.986 20.9707 20.4196 20.4118 20.4075 
2.3215 2.3272 2.3352 2.3667 2.3771 2.3933 2.4307 2.445 2.452 2.5212 1.9981 1.7152 1.4658 1.046 1.0782 0.9711 0.8198 0.7601 1.0912 1.7685 1.9256 1.703 1.6955 1.3296 1.0734 1.4397 1.0538 0.7586 2.0059 6.8934 12.1909 14.9799 16.9327 17.3546 17.6301 17.8391 18.1081 18.3037 18.4652 18.6463 18.8379 19.0107 19.2977 19.4044 19.8388 20.5146 20.7439 21.695 21.5041 22.1383 22.3701 22.9574 24.0999 24.2323 24.4984 24.7462 24.7747 24.8597 24.7301 24.5705 24.3967 24.0836 23.5681 22.4094 21.2244 21.1557 20.895 20.4273 20.3928 20.3764 20.37 20.3688 18.5136 18.4183 
2.3298 2.3593 2.4128 2.4172 2.4231 2.3915 2.397 2.3981 2.3902 2.2734 2.1605 1.7193 1.5149 1.2871 1.1302 0.8922 0.6902 0.6427 0.5006 0.7161 0.8687 0.7415 0.8252 0.5958 0.5575 0.6764 0.5378 0.5712 0.5076 2.6963 3.8477 10.8464 15.2578 17.3468 17.7357 18.0173 18.1745 18.3098 18.5131 18.7026 18.9358 19.2443 19.4497 20.0096 20.4899 21.7845 22.138 22.2509 23.3913 23.9905 25.0307 24.0103 25.1886 26.1404 25.9318 25.0702 25.0936 25.0425 24.8685 24.4551 24.1279 22.8037 22.3579 20.8755 20.0588 20.2671 20.2645 20.2614 20.2711 20.2857 18.5236 18.3875 15.9914 15.8608 
2.407 2.4091 2.4117 2.4149 2.3743 2.3751 2.3724 2.3619 2.2771 2.2425 2.1322 2.0129 1.5859 1.4557 1.0796 0.9997 0.8421 0.6227 0.5632 0.5088 0.5156 0.5953 0.5182 0.5774 0.615 0.6095 0.5799 0.5284 0.4927 2.4622 14.9338 8.5629 14.9668 17.5086 17.6268 18.0138 18.2616 18.2865 18.4747 18.7803 19.0103 19.5269 20.269 20.8181 21.7321 22.6543 23.6559 24.7371 26.0936 25.9299 27.8033 27.7655 26.4709 26.751 26.9106 26.2861 25.3936 25.1546 24.8149 24.0572 22.8494 22.1237 20.9787 20.2422 19.9061 19.8845 19.9756 18.8484 18.2517 16.806 15.9869 15.8028 15.6795 15.5962 
2.4063 2.4079 2.4341 2.4337 2.4324 2.4294 2.4234 2.3601 2.2726 2.2837 2.3253 2.1148 1.8024 1.3425 1.109 1.016 0.8556 0.6907 0.6174 0.5932 0.4582 0.4121 0.4994 0.5796 0.6146 0.5921 0.5281 0.5169 0.474 2.8891 5.8969 9.5172 15.8314 17.6794 17.7057 17.8035 18.1277 18.256 18.5165 19.054 19.1662 19.5919 20.9052 21.6627 23.5638 23.805 26.1733 27.3725 28.6172 29.9799 28.8992 29.5974 29.3569 27.3921 27.7071 26.8021 25.9726 25.3104 24.44 23.1487 22.1335 21.1459 19.3699 19.3868 18.4704 18.9012 18.4905 16.7398 14.5392 14.2585 14.0975 14.0035 13.9478 13.9145 
2.4313 2.431 2.4303 2.429 2.4267 2.5722 2.4781 2.4692 2.3832 2.3713 2.3377 2.0823 1.8614 1.6998 1.1558 1.0846 0.9385 0.799 0.6554 0.5094 0.4442 0.4086 0.4135 0.5984 0.6247 0.6051 0.5668 0.5065 0.4517 0.4255 7.5486 8.4101 4.0013 17.0469 17.5763 17.8091 18.0543 18.2687 18.783 19.1537 19.4277 20.5569 22.202 23.0387 24.7404 28.9736 28.5565 31.6815 31.1046 32.0406 31.903 30.7429 30.74 29.8467 27.4826 27.0135 25.7657 24.8122 23.8175 22.2118 20.8254 19.7683 18.0418 17.4594 17.2691 15.9214 13.7476 13.0822 12.7957 12.6696 12.613 12.588 12.5782 12.5761 
2.429 2.6322 2.5962 2.5986 2.6025 2.7172 2.6452 2.6574 2.6361 2.6337 2.4267 2.1672 1.9149 1.6064 1.431 1.1371 0.9676 0.8407 0.7034 0.4905 0.4013 0.3785 0.4369 0.5799 0.6247 0.6247 0.5525 0.4931 0.4194 1.4483 9.4906 13.8629 9.2919 14.3576 17.6813 17.8205 18.0452 18.4176 19.2711 19.4318 20.1042 21.9409 24.5578 27.3046 30.2528 32.1439 32.7308 35.9021 34.9406 33.7919 33.8662 33.0597 31.5837 30.3616 28.8695 26.5929 25.5761 24.4739 22.2386 20.6057 19.3098 18.1125 16.7516 15.1495 14.0304 12.7874 12.3132 12.2218 12.2569 12.3113 12.3612 12.4028 12.437 12.4651 
2.7969 2.8014 2.7334 2.7419 2.7543 2.7927 2.7839 2.8069 2.8476 2.9262 3.062 2.9097 2.0758 1.5813 1.4492 1.3211 1.015 0.8607 0.6676 0.5771 0.423 0.339 0.3546 0.5132 0.6064 0.6245 0.5744 0.5159 0.4936 0.6561 3.225 12.1961 14.9422 15.4328 17.7506 17.8226 17.8073 18.0919 18.9281 20.0726 21.17 25.0465 26.3221 32.4512 34.9691 36.3632 37.0954 36.6588 37.0517 36.8615 34.1032 33.0242 32.6012 30.1134 29.0007 27.0893 24.4035 22.5316 20.2581 19.892 17.6733 16.0414 14.2595 13.6404 12.6409 10.7929 10.9517 11.4353 11.7695 11.9861 12.1309 12.2321 12.3057 12.3612 
2.8135 2.8374 2.7824 2.7933 2.7808 2.7967 2.8202 2.8565 2.9152 3.0111 3.14 3.0943 2.7189 1.6985 1.4559 1.3188 1.0544 0.8998 0.7282 0.5949 0.4929 0.409 0.4209 0.4348 0.5512 0.6107 0.5445 0.5176 0.5306 0.5985 0.709 7.5567 14.8606 12.0654 15.697 17.8484 17.8294 18.3202 19.0873 20.9482 24.6241 29.5275 34.6836 37.2186 39.8802 41.1605 39.2342 37.8928 37.3353 36.2714 36.5395 33.0844 31.4198 29.2756 27.0783 24.7663 21.974 20.2325 18.2096 17.7724 15.1717 12.8378 12.4362 10.8763 10.0843 9.6039 9.9426 10.1359 10.2397 10.2978 11.9553 12.0947 12.196 12.2719 
2.9298 2.9328 2.9369 2.9424 2.9498 2.9602 3.0456 3.0524 3.0622 3.0071 2.9951 2.8887 2.6076 2.1644 1.5333 1.1797 1.0442 0.8459 0.6756 0.6198 0.5805 0.4925 0.4763 0.4557 0.5506 0.5989 0.5413 0.5041 0.4602 0.7934 0.8181 3.7283 9.0001 13.747 15.5086 18.0533 18.1473 18.3002 19.7902 21.2845 29.1111 38.7672 42.4173 41.0388 42.056 42.6043 42.4125 41.6935 36.796 37.5431 35.7827 32.0667 27.8592 26.0508 24.2862 23.4916 20.3328 18.144 14.8603 12.774 12.4068 10.3263 8.9406 6.9865 8.7666 9.6383 9.8552 10.0184 10.1333 10.2102 10.2621 10.2982 10.3242 10.3433 
2.9351 3.0278 3.0288 3.0301 3.0315 3.0331 3.0347 3.0361 3.036 3.0309 3.0103 2.6779 2.3461 2.1922 1.7892 1.2594 1.0521 0.8632 0.6744 0.5695 0.5591 0.5383 0.4508 0.4328 0.4726 0.5395 0.546 0.5711 0.6222 0.8886 0.8997 0.9208 5.3817 14.0828 17.1242 18.1437 18.2785 18.7856 20.265 22.5924 36.0691 40.6091 43.6365 44.8788 44.1461 40.7381 42.0389 39.0012 35.0984 33.7829 31.0006 29.2813 25.9152 24.2889 23.2568 19.2311 16.2193 14.658 12.7543 10.6651 8.4062 8.8553 8.4574 7.8769 7.9765 9.01 9.7687 9.9416 10.0596 10.144 10.2049 10.2495 10.2827 10.3079 
3.0245 3.025 3.0254 3.0257 3.0259 3.0257 3.0246 3.022 3.0164 2.8809 2.8913 2.8825 2.713 2.0455 1.7634 1.5848 1.1762 0.9937 0.8105 0.5822 0.4956 0.5069 0.472 0.4376 0.4412 0.4996 0.6305 0.8725 0.81 0.8972 1.0391 1.7251 6.0806 12.7819 18.0952 18.2741 18.4071 18.8455 20.6542 29.2566 42.3226 43.8826 46.2416 47.0438 46.188 39.5346 36.1337 34.033 31.4024 31.1894 28.9655 25.5775 23.7162 22.0773 17.0677 14.2848 13.4135 8.9543 8.9866 8.1507 7.8935 8.6804 8.2441 8.389 8.1794 8.4492 8.6491 9.3001 10.0116 10.0976 10.162 10.2109 10.2484 10.2777 
3.0223 3.0222 3.0221 3.0217 3.0208 3.0193 3.0166 2.8948 2.8963 2.8524 2.8059 2.8912 2.7894 2.2652 1.8686 1.6047 1.388 1.2154 1.1236 0.7585 0.5568 0.4978 0.4198 0.3412 0.4507 0.5453 0.6911 0.8583 0.8865 1.009 1.7913 2.9824 5.1912 15.5906 16.7077 18.2808 19.8412 19.8985 22.363 36.7221 39.0768 42.8324 42.1002 40.4037 38.2515 34.3225 32.32 30.9635 29.804 29.1567 26.0113 22.8661 20.1144 16.9988 14.7561 9.454 8.9775 7.7809 8.3582 8.6629 7.9404 8.0865 8.0831 7.8066 8.2884 8.426 8.5569 8.6451 9.3084 10.0692 10.1326 10.1823 10.2216 10.253 
3.0201 3.0197 3.0191 3.0181 3.0569 2.9239 2.9213 2.9171 2.7953 2.8018 2.8042 2.7744 2.6076 2.3807 2.0369 1.6997 1.5053 1.2658 1.0957 0.9996 0.8042 0.5639 0.4419 0.2268 0.3077 0.586 0.7253 0.8544 0.9685 1.5822 2.1553 3.556 5.3215 14.2083 17.7564 22.0062 23.2222 24.3376 30.4199 32.1581 33.4452 33.8906 37.0287 33.5149 31.8169 30.4784 29.7769 29.0911 27.5998 24.2782 24.2181 17.0287 13.7293 13.7135 12.3622 9.2418 8.7594 8.9099 8.233 8.7515 8.09 8.3593 8.1318 7.7925 7.8535 8.4324 8.5188 8.5887 8.6367 9.3199 9.363 10.1631 10.2021 10.234 
3.0595 3.0579 2.9212 2.9199 2.918 2.9151 2.7785 2.781 2.7828 2.7824 2.7765 2.6739 2.7669 2.4426 2.115 1.8495 1.648 1.4425 1.1118 0.999 0.9232 0.7174 0.4353 0.2756 0.2071 0.4465 0.8113 0.8602 0.9585 1.8955 2.7892 4.4198 7.4783 16.8933 22.9844 28.6534 23.7749 32.9257 37.5156 33.2468 29.5925 26.651 23.4892 25.937 27.6419 24.831 21.711 24.7376 23.4508 19.7564 18.0536 12.472 12.0536 12.1035 12.0722 10.764 9.4491 9.2695 8.3566 7.9453 8.1396 8.1701 8.1815 8.1427 7.8411 8.4444 8.5044 8.5579 8.5997 8.6294 9.3309 9.3641 9.3895 10.2203 
2.9191 2.918 2.9166 2.9146 2.7706 2.772 2.7732 2.774 2.7646 2.7613 2.7448 2.704 2.7735 2.5928 2.2814 2.0745 1.727 1.5132 1.2723 1.0212 0.9186 0.6876 0.4871 0.3647 0.2729 0.421 0.7305 0.8415 0.9831 1.9964 2.8543 4.3167 7.9556 12.2939 20.4536 25.8213 35.2415 38.9582 38.8244 33.2603 27.678 23.2769 18.0758 17.5405 15.5604 18.9416 19.4691 21.2165 22.1628 20.3051 17.1361 14.743 13.7536 12.593 11.42 11.6428 9.5785 9.569 8.2984 7.9442 8.0038 8.194 7.4654 8.1879 7.8314 7.8768 8.5002 8.5413 8.5762 8.6035 8.6236 9.3407 9.3669 9.3879 
2.9159 2.9144 2.8681 2.8682 2.8681 2.868 2.8677 2.8671 2.8665 2.6482 2.6645 2.6869 2.6727 2.7089 2.3987 2.0743 1.7897 1.4748 1.3158 1.0642 0.775 0.5947 0.5039 0.3442 0.2398 0.3488 0.6827 0.858 1.1121 1.5273 2.7087 4.7348 9.9933 13.3323 23.9748 29.6623 43.8027 41.1304 33.7001 29.4902 21.9896 16.3626 13.7745 8.2964 11.2108 14.1676 18.2526 21.0367 21.2884 20.0979 17.33 15.8208 14.1308 12.8096 11.4086 11.2098 9.8396 9.572 8.4088 7.9505 8.0018 8.212 7.3754 7.4818 7.8259 7.8647 8.5006 8.5327 8.5615 8.5856 8.6046 8.619 9.3493 9.3705 
2.8678 2.8679 2.868 2.868 2.868 2.868 2.8679 2.868 2.6406 2.6419 2.6532 2.6692 2.6919 2.7901 2.553 2.1312 1.8608 1.5446 1.1292 1.0166 0.7501 0.5522 0.4225 0.3107 0.2037 0.1813 0.7117 0.9013 1.5187 1.7272 2.4716 5.7992 10.7188 19.0729 22.5679 34.4409 38.7826 35.159 28.5026 23.2968 13.4193 11.9898 10.6367 9.1858 10.8039 12.9238 14.6274 18.5277 21.2929 18.9205 17.4476 16.5521 14.6972 14.5544 11.413 11.2992 10.29 9.7659 8.4872 8.3991 8.0036 7.4112 7.3844 7.4754 7.489 7.8568 7.8865 8.5286 8.5524 8.5732 8.5906 8.6045 8.6154 8.6236 
2.8677 2.8678 2.8679 2.868 2.8681 2.8682 2.6587 2.6854 2.6872 2.6887 2.6894 2.689 2.6174 2.6064 2.4956 2.3683 1.8053 1.6259 1.2412 1.0399 0.7177 0.5682 0.3632 0.2744 0.1755 0.1282 0.4382 0.8332 1.3668 2.257 2.8034 3.9802 11.5045 18.9775 24.7027 30.9882 37.0461 20.0148 21.7877 16.8651 13.0684 12.4873 10.4454 10.0949 11.3056 12.7192 13.8518 17.5189 18.6794 18.814 17.5182 16.9404 14.7926 14.8757 11.4212 11.3474 9.9774 9.8958 9.7618 8.4656 8.0083 7.4118 7.4177 7.3807 7.4836 7.8518 7.8776 8.527 8.5468 8.5647 8.5803 8.5933 8.604 8.6124 
2.8677 2.8678 2.8679 2.8681 2.7161 2.6776 2.6783 2.6788 2.6788 2.6777 2.6749 2.5772 2.576 2.5226 2.5718 2.4 2.1082 1.5363 1.2164 1.0615 0.8713 0.5947 0.4121 0.2179 0.1808 0.1833 0.4005 0.6569 0.8239 1.7773 3.071 4.2684 7.7656 20.8215 26.9505 30.3008 30.3956 27.1603 23.6161 18.2469 15.1245 14.1054 10.7308 10.2972 10.6987 12.8241 13.5634 14.1399 18.3973 18.7553 16.6158 17.1668 15.073 15.1001 12.1025 11.3775 10.0548 9.2011 9.8677 8.5157 8.4603 7.412 7.4172 7.386 7.4802 7.4884 7.8714 7.8916 8.5436 8.559 8.5728 8.5848 8.5949 8.6032 
2.8676 2.8574 2.7855 2.6731 2.6735 2.8297 2.8285 2.8268 2.8242 2.7133 2.7105 2.7044 2.6927 2.5391 2.5129 2.2417 1.877 1.6602 1.2925 1.0202 0.7598 0.5825 0.3814 0.2592 0.1843 0.2238 0.4629 0.7406 0.8608 1.2219 3.3237 4.1701 5.76 16.3378 24.2238 30.304 29.5735 28.3998 25.5936 20.0384 17.7086 13.123 12.3851 10.5527 10.5418 11.2698 13.4783 13.9106 18.2278 18.4999 16.6348 17.3099 15.251 15.0217 12.1941 11.3984 10.1017 9.9699 9.1596 8.5539 8.5045 7.4121 7.4167 7.3899 7.3831 7.4854 7.8672 7.8851 8.5418 8.5551 8.5673 8.5782 8.5876 8.5957 
2.8329 2.8329 2.8329 2.8328 2.8327 2.8325 2.8322 2.8743 2.8755 2.8776 2.8816 2.7808 2.8029 2.752 2.8053 2.5945 1.8961 1.554 1.3881 1.0021 0.7213 0.4676 0.2962 0.2185 0.1777 0.1574 0.217 0.6429 0.8118 1.397 2.834 3.6963 6.474 15.2291 19.8076 27.7946 29.3553 28.887 26.3371 20.9143 18.8754 13.3753 12.721 10.6913 10.666 10.6948 13.4747 13.7988 14.7254 18.3642 16.6438 16.3646 15.3674 15.1738 12.2599 12.1099 10.1307 10.0224 9.2122 9.1428 8.5394 7.4123 7.4163 7.4203 7.3867 7.4833 7.4889 7.8803 8.541 8.5526 8.5634 8.5732 8.5819 8.5895 
2.8342 2.8344 2.8347 2.9635 2.88 2.8817 2.8841 2.8876 2.8926 2.9005 2.8232 2.8153 2.8028 2.8767 2.9843 3.1342 2.5695 1.6059 1.3841 1.12 0.7831 0.5893 0.3162 0.2372 0.1843 0.1523 0.1448 0.4438 0.637 1.24 2.3273 3.1018 6.8005 15.1982 18.1846 24.9019 29.312 29.0782 26.6788 21.4267 19.5975 13.5182 10.5675 10.7738 10.7482 10.7558 11.5198 13.7489 13.9662 15.5626 16.6472 16.4269 15.446 15.283 12.3067 12.1768 10.1487 10.0587 9.9768 9.1889 8.4704 8.5337 7.4161 7.4196 7.3895 7.3846 7.487 7.8769 7.8899 8.551 8.5606 8.5694 8.5774 8.5845 
2.9647 2.9655 2.8829 2.8846 2.8869 2.89 2.8941 2.7993 2.8077 2.8194 2.7507 2.778 2.8194 2.8196 2.9147 3.1051 2.4591 1.9084 1.3485 1.1368 0.8557 0.6912 0.433 0.2836 0.184 0.1658 0.1931 0.3472 0.5422 0.6096 2.206 2.5742 6.7171 15.4449 17.4222 17.7635 29.3187 29.1816 29.0443 21.4304 20.941 19.6181 10.6049 10.4484 10.8043 10.8031 10.8174 13.7316 13.908 15.4116 16.7812 16.4694 15.5004 15.3627 12.34 12.2273 10.1599 10.0842 10.0139 9.2244 7.7972 8.5592 7.4159 7.4191 7.4221 7.3872 7.4856 7.4897 7.8861 8.0995 8.5586 8.5665 8.5739 8.5805 
2.9674 2.8856 2.8876 2.8723 2.8736 2.8753 2.7977 2.8044 2.7248 2.7337 2.745 2.672 2.6925 2.7125 2.7147 2.5985 2.2669 1.9557 1.6967 1.1472 0.8608 0.6789 0.5781 0.3868 0.2517 0.1748 0.1634 0.3462 0.5088 0.5641 1.4485 2.4099 6.7185 12.8234 17.0745 17.0096 24.3541 29.2496 29.1609 21.6966 20.9762 20.0143 10.6266 10.5012 10.8439 10.8393 10.8458 11.6284 13.8758 13.7297 16.7363 16.4991 16.359 15.4218 15.3206 12.2655 12.1763 10.1024 10.0416 8.898 9.2098 7.7865 7.4159 7.4187 7.4214 7.3893 7.3857 7.4883 7.8833 7.8931 8.5572 8.5644 8.5711 8.5772 
2.869 2.8697 2.8706 2.8716 2.8729 2.7013 2.7049 2.7091 2.6111 2.6173 2.6232 2.6275 2.6263 2.61 2.5551 2.4167 2.1861 2.028 1.8215 1.358 0.9664 0.7171 0.5736 0.4353 0.2837 0.2456 0.1711 0.3507 0.3923 0.541 1.386 2.3214 6.722 12.7934 16.92 16.5571 23.9771 29.2993 29.2378 21.868 21.2908 21.175 16.1038 10.5365 10.8729 10.8671 10.8694 10.8776 13.8596 13.6832 15.4607 15.0652 16.402 15.4664 15.3774 12.2945 12.2154 10.1154 10.0626 10.0138 8.8812 7.8008 7.4159 7.4184 7.4209 7.3911 7.3877 7.4873 7.4904 7.8902 8.1032 8.5628 8.5689 8.5746 
2.8685 2.8691 2.8699 2.6911 2.6931 2.6952 2.5885 2.5911 2.5933 2.5943 2.5931 2.5873 2.5724 2.5402 2.4779 2.3755 2.1159 2.0521 1.8066 1.4136 1.0443 0.7324 0.5675 0.4506 0.2981 0.2656 0.2447 0.2838 0.3853 0.4114 1.2077 1.468 2.3873 7.3906 13.749 16.2775 16.7521 24.1407 29.2928 21.9815 21.5118 21.1013 16.3271 10.5606 10.4839 10.8888 10.8888 10.8935 11.686 13.6526 15.3888 15.0471 15.0239 15.5006 15.4221 12.3166 12.2463 10.1248 10.0785 10.0353 8.9031 7.8124 7.7927 7.4183 7.4205 7.4226 7.3894 7.3866 7.4894 7.8878 8.0979 8.111 8.5672 8.5724 
2.8679 2.6842 2.6854 2.6866 2.5751 2.5763 2.5772 2.5774 2.5764 2.5735 2.5673 2.5556 2.535 2.5009 2.4489 2.3809 2.1198 2.0706 1.7801 1.4209 1.2828 0.7393 0.5632 0.5333 0.4231 0.2773 0.2589 0.2875 0.3829 0.4029 1.1772 1.3088 2.3341 7.2891 13.5561 16.0996 16.496 23.9306 29.3345 18.8357 21.6708 21.323 16.4961 10.577 10.5116 10.906 10.9048 10.9073 10.9125 13.6329 13.7361 14.2081 15.0159 15.5272 15.4577 12.3336 12.2709 12.2131 10.0908 10.0523 8.9209 8.8909 7.8037 7.4182 7.4202 7.4221 7.3907 7.3881 7.4887 7.4911 7.8931 8.1058 8.5659 8.5707 
2.68 2.5655 2.5663 2.567 2.5673 2.5672 2.5665 2.5648 2.5615 2.5559 2.5468 2.5327 2.5114 2.4811 2.4413 2.3955 2.1201 2.0825 1.7315 1.414 1.3191 0.9752 0.6264 0.5391 0.4318 0.2836 0.2683 0.257 0.3826 0.3983 1.1601 1.2488 2.161 7.2239 13.4099 15.9837 16.3157 23.7777 29.3674 25.6842 21.7877 21.4908 16.6255 10.5883 10.5321 10.9198 10.9181 10.9192 10.9226 11.7207 13.7108 14.1606 15.009 14.9922 15.4863 15.4303 12.2906 12.2383 10.1003 10.0659 10.0337 8.9076 7.8128 7.7975 7.42 7.4217 7.4234 7.3895 7.3873 7.4904 7.8911 8.1014 8.1119 8.5694 
2.5602 2.5606 2.5607 2.5605 2.56 2.5588 2.5568 2.5537 2.5488 2.5417 2.5314 2.517 2.4974 2.4722 2.442 2.1485 2.1196 2.0905 1.7103 1.4046 1.3374 1.2783 0.9483 0.5424 0.4364 0.2869 0.2743 0.2644 0.3025 0.3959 0.4074 1.2228 1.3103 2.197 13.3097 13.8413 16.1865 23.6671 23.9061 25.725 21.8752 21.6198 21.3919 10.596 10.5473 10.5026 10.9291 10.9294 10.9315 11.7031 13.6928 13.1779 11.5858 14.9903 15.5094 15.4589 12.3064 12.2589 10.1078 10.0768 10.0476 8.9214 8.8983 7.8061 7.4198 7.4214 7.4229 7.3906 7.3885 7.4898 7.6054 7.8952 8.1076 8.1168 
2.556 2.5558 2.5553 2.5545 2.5532 2.5512 2.5483 2.5442 2.5385 2.5307 2.5203 2.5067 2.4896 2.469 2.446 2.1418 2.1191 2.0961 1.6952 1.396 1.3464 1.301 0.9709 0.6123 0.4388 0.2884 0.2781 0.2696 0.2628 0.3948 0.4044 1.0952 1.2618 2.0298 13.2413 13.6957 16.0927 16.2995 23.803 25.7555 18.7427 21.7204 21.5194 16.5889 10.5587 10.5192 10.9384 10.9381 10.9394 10.942 11.737 13.7468 11.5619 14.9885 14.9762 15.4825 12.3191 12.276 10.1135 10.0856 10.059 8.933 8.9114 7.8134 7.4197 7.4212 7.4226 7.3916 7.3896 7.3878 7.4912 7.8936 8.104 8.1126 
2.5519 2.5513 2.5503 2.549 2.5471 2.5445 2.541 2.5363 2.5303 2.5224 2.5125 2.5002 2.4855 2.4687 2.4508 2.1371 2.1188 2.1003 1.6843 1.3885 1.3508 1.3152 0.9863 0.7735 0.4401 0.4287 0.2805 0.2732 0.2671 0.31 0.4025 1.0778 1.2418 1.9943 7.2495 13.5872 16.0235 16.2052 23.7239 25.7789 18.7964 21.8 21.6219 16.6745 10.5673 10.5322 10.4999 10.9457 10.9464 10.9482 11.7178 13.7312 11.5426 11.5816 14.9769 15.5024 12.3294 12.2901 12.2532 10.0928 10.0686 10.0458 8.9225 7.8197 7.8081 7.421 7.4223 7.4236 7.3906 7.3889 7.4907 7.6074 8.1009 8.1091 
2.548 2.5471 2.5457 2.544 2.5417 2.5387 2.5348 2.5299 2.5238 2.5162 2.507 2.4962 2.4837 2.47 2.4558 2.1337 2.1187 2.1035 1.6761 1.3822 1.3527 1.3243 1.137 0.7876 0.7596 0.4313 0.282 0.2757 0.2704 0.2659 0.4014 1.0658 1.1144 1.2865 7.1782 13.5059 15.9719 16.1321 23.6633 25.797 18.8372 18.663 21.7052 14.4708 10.5738 10.5425 10.5133 10.9523 10.9526 10.9538 10.9557 11.7666 11.5268 11.5631 14.9774 15.519 15.4838 12.3019 12.2679 10.0986 10.0765 10.0555 8.9319 8.9147 7.8142 7.4209 7.4221 7.4233 7.3914 7.3898 7.3883 7.6055 7.8955 8.106 