ncols 66 
nrows 84 
xllcorner 158330.541992
yllcorner 383898.761993
cellsize 0.25
nodata_value -9999 
14.3631 14.356 14.3478 14.3384 13.557 13.537 12.2798 12.2331 12.0046 12.0 12.2038 12.9447 11.9198 13.1922 13.1993 13.2081 13.2187 13.2308 13.244 13.2576 13.1967 12.654 12.5905 11.3433 11.2997 11.3426 11.3023 11.269 11.2427 10.8184 10.0814 10.0853 10.0465 10.0497 9.828 9.8287 10.0841 10.0823 10.0808 9.5641 9.5613 9.7434 9.8433 9.8433 13.0818 13.1142 18.7976 28.8112 30.1929 35.638 35.6561 37.5256 37.5265 37.5273 37.8456 35.6198 35.5941 32.9629 32.9289 32.8975 30.6232 29.5156 27.1286 27.1102 26.8333 24.2403 
16.4781 14.364 14.3558 14.3463 14.3352 13.5546 13.5346 12.282 12.1301 12.0076 12.002 12.2036 12.9415 13.1845 13.1918 13.2014 13.2134 13.2278 13.244 13.261 13.2089 12.6735 12.5943 11.3548 11.3857 11.3287 11.281 11.2436 11.2159 10.0778 10.083 10.0453 10.0494 9.829 9.8298 10.0843 10.0821 10.0803 9.5646 9.5613 9.7427 9.8426 9.8344 13.0818 13.1184 18.8042 28.811 30.1958 35.6381 35.6584 37.5259 37.5269 37.5278 37.8454 35.6271 35.5988 32.971 32.9336 32.8991 30.6249 29.5163 27.129 27.1091 26.831 24.2404 24.239 
16.5516 16.4779 14.3651 14.3556 14.3443 14.331 13.5513 13.5501 12.2849 12.1338 12.0116 12.0046 12.2032 12.9368 13.1819 13.1919 13.2054 13.2225 13.2427 13.2646 13.2859 12.9663 12.5991 11.3672 11.3775 11.3059 11.2496 11.2088 10.0725 10.0796 10.0436 10.049 9.8304 9.8313 10.0843 10.0817 10.0797 9.5651 9.5612 9.8416 9.8416 9.8341 13.0824 13.1241 18.8131 28.8108 30.1994 34.2448 35.6609 37.5261 37.5272 37.5282 37.8451 37.8448 35.6042 32.9802 32.9389 32.901 30.6268 29.5169 27.1295 27.1078 26.8283 24.2405 24.239 24.2375 
16.7163 16.5518 16.4777 14.3665 14.3552 14.3416 14.3255 13.5466 13.5449 12.2885 12.1385 12.0169 12.008 12.2021 11.9036 13.1787 13.1932 13.2133 13.2388 13.2678 13.2966 12.9871 11.4828 11.3794 11.3589 11.2681 11.2034 10.8064 10.0744 10.0412 10.0485 9.8324 9.8335 10.0844 10.0812 9.944 9.5657 9.7444 9.8403 9.8339 9.8338 13.0839 17.2157 22.9848 28.8109 28.8772 34.2468 36.4945 37.5264 37.5276 37.5288 37.8447 37.8444 35.6105 32.9909 32.9451 30.6658 30.6288 29.5176 27.13 27.1063 26.8253 24.2407 24.239 24.2374 24.236 
16.7186 16.7169 16.552 16.4774 14.3683 14.3547 14.3381 14.1868 13.54 12.4389 12.2934 12.1449 12.0243 12.0127 12.1999 11.8998 13.1748 13.1976 13.2298 13.2696 13.3103 13.018 11.5427 11.3875 11.3192 11.2052 10.7885 10.0659 10.0784 10.0479 9.8353 9.8365 10.0842 10.0802 9.9442 9.5664 9.7434 9.8317 9.8329 9.8333 13.0868 17.2224 22.9916 28.8111 28.8874 34.2491 36.4958 37.5266 37.5281 37.5294 37.8443 37.844 35.618 33.0034 32.9522 30.6721 30.6311 30.5942 27.1304 27.1044 24.3899 24.2408 24.239 24.2373 24.2357 22.3742 
15.9188 16.7197 16.7177 16.5521 16.4771 14.3706 14.354 14.3332 12.8568 13.5301 12.4381 12.3002 12.1539 12.0354 12.0194 13.0672 11.8926 13.1703 13.2101 13.2666 13.3283 13.0675 11.633 11.3784 11.2354 11.1005 10.0501 10.0712 10.047 10.0575 9.8411 10.1071 9.9445 9.9445 9.5671 9.742 9.8301 9.8303 9.8328 13.1022 17.2328 23.0014 28.8117 28.9004 34.2517 37.525 37.5269 37.5286 37.8443 37.8438 37.8435 35.6268 33.0181 32.9606 30.6793 30.6337 30.5927 27.1309 27.1022 24.3903 24.241 24.239 24.2371 24.2355 22.3744 22.365 
15.9214 15.9216 16.721 16.7185 16.5522 16.5375 14.3737 14.3529 14.1956 12.8565 13.5149 12.4362 12.2168 12.1674 12.1672 12.0298 13.0392 12.4018 13.167 13.2488 13.3516 13.1545 11.7777 11.3073 11.0583 10.6344 10.0568 10.0458 10.062 9.8487 10.1057 9.9448 9.9667 9.5678 9.7398 9.8279 9.829 9.8323 13.1051 17.2491 23.0158 28.8128 33.9348 34.2547 37.5249 37.5272 37.5292 37.8438 37.8433 37.8429 35.6373 33.0355 32.9706 30.6878 30.6366 30.5909 27.1313 27.0996 24.3907 24.2412 24.239 24.2369 24.2351 22.3746 22.3644 21.843 
15.9241 15.9246 15.9248 16.7225 16.7195 16.5521 16.5335 14.44 14.3512 14.1844 12.8549 13.4904 12.432 12.3764 12.1473 12.1915 12.048 12.98 12.3895 13.1785 13.3769 13.2879 11.9945 11.011 10.4568 10.0192 10.0449 10.0725 10.1676 10.1027 9.945 9.9673 9.7487 9.7363 9.8247 9.8273 9.8316 13.1107 19.4512 23.0371 28.8147 33.9354 34.2581 37.5248 37.5275 37.5298 37.8432 37.8426 37.8421 35.6499 33.0564 32.9825 30.6976 30.6398 30.5886 27.1316 27.0964 24.3913 24.2415 24.239 24.2367 24.2347 22.3748 22.3637 21.8424 21.837 
15.927 15.9279 15.9285 15.9289 15.9288 16.7207 16.5518 16.5276 14.4441 14.3486 14.1664 12.7117 12.645 12.4228 12.3887 12.1835 12.241 12.0862 12.815 12.3633 13.4055 12.9214 11.7316 9.9863 9.8462 10.0525 10.1021 10.1667 10.095 9.9451 9.9683 9.7476 9.7303 9.8198 9.825 9.8308 13.1212 19.4638 25.5656 28.6352 33.9361 34.2621 37.5246 37.5278 37.5305 37.8424 37.8417 37.8413 35.6654 33.0817 32.9968 30.7093 30.6436 30.5857 27.1319 27.0925 24.392 24.2418 24.239 24.2365 24.2343 22.375 22.0872 21.8418 21.8359 19.68 
15.9301 15.9314 15.9326 15.9335 15.9341 15.934 16.7222 16.5509 16.5181 14.45 14.2126 14.1355 12.6998 11.5987 12.4013 12.3195 12.2592 12.2471 12.1884 11.5317 11.6499 11.4889 10.2415 9.2638 10.3898 10.2137 10.1583 10.0732 9.9441 9.9701 9.5715 9.7158 9.8104 9.8215 12.9599 15.2927 19.4867 25.5593 28.6553 33.9368 36.1345 36.1583 37.5281 37.8423 37.8414 37.8407 37.3305 37.3277 34.9592 33.0144 30.7233 30.6478 30.582 27.132 27.0877 24.3928 24.2421 24.239 24.2362 24.2337 22.3752 22.0869 21.841 21.8345 19.679 19.6707 
15.9332 15.935 15.9369 15.9385 15.94 15.9409 15.9409 16.724 16.5489 16.5021 14.4594 14.2008 13.0041 12.668 11.601 11.472 12.3083 12.3801 13.0459 11.1608 10.9598 11.0404 10.5565 10.3347 10.4195 10.1471 9.9696 9.9377 9.9752 9.5867 9.7037 9.7971 9.816 12.9259 15.303 21.7252 25.5519 28.6873 33.9374 33.9989 36.1652 37.5283 37.8412 37.8401 37.8393 37.3315 37.3284 34.9779 33.0361 30.7403 30.6528 30.5772 27.1319 27.0817 24.3937 24.2426 24.239 24.2359 24.2331 24.2307 22.0865 21.8401 21.8329 19.6779 19.6687 20.2942 
15.9363 15.9387 15.9413 15.9439 15.9464 15.9487 15.9502 15.9504 15.9483 16.5446 16.473 14.4759 14.1758 12.9994 12.5769 11.6001 11.4567 12.0953 11.7759 11.5298 10.7294 10.6713 10.4991 10.3923 10.1404 9.2782 9.9227 9.7913 9.6276 9.6724 9.7685 9.9725 11.8698 15.3308 21.7107 25.5436 28.7403 33.9379 34.0182 36.1743 37.5284 37.8397 37.8384 37.8376 37.3325 37.329 35.0017 33.0636 30.7613 30.6586 30.5711 27.1314 27.0742 24.5059 24.2431 24.239 24.2355 24.2324 24.2297 22.0861 21.839 21.8311 19.6765 19.6664 20.2913 18.273 
15.9393 15.9424 15.9458 15.9494 15.9533 15.9572 15.9609 15.9637 15.9644 15.9607 16.5342 16.4131 14.5109 13.1142 12.9356 11.6661 11.5602 11.4056 11.2942 10.9163 10.7489 11.0316 11.1 10.868 9.9567 9.7742 10.1193 9.872 9.54 9.6991 9.965 13.5816 17.542 21.6937 21.9413 28.8321 33.9381 34.047 36.1867 37.5282 37.8375 37.8361 37.8353 37.3333 36.7275 35.0323 33.0988 30.7875 30.6656 27.2089 27.1306 27.0646 24.5072 24.3896 24.239 24.235 24.2315 24.2285 22.0856 21.8377 21.8289 19.6749 19.6637 20.288 18.2711 18.2643 
15.942 15.9458 15.95 15.9548 15.9602 15.9662 15.9728 15.9795 15.9852 15.9873 15.9799 16.5055 14.611 14.4683 13.2927 12.396 11.7724 11.4314 11.6845 11.3847 11.3877 11.5457 11.4755 10.922 10.539 10.1361 10.1278 8.483 9.486 11.0806 13.4905 17.5135 21.6794 22.0744 33.264 33.9379 34.0928 36.2046 37.5012 37.8344 37.8327 37.8321 37.3339 36.7368 36.7307 33.1449 30.8211 30.674 27.2215 27.129 24.5175 24.5089 24.3903 24.239 24.2344 24.2304 24.227 22.085 21.8361 21.8263 19.6729 19.6605 20.2841 18.269 18.2616 18.3699 
15.9444 15.9487 15.9537 15.9596 15.9665 15.9748 15.9847 15.9966 16.0103 16.0244 16.0323 16.013 15.7352 14.6785 15.008 13.6719 12.1726 12.1795 12.048 11.7978 11.4469 11.6524 11.3901 10.7632 11.8175 12.7096 11.8852 10.3249 10.3385 13.1986 17.4446 21.7107 22.3999 33.1902 33.4583 34.1727 37.5013 37.5038 37.8295 37.8278 37.3398 37.1948 36.7485 36.7408 35.0322 30.8651 30.6845 27.2372 27.1264 24.5214 24.511 24.3913 24.239 24.2336 24.229 22.1031 22.0842 21.8342 21.8231 19.6705 19.6567 18.2759 18.2666 18.2399 18.3687 18.3867 
15.2075 15.2157 15.2252 15.9634 15.9717 15.982 15.9951 16.0123 16.0356 16.068 16.1129 16.162 16.0848 15.4285 12.5697 12.9646 12.616 12.0945 11.7808 11.9361 11.8485 13.3872 13.4463 11.7678 12.2598 14.7219 14.5091 11.3311 12.6375 17.8346 22.108 26.5691 33.0034 33.5513 35.6403 37.5055 37.5077 37.8212 37.8199 37.2025 36.774 36.7637 36.7537 35.071 30.9244 30.6977 27.2569 27.1222 24.5266 24.5139 24.3925 24.239 24.2326 24.2273 22.1051 21.8464 21.8318 19.6857 19.6677 20.2842 18.2742 18.2637 18.2376 18.3674 18.3874 17.9945 
15.2116 15.2205 15.2311 15.2438 15.2595 15.2793 15.305 15.3396 15.3888 15.4641 15.5937 15.8649 16.7171 14.6798 14.4336 13.025 12.1415 11.8325 12.2055 12.9663 13.7049 14.2931 13.7397 12.4579 12.6474 16.176 16.0825 12.8832 16.3645 21.5412 26.9287 32.3918 33.8316 35.7691 37.6222 37.5141 37.8056 37.8063 37.211 36.7981 36.7842 36.7707 35.1273 31.0069 30.715 27.2822 27.1153 24.5338 24.5179 24.5045 24.2391 24.2314 24.2252 22.1075 21.8457 21.8288 19.6847 19.6641 20.2789 18.2721 18.2603 18.235 18.3659 18.3883 17.9961 17.7559 
15.2143 15.2237 15.2348 15.2482 15.2647 15.2855 15.3126 15.3489 15.4003 15.4776 15.6041 15.8335 16.2077 15.1603 13.964 13.756 12.3098 12.6055 13.2328 13.3201 13.9889 14.3471 13.8995 12.1846 16.5114 19.7496 17.3216 17.2246 20.8527 27.5239 31.2975 34.6181 36.4017 37.6622 37.845 37.8165 37.212 37.2219 36.8334 36.8138 36.7944 34.8631 32.9283 30.7386 27.3153 27.1043 24.5438 24.5234 24.5065 24.2391 24.2297 24.2224 22.1106 21.8448 21.8249 19.6835 19.6597 20.2725 18.2697 18.2563 18.232 18.3643 18.3895 17.9982 17.7571 17.7566 
15.2157 15.2251 15.2362 15.2495 15.2656 15.2857 15.3111 15.3441 15.3877 15.4462 15.5222 15.5647 15.4133 13.9039 14.3172 17.65 14.5948 13.3715 12.9396 13.1802 14.0475 14.2763 14.2723 16.9621 20.9753 22.8422 18.2413 18.1438 23.9733 27.4519 34.5998 37.1921 37.9504 37.5945 37.7224 37.2079 36.9503 36.8898 36.8605 36.8302 36.4197 33.0506 30.7722 27.3592 27.086 24.5586 24.5315 24.5095 24.2391 24.2275 24.2186 22.1145 21.8435 21.82 19.6819 19.654 20.2646 18.2667 18.2514 18.2285 18.3624 17.9334 17.7589 17.7584 17.3652 17.3578 
15.2158 15.2248 15.2354 15.2479 15.2627 15.2806 15.3023 15.3287 15.3656 15.3753 15.3631 15.2897 15.6963 15.0732 16.3037 17.1646 15.6404 13.4522 12.4146 13.3836 13.4872 13.9381 14.7346 20.3167 22.9351 23.3559 21.0833 23.0796 25.3365 30.5007 33.0244 37.4092 37.844 37.2049 36.9664 37.0222 36.9933 36.9477 36.5512 36.4784 34.7435 30.8233 27.4175 27.0552 24.5812 24.5439 24.514 24.2392 24.2243 24.2134 22.1197 21.8418 21.8134 19.6797 20.2751 20.2547 18.2631 18.2454 18.2244 18.3603 17.9339 17.7607 17.76 17.3662 17.3578 17.3505 
15.2146 15.223 15.2327 15.2439 15.2568 15.2855 15.2926 15.2969 15.2949 15.2791 15.2355 15.7525 15.1229 16.3972 17.7219 19.2834 20.9127 17.3248 12.6354 13.4313 14.4557 18.194 21.5298 21.7177 23.7924 24.0857 22.2783 24.0341 25.4629 32.0085 33.0714 35.4009 36.9617 36.2589 37.5684 37.0711 36.937 36.7261 36.9146 35.3967 30.525 30.2162 27.0017 24.618 24.564 24.5214 24.2392 24.2197 24.2059 23.7037 21.8393 22.376 19.6766 20.2659 20.0102 18.2585 18.2379 18.2195 18.3579 17.9344 17.7628 17.762 17.3673 17.3578 17.3495 14.9865 
15.2124 15.22 15.2285 15.2494 15.2531 15.2554 15.2551 15.2498 15.2359 15.2074 15.7758 16.6288 16.442 17.6725 19.4543 19.6675 20.5986 19.449 17.8032 14.0234 20.662 20.4879 22.2027 26.3429 32.6671 29.3705 24.2522 25.0611 26.6773 31.8589 33.632 34.9247 35.3997 35.5811 36.2509 37.6937 37.2409 36.9987 36.8911 32.8581 30.1587 27.6577 24.6823 24.5992 24.5344 24.2394 24.2124 24.1948 23.6994 21.8356 22.3706 19.6722 20.2538 20.0009 18.2527 18.2284 18.2137 18.3551 17.9352 17.7654 17.7644 17.3685 17.3576 17.3482 14.9883 14.9816 
15.2235 15.2263 15.2285 15.2299 15.2299 15.2277 15.2219 15.2105 15.1904 15.5152 16.7035 16.4631 18.1691 19.4227 19.1999 20.3567 20.7114 20.8472 19.9219 18.798 25.9066 25.5286 25.6781 30.7398 31.7805 29.5939 26.4314 25.7756 27.8798 30.4601 32.2932 33.7302 34.7753 34.5871 35.0636 35.8098 36.6775 36.9242 35.2183 30.1246 27.1283 24.804 24.6673 24.5595 24.2397 24.2001 23.0789 24.5462 22.4001 21.4375 20.289 20.0539 19.989 18.2452 18.1343 18.1402 18.2143 17.9362 17.7686 17.7674 17.3699 17.3573 17.3465 14.9902 14.9825 14.9758 
15.2118 15.2127 15.2128 15.2117 15.2088 15.2033 15.194 15.1792 15.5148 16.741 18.0636 18.1573 19.1647 21.6997 21.77 20.8134 21.9639 20.6089 22.5091 27.5067 26.9768 29.5144 29.8297 28.8009 28.7291 27.1374 26.9966 27.976 28.398 29.9023 31.5159 32.433 33.1424 34.3298 35.1411 35.7314 36.6403 37.3163 32.4836 28.7344 25.0516 24.8179 24.6156 24.4822 24.1773 23.0777 24.5332 22.4078 21.432 20.2793 19.9932 19.9734 18.235 18.1267 18.1338 18.2156 17.9376 17.7728 17.7711 17.3715 17.3568 17.3443 14.9922 14.9835 14.9759 14.6095 
15.2004 15.1999 15.1983 15.1952 15.1902 15.1825 15.1712 15.5134 16.7618 18.0882 18.1524 20.217 21.6892 21.7371 20.6475 21.9323 22.1013 23.7024 24.2222 25.3273 27.9632 30.1277 31.0818 29.6022 29.0757 28.7692 28.1809 28.2762 28.6173 29.0071 30.783 31.4233 32.0688 33.8967 35.3289 36.6904 37.6258 38.155 31.994 28.125 25.1995 24.7696 24.4793 23.0986 23.0707 24.514 22.4263 22.9642 20.2646 19.9782 19.9521 18.2208 18.1174 18.1262 17.8464 17.9395 17.7506 17.6157 17.3733 17.3558 17.3414 14.9945 14.9844 14.9757 14.6066 14.5927 
15.1898 15.188 15.185 15.1806 15.1742 15.5221 15.5119 16.7743 18.1035 19.4785 20.1897 21.6773 21.711 23.0438 23.5535 22.0027 23.7642 23.9626 26.272 28.6292 28.3371 32.2943 31.6798 32.1434 31.6418 31.2921 28.8264 28.4036 28.7046 29.5022 30.0836 30.8752 31.9006 33.2496 34.8784 37.1816 37.814 37.9311 32.1843 26.4148 25.2491 24.5017 23.0832 23.0429 24.1517 23.9923 22.9345 21.7154 19.9574 19.8433 18.0151 18.1056 18.1169 17.8439 17.9422 17.754 17.6201 17.3754 17.3544 17.3373 14.997 14.9851 14.6211 14.6026 14.587 14.4139 
15.18 15.1772 15.1733 15.1679 15.5183 15.5103 16.7822 18.1138 19.4854 21.6753 21.6661 21.6908 23.051 23.5327 24.537 22.3112 25.7562 26.0959 27.1833 29.4743 30.2236 31.2804 31.6263 30.4224 29.5081 31.2715 31.6668 29.5044 29.1172 29.4406 30.0386 30.9151 32.277 33.8682 34.9231 37.1833 37.3849 36.7709 36.441 26.5825 24.9721 22.8413 22.9246 24.1508 24.0487 22.884 21.6572 19.9265 19.7999 17.3587 18.0905 18.1491 17.8413 17.7318 17.7583 17.6257 17.3779 17.3521 15.2161 14.9997 14.9856 14.6182 14.597 14.5794 14.4018 12.0426 
15.171 15.1675 15.1629 15.5153 15.5089 16.7456 18.121 19.4902 21.6801 21.7795 22.9942 23.5068 23.5173 24.5618 24.5775 25.8468 26.0716 26.9643 29.6345 29.8223 30.5064 31.2604 27.3591 24.4326 18.0436 23.9536 31.9155 31.5189 29.0858 29.2781 29.8907 31.435 32.5013 33.9791 35.4588 36.3294 35.3388 35.3676 34.7771 32.9693 21.3244 23.1549 23.1368 23.4498 21.4515 21.5372 19.8752 19.6262 18.9326 18.07 17.774 17.8386 17.8114 17.7637 17.6333 17.3808 17.3485 15.2217 15.0025 14.9855 14.6137 14.5891 14.4152 14.3861 12.041 12.0376 
15.1629 15.159 15.5129 15.5076 18.4072 18.7524 19.4935 21.6833 21.7616 23.0006 23.4975 23.5056 24.5728 25.7847 25.8906 26.0484 26.8342 29.6906 29.7919 30.4016 28.6772 25.3798 24.3317 21.4411 19.5198 23.9989 32.3121 31.9966 31.2645 30.3499 31.0986 31.9487 33.491 33.8707 35.4021 36.4621 35.007 34.532 33.6823 32.0415 30.1965 23.5433 23.557 21.6803 21.1843 19.7704 19.5413 18.8822 18.0404 16.328 17.8363 15.7087 17.7708 17.6439 17.3844 17.3427 15.2286 15.0054 14.8763 14.6065 14.5779 14.3979 14.3652 12.0387 12.035 14.1536 
15.1557 15.5108 15.5064 17.1369 18.7593 19.4959 21.6855 21.7487 24.7 23.49 23.4963 24.5772 25.8288 25.912 26.0281 26.1878 29.7215 29.7839 29.8778 28.2607 25.0547 23.8947 21.0081 20.553 19.9974 24.1871 30.6783 31.9338 31.9698 32.5287 32.3893 33.1425 34.3708 34.8083 35.1202 34.7807 33.5615 33.2388 32.2438 30.8545 26.5979 23.4658 22.7708 18.9925 19.4098 18.8282 18.8561 18.6444 16.4271 17.8357 15.7285 17.7803 17.6598 17.3887 15.2562 15.237 15.008 14.8724 14.5951 14.5615 14.3739 11.8931 12.0356 12.0316 14.0676 14.4479 
15.5091 15.5054 17.1402 18.7645 19.4977 21.6871 21.7391 24.7027 23.4839 23.4889 24.5784 25.8557 25.9225 26.0111 26.1275 26.8727 29.7837 27.7812 28.0734 24.8968 24.2338 21.8729 21.3208 21.0767 21.0775 20.3703 19.2472 28.1265 31.4181 33.4665 33.9 33.9149 34.3108 34.2652 34.6051 34.0331 32.9912 32.1552 30.522 29.6242 27.8337 24.1192 19.3313 22.2231 19.6095 18.9319 16.8216 16.4526 18.0997 17.6491 17.7938 17.6853 17.3942 15.275 15.2476 14.9013 14.8645 14.5768 14.5373 11.8979 11.8896 12.0313 11.5853 14.0572 14.4484 14.5065 
15.5044 17.1427 18.7685 19.4991 21.6882 21.7317 24.7042 23.4787 25.8499 24.5779 25.8726 25.9271 25.9968 26.0853 26.9245 29.7863 27.6623 25.0745 24.8086 21.8618 22.2382 21.7438 21.4503 19.2739 19.1714 18.6056 18.6822 18.3773 23.0801 30.6569 34.0678 34.3627 34.1411 34.0773 33.6812 31.5166 31.6185 30.5284 29.9796 27.5801 26.598 24.9806 21.9586 17.2226 18.7429 17.2547 16.7398 17.9311 17.6344 17.7011 17.7306 17.4016 15.3031 15.2609 14.8963 14.6138 14.5466 14.5003 11.894 11.8844 11.5837 11.5853 14.0422 14.448 14.518 15.0558 
17.1445 18.7716 19.5002 21.6891 24.6842 24.7051 23.4743 25.8487 23.6432 25.8835 25.9287 25.9849 26.0543 26.1391 27.6502 27.5913 27.5018 25.4727 21.8787 22.4327 22.0928 19.0517 19.0528 19.367 18.8958 18.092 16.5221 14.751 16.469 26.649 33.4788 33.6818 33.4384 32.7509 31.0286 30.7457 29.8318 28.6982 28.0956 25.735 24.5966 22.9795 20.8288 19.0626 17.0801 17.949 16.3533 17.5898 17.6671 17.8181 15.4656 15.3493 15.2766 14.8791 14.579 14.4947 11.9034 11.8873 11.8763 11.5831 11.5853 14.0206 14.4461 14.6758 15.0718 15.113 
23.9807 22.6017 23.824 22.7652 23.5786 26.4524 30.2212 28.0926 28.0889 26.403 25.4832 29.4519 29.5197 29.6025 29.6079 29.1312 28.9677 24.2155 24.4653 25.1223 25.1549 25.0864 25.5798 21.5145 20.8408 20.235 21.6425 18.5256 20.4014 27.8321 32.8223 32.5839 31.6069 31.2926 30.0562 29.7177 28.393 27.2926 25.323 24.8502 22.2304 21.5652 19.4229 18.7627 15.8475 16.4965 14.5829 17.2132 17.8338 15.7586 15.4367 14.9889 14.8282 14.5045 12.0633 11.8953 11.8757 11.4346 11.5823 11.6959 13.9885 14.4415 14.6829 15.0914 15.1415 15.4219 
23.964 23.98 28.431 28.4427 22.2461 25.6104 25.6303 25.6541 26.6959 26.6749 26.8581 26.8986 26.9521 27.0226 22.399 25.8903 30.4435 32.1422 31.9894 29.5264 32.3304 32.3683 31.3118 32.5245 32.8302 32.543 31.3172 32.1364 29.6035 28.1069 31.4439 30.5757 30.1915 29.9142 28.0386 26.1051 26.8236 25.5635 23.9326 23.3373 20.7278 20.0858 18.0 16.1437 15.26 14.7047 14.4691 14.134 17.9286 15.614 14.9048 14.6707 14.3342 12.0474 11.8776 11.4368 11.4339 11.5093 11.6956 11.8289 14.5714 14.6894 15.116 15.1782 15.4544 16.0372 
23.1806 23.9607 23.9794 28.4287 28.4426 27.3729 25.6066 25.6303 25.6591 26.6965 26.6705 26.8378 26.8863 26.9537 22.3208 22.4875 24.301 30.4698 32.1205 28.4709 29.5306 29.593 32.3569 31.3637 32.5669 32.7255 32.0387 31.2401 29.1151 23.3677 25.9778 28.6903 27.8863 26.3094 25.9291 25.1693 23.7843 22.7675 21.8249 20.7817 19.8872 18.0212 17.1501 16.1509 14.8841 13.6433 13.2639 14.2707 12.7204 14.1383 12.4433 12.0848 11.8969 11.4549 11.4361 11.4323 11.5098 11.6955 11.7051 14.5351 14.6939 15.1475 15.4611 15.4963 16.0786 18.5254 
17.5124 23.1713 23.957 23.9792 28.4262 28.4429 27.3702 25.6015 25.6301 25.6656 26.6973 26.6643 26.8076 26.8665 26.9539 22.386 22.6219 24.5487 30.5031 30.2681 28.4426 29.0909 29.6579 31.2287 31.6085 31.5819 31.9822 30.9623 27.4552 26.6215 26.6107 26.5971 26.2524 25.4 23.0525 23.5408 20.666 20.2814 19.8128 18.3546 17.1706 16.188 15.8928 14.309 13.7551 12.9702 12.3644 12.1715 12.4691 11.9851 11.834 11.4841 11.4523 11.4334 11.374 11.5087 11.6959 11.9778 14.4704 14.6926 15.332 15.5062 15.5521 16.1339 18.5516 18.5765 
17.492 17.3938 23.1597 23.2699 23.9795 28.4234 28.4438 27.3665 25.5944 25.6295 25.6744 26.6983 26.655 22.1672 26.833 26.1558 22.4854 22.8439 25.7589 30.8094 30.1195 28.3509 28.5989 29.4194 30.0207 31.0623 29.9618 27.0825 26.3799 24.8033 24.6853 23.4895 22.0846 22.3448 20.8441 19.8216 19.5578 18.5765 16.8145 16.3734 15.7505 14.8088 14.3928 13.9894 13.1992 12.5507 11.7866 11.6485 11.5864 11.5639 11.446 11.4386 11.3812 11.3687 11.505 11.6977 11.9751 14.3511 14.6766 15.3647 15.5673 15.6297 18.5446 18.587 18.6159 18.9245 
16.7209 17.4872 17.3912 23.1452 23.2623 23.9807 28.4202 28.4457 27.3616 26.9119 25.6284 25.6869 26.6996 26.0786 22.1875 26.7727 22.259 22.6523 23.3004 28.8251 29.7725 27.0244 26.329 28.393 30.0957 28.4197 25.8413 25.1568 24.7651 22.9632 21.4195 21.3873 20.7805 18.1874 18.848 18.0297 15.339 15.2762 14.8826 14.1075 14.1909 13.5627 13.5758 13.0205 12.6282 12.2987 11.7594 11.4854 11.2292 11.3371 11.4128 11.3949 11.3815 11.4919 11.6661 11.8858 12.2121 14.6217 15.4891 15.6537 15.7438 16.4301 18.6372 18.9697 18.9559 18.9427 
22.8265 16.7173 17.4809 17.3875 23.1266 23.2524 23.9834 28.4167 28.4494 27.3546 26.89 25.6262 25.7054 26.7014 21.9428 22.2098 21.9801 22.2876 22.9749 28.3308 29.6089 30.0614 26.0512 24.4517 25.1087 29.6335 22.9076 22.0465 20.8182 19.8131 19.6205 18.5666 16.1261 16.5819 16.431 14.9917 14.4439 13.7133 12.9994 12.8231 12.7333 12.2452 12.4784 12.0513 11.7995 11.645 11.4359 11.2388 11.162 11.1335 11.2331 11.3382 11.4899 11.6731 11.9165 12.2219 14.5735 15.491 15.7818 15.9241 16.5681 18.7125 19.0179 18.9969 18.9779 18.9607 
24.7054 22.8047 16.7124 16.1004 17.3824 17.407 23.239 23.9887 28.4128 28.4563 27.3443 26.8565 25.6218 25.7349 26.7044 22.0548 22.2275 21.8163 22.296 27.4892 29.809 31.4019 29.2408 23.6783 22.2714 20.3693 20.4383 19.5322 19.0764 18.278 16.9822 15.6847 15.0784 13.6145 12.6637 12.2184 11.8517 11.5553 11.3892 11.2351 11.6408 11.5815 11.282 11.5486 11.4594 11.1707 11.1597 11.224 11.062 10.949 11.0317 11.2884 11.7104 12.027 12.2931 12.4795 15.373 15.9737 16.3903 16.842 18.8348 19.0862 19.0519 19.0234 18.999 18.9445 
24.7346 24.698 22.7748 16.0894 16.0984 17.375 17.4056 23.2203 23.9986 28.4087 28.4691 27.3279 26.8017 25.6128 25.7868 25.9427 22.2517 22.2037 20.6613 22.108 29.8157 37.8517 29.0676 32.4245 20.0553 18.9929 17.8925 16.9885 16.4407 14.8588 14.927 13.4481 12.7006 11.4039 11.1353 10.6674 10.2999 10.5028 9.7275 9.9384 10.2879 10.5826 10.8257 10.3096 10.5406 10.8569 10.6384 10.6579 10.8905 10.8238 11.0357 11.364 12.2396 12.2053 12.4786 14.4577 16.1388 16.882 16.896 19.2791 19.1889 19.1281 19.0834 19.0133 18.959 18.9177 
24.7698 24.7326 24.687 22.7327 16.0845 16.0954 17.3642 17.4029 23.193 23.108 28.4053 27.4319 27.2994 26.7033 25.5926 25.891 25.8186 22.6624 21.8866 20.1799 23.9165 30.8551 20.2527 20.4499 16.6484 16.078 14.628 15.15 13.1644 12.8658 12.6437 11.7643 9.8064 9.5254 9.4963 8.0632 8.3936 8.0967 8.6241 8.9547 9.2049 9.1283 9.7154 9.9718 9.9396 10.2177 10.4172 10.3153 10.273 10.6883 10.9654 10.9191 11.9685 12.4895 12.8426 15.1007 17.987 18.0809 17.8528 19.353 19.2339 19.1276 19.0329 18.9673 18.9196 18.8837 
29.7013 24.7752 24.7285 24.6701 16.1938 16.0776 16.0908 17.3473 17.3979 23.1504 23.1283 28.4049 27.4613 27.2424 26.5023 25.5407 26.2307 23.2304 23.6847 19.3873 16.2804 28.9587 20.4572 14.9971 14.5356 14.3636 12.491 12.3044 11.5501 10.7398 10.6416 10.0629 8.9259 8.3896 7.0221 7.2424 6.8933 6.842 7.4159 7.8735 8.1129 8.8498 8.7436 9.407 9.609 9.6089 9.8162 10.1471 10.1416 10.2138 10.7206 10.818 11.3857 12.493 12.731 15.8059 22.8007 19.3086 19.5965 19.3362 19.1449 19.0333 18.96 18.9089 18.8717 20.7078 
29.7485 29.6998 24.7811 24.7207 29.4821 16.1896 16.0671 16.0834 17.3197 17.3881 23.0783 23.1654 24.0507 27.5287 27.0993 26.0184 25.381 25.1634 27.0213 22.161 15.2294 14.4032 13.2189 12.7409 12.4573 11.2607 11.0595 9.9418 9.9058 9.9509 9.2016 7.597 7.0592 6.2384 6.0265 5.7485 5.7791 6.1985 6.0231 6.9749 6.9483 8.0724 8.3391 8.2717 9.1846 9.4414 9.4648 9.5029 9.8284 9.9978 10.1136 10.5144 11.2528 11.2965 13.2098 13.647 17.6125 19.2448 19.1809 19.0844 18.9908 18.9821 18.9567 18.9345 18.9158 18.9002 
29.3295 29.758 29.6956 24.7873 24.7063 28.4407 16.1828 16.0505 15.9589 17.2712 17.3673 22.9417 23.2404 24.302 27.7349 26.5717 22.5624 21.3333 14.8147 13.5724 12.7195 12.7208 12.2468 11.3303 10.8494 9.8932 9.1894 8.6926 7.725 7.5433 7.2696 6.2805 5.9058 5.8504 5.4351 5.0633 5.0738 4.897 5.2161 5.328 6.4616 6.3355 7.5071 7.7083 7.9885 9.0214 9.1867 9.6265 9.78 9.8248 9.9983 10.0873 10.6196 11.2748 12.0958 13.2859 15.1385 19.4708 19.5673 19.2954 19.1535 19.0695 19.0142 18.9751 18.9459 18.9233 
29.3331 29.3536 29.7692 29.6864 24.7929 24.6791 27.9353 16.1712 15.3916 15.9358 15.8127 17.3175 22.6346 23.2647 28.5955 28.8963 23.552 20.5081 13.2661 12.4336 11.5404 10.4381 10.1674 9.6509 9.0679 8.7808 8.1166 7.5098 6.9639 6.8957 5.6586 5.2449 4.5968 4.3041 4.3666 4.3605 4.0341 4.1274 4.2903 4.7795 5.2389 6.191 6.417 7.4327 7.8839 8.2456 9.05 9.4088 9.8675 9.9399 9.9035 9.9344 9.9957 10.6595 11.3645 13.8096 17.3364 21.1847 19.9773 19.4693 19.2501 19.1309 19.0567 19.0062 18.9697 18.9421 
29.3345 29.3584 29.3853 29.7822 29.6675 24.7961 28.4431 27.758 16.1501 15.3896 15.8574 15.7757 17.1713 17.4326 26.0088 33.3185 26.0737 13.19 12.1289 10.8323 10.3613 9.7502 9.4423 8.5528 8.2102 7.3786 7.0961 6.7684 5.7214 5.1381 4.9288 4.5445 4.2396 3.8762 2.8595 2.891 3.0513 3.2139 3.3074 3.9365 4.5977 4.9145 6.31 6.6435 7.6262 7.9999 8.5265 9.1024 9.3627 9.926 10.0046 9.8905 10.1412 10.2367 13.9581 19.6972 18.8184 19.3688 19.3711 19.1734 19.2626 19.1522 19.0772 19.0241 18.9849 18.955 
29.3325 29.3599 29.392 29.4287 29.7969 24.9652 24.7908 28.3156 21.4644 15.4838 15.385 15.2583 15.6368 17.9264 19.3183 25.1497 23.6387 12.2734 10.7866 10.2335 9.4643 8.1993 7.6384 7.3632 7.2368 6.9416 6.0371 5.636 5.0152 4.3662 4.1248 2.9717 2.6997 2.5638 2.3383 2.1207 2.3487 2.733 3.0594 3.4902 4.3791 4.9186 5.5589 6.707 7.1255 7.8376 8.1306 8.777 9.0426 9.6846 10.126 10.37 10.6878 11.0521 10.8306 15.6499 18.0307 20.3407 20.6736 18.9993 18.9233 18.8495 19.0768 19.0286 18.9911 18.9617 
29.131 29.2064 29.3932 29.4386 29.4917 29.812 29.8624 24.7568 28.029 21.2369 15.6504 15.375 15.2229 15.1997 16.7725 15.4532 13.0526 11.3678 10.1488 9.7198 8.7631 8.2647 6.9921 6.5243 6.1753 5.8704 4.9938 4.5682 4.165 3.6757 2.9331 2.6959 2.1961 1.9952 1.479 0.7518 0.9799 2.3381 2.8982 3.7406 4.2505 4.9015 5.3755 6.0202 6.7678 7.5872 7.9966 8.5983 9.1163 9.6274 10.0036 10.3789 10.8314 12.7226 11.6466 14.3231 16.437 17.7096 20.335 20.444 18.8325 18.7937 18.7535 18.717 18.9896 18.9626 
22.7983 29.0972 29.1893 29.439 29.5075 29.5906 29.822 29.8526 28.3886 25.9571 19.7723 15.6751 15.4922 15.0315 14.1966 13.514 11.8097 11.0912 9.2954 8.5927 8.1271 7.3838 6.6486 6.3729 5.6514 5.1822 4.621 4.0332 3.421 2.5324 2.1644 2.1996 1.2446 1.0187 0.352 0.7632 1.3286 2.1501 3.2333 3.7194 4.53 4.978 5.4753 6.0426 6.747 7.3172 7.9056 8.4212 8.7682 9.5505 10.1619 10.4047 10.9409 12.0436 11.9203 14.184 14.6759 16.7061 17.6353 20.3234 20.388 21.1714 18.7149 18.6902 18.6666 18.645 
21.6144 22.8402 22.9421 29.1404 29.3207 29.6191 29.7644 29.8087 29.8182 26.7565 20.555 17.1962 15.7926 14.4799 13.3947 12.2464 11.2384 10.4916 9.1024 8.2441 7.7853 6.933 6.4895 5.3836 5.1695 4.5446 4.0603 3.0481 2.7762 2.2854 1.7173 0.9194 0.7537 1.1638 0.9156 2.3028 2.2246 3.0265 3.6299 3.8589 4.6827 5.266 5.563 6.1847 6.8015 7.2673 7.6112 8.486 8.8984 9.3704 10.3766 10.4756 10.5864 11.4224 11.5772 11.5739 14.488 14.705 16.8105 17.5981 20.3132 20.3554 20.3806 21.1492 18.6457 18.6294 
21.5764 21.6548 21.7635 21.9189 23.1467 29.2576 29.8301 30.1223 30.3127 32.4701 29.593 18.0006 15.3698 13.2361 12.8047 11.6101 10.8709 9.3741 8.5177 7.883 7.2529 6.7626 6.2763 5.1874 4.455 4.2588 3.9253 2.8663 2.2198 1.446 0.7561 0.5335 1.4394 1.9786 2.1414 2.9482 3.3869 4.0998 4.2011 4.7608 5.2645 5.6005 5.8502 6.6797 6.9954 7.4578 8.0228 8.2756 9.1366 10.7175 13.6488 11.9855 12.0098 11.1776 11.3877 11.4136 11.6039 14.5858 14.7002 17.5078 17.5751 20.3052 20.3348 20.3541 21.1595 21.1387 
21.5184 21.5855 21.682 21.8287 22.0674 22.4869 24.0045 24.7841 30.3371 47.2056 30.662 23.4569 14.4136 12.5507 11.6335 10.9272 9.4584 9.1203 7.9008 7.5007 7.0235 6.1298 5.2783 4.9704 4.1323 3.517 2.8674 2.3895 1.3214 1.0078 1.002 1.282 2.6588 3.1208 3.6491 3.6706 4.7712 4.9616 5.3628 5.4761 5.6736 6.1383 6.6802 6.7997 7.0396 7.8554 8.2267 8.8067 9.5018 12.8137 15.6084 13.5408 12.7302 12.4862 11.224 11.3429 11.4696 14.3993 14.6223 14.6914 17.5143 17.5594 20.2989 20.3208 20.336 20.3462 
21.4421 21.4873 21.5517 21.6504 21.8172 22.1437 22.9354 25.6343 32.2594 23.621 27.1159 15.343 13.7378 11.6593 10.4863 9.561 8.8861 8.219 7.4955 6.9152 6.3685 5.9415 5.1077 4.2007 3.4565 2.7329 2.3102 1.6608 0.9939 1.2956 2.0454 2.4642 3.1388 3.7471 4.6918 5.0789 5.5359 5.5847 6.1184 6.4855 6.8798 7.1003 7.4602 7.5045 8.1053 8.0982 8.9227 10.1544 12.1043 11.8018 13.3729 13.5941 12.9107 12.8185 13.1009 13.1547 11.3147 11.4355 14.6555 14.6373 14.683 17.5157 20.2716 20.294 20.3108 20.323 
21.3538 21.3697 21.3878 21.4074 21.4246 21.4233 21.3338 20.8917 19.2156 15.4172 16.8921 13.9001 12.5334 11.0308 9.889 9.5574 8.5735 7.6345 7.4614 6.5279 6.2063 5.3564 4.3643 3.4905 3.2773 2.2596 1.5533 0.7529 0.8904 1.6201 2.2778 3.5699 4.0487 4.7762 5.1606 5.7029 5.9336 6.3231 6.7272 7.0089 7.4228 7.8188 7.991 9.0046 8.7826 11.0334 11.0862 15.6953 12.3353 11.4722 12.4784 12.9026 13.0701 13.1399 12.7621 13.2278 13.2354 11.2962 14.3951 14.6849 14.6435 14.6759 17.5152 20.2728 20.29 20.3033 
21.2625 21.2484 21.2198 21.1612 21.0356 20.7414 19.6306 17.6202 15.4982 13.4686 13.3034 12.4695 11.7475 10.9846 9.5141 8.6738 8.3512 7.4027 6.6383 6.0271 5.3506 4.8526 3.9569 3.0189 2.4908 1.5497 0.7192 0.6134 1.8347 3.0668 3.8312 4.2219 4.7852 5.12 5.5501 6.2213 6.3448 6.7286 7.2423 7.7639 8.1039 9.2815 9.5011 9.5737 10.094 16.2516 27.107 20.4996 17.6585 12.2254 11.754 12.5448 12.7173 12.8744 13.0464 13.1949 13.2303 13.1773 11.4188 14.4429 14.7013 14.6459 17.3803 17.5139 20.2732 20.2868 
20.5951 20.5449 20.463 20.3252 20.0852 19.6547 18.895 14.8714 13.8522 12.9683 11.9384 11.2635 9.8969 9.2718 8.7539 8.2525 7.662 6.8357 5.9497 5.7377 4.979 4.0633 2.898 2.6923 1.4614 0.9398 0.8809 1.8209 2.952 3.2791 4.1233 5.0255 5.6578 6.0503 6.568 6.7608 7.0982 7.336 8.2203 8.3514 8.7874 9.3752 10.4773 11.4263 11.9728 12.8056 24.2248 23.3791 21.3706 18.5456 12.0757 13.9191 12.5337 12.6251 12.7782 12.9932 13.1811 13.2277 13.1879 13.3605 14.6608 14.711 14.6464 17.3905 17.5122 20.273 
20.4236 20.3353 20.2047 20.0071 19.7023 15.1543 14.5886 13.4237 12.9592 11.8978 10.4535 10.405 9.4954 9.1068 8.2048 7.7183 6.9325 5.9926 5.3914 4.9331 4.0363 3.3456 2.761 2.0117 1.4308 1.081 1.2833 2.2258 3.2296 4.6232 4.9563 5.711 5.9764 6.5174 6.8421 7.4367 7.7008 8.0278 8.6672 9.309 10.3387 10.9496 11.8785 14.2923 14.3659 13.0935 20.0843 21.3082 21.8532 21.3313 20.6282 17.6773 13.9783 13.9871 12.5709 12.7224 12.9592 13.1694 13.2239 13.193 13.3764 14.6779 14.7168 14.6459 17.3973 17.5105 
20.2763 20.1631 20.0053 19.7824 14.0007 13.8895 12.6029 12.2893 11.0894 10.2685 9.7449 9.2901 8.8588 8.1234 7.8837 6.6802 6.1334 5.5866 4.863 4.0422 3.5831 2.497 2.0291 1.3575 1.3602 1.4955 2.0038 3.3422 4.0825 4.8472 5.475 6.3753 6.5356 7.122 7.5925 7.8657 8.3715 9.2507 9.5749 10.3902 10.6538 11.8337 15.7758 27.5677 20.2331 17.2441 19.2601 20.5407 21.7336 21.6834 21.4064 20.683 17.8678 14.0009 14.0019 14.0047 12.6865 12.9358 13.1597 13.2198 13.1953 13.3867 14.6894 14.7203 17.3634 17.4019 
20.1571 20.0315 13.9417 13.8868 12.5131 12.3916 12.1694 11.387 9.9215 9.0315 8.91 8.1697 8.1397 7.4201 7.1375 6.1761 5.5768 4.7945 4.0209 3.6191 2.8058 1.8233 1.3662 1.2588 1.6768 2.0223 2.8846 3.9865 4.5738 5.2265 6.4591 6.9469 7.193 7.4686 8.0594 8.4428 9.0326 10.0153 10.4624 10.8982 12.7368 14.3646 17.1213 21.4572 22.672 18.7345 17.7842 19.9055 20.4216 21.4454 21.4337 21.2493 20.4593 20.0785 14.0099 14.0081 14.0078 12.6617 13.5074 13.4977 13.216 13.1961 13.3936 14.6973 14.7225 17.3731 
18.8079 13.0928 12.4509 12.3923 12.2949 12.1385 10.9232 9.4441 9.2278 8.4953 8.253 7.5173 7.2557 6.7151 6.2122 5.4472 4.8178 4.538 3.6513 3.0544 2.0099 1.5699 1.1838 1.354 2.0204 2.9162 3.3802 4.2336 5.2529 6.2487 6.94 7.4592 7.8285 8.319 8.7563 9.5124 9.8398 10.5223 11.2635 12.4246 17.9653 39.6497 27.7862 21.9569 19.6058 23.2482 18.2146 22.9208 20.0496 21.2626 21.2993 21.2983 21.1562 20.4352 20.2885 14.0131 14.0105 14.0089 12.6435 13.4977 13.4903 13.2125 13.196 16.5387 14.7029 14.7238 
13.0161 12.3779 12.3263 12.2493 11.0879 9.4541 9.3665 9.2251 8.1499 8.0319 7.4358 7.1973 6.5676 6.4339 5.5473 5.1391 4.3375 3.6932 3.0784 1.9567 1.5621 1.3625 1.2275 1.7442 2.1655 3.3428 4.0782 4.9852 6.0404 6.745 7.1843 8.2027 8.3637 9.1829 9.4485 10.3489 10.6118 11.7967 12.803 17.7217 36.2051 32.3972 32.9189 27.9551 21.5934 19.599 19.7351 18.007 23.1562 21.0899 21.1907 21.2124 21.2146 21.0958 22.6454 20.3106 14.0138 14.0109 14.0088 12.6297 13.4902 13.4844 13.2094 13.1956 16.5519 14.7069 
12.3326 12.2886 11.1377 11.0403 9.3952 9.3302 9.2336 8.0797 8.0059 7.4 7.2735 6.8108 6.4031 5.9458 5.1031 4.3683 3.9758 3.0929 2.6232 1.7793 1.3189 1.1148 1.3385 2.293 3.4001 4.3392 4.7213 5.5749 6.0877 6.8952 8.335 8.5758 9.3565 9.6493 10.431 11.4336 12.122 13.2063 18.0299 16.1154 26.5607 32.1487 33.1957 34.0301 27.913 27.0997 25.0751 19.6584 18.1666 24.94 25.0491 21.1406 21.1551 21.1583 21.0541 22.6438 20.3249 20.1978 14.0104 14.0082 12.6189 13.4843 13.4795 13.2066 13.1948 16.5618 
11.1496 11.0914 11.0133 9.3619 9.3122 9.2431 8.046 7.9961 7.3836 7.315 6.6526 6.5503 5.8572 5.4838 4.4865 3.8127 3.2015 2.3067 1.823 1.2275 1.141 1.2038 1.9048 2.7986 4.1638 4.5774 5.7571 6.1454 6.7742 7.5727 8.4356 9.0484 9.948 10.5454 11.5539 12.0357 13.4853 24.4662 19.0688 19.1431 24.2841 27.5567 31.9767 33.0674 34.3953 27.8946 22.8248 25.1092 24.9034 19.3293 24.9874 25.0628 21.1043 21.1147 21.118 21.1075 22.642 20.3345 20.2299 14.0094 14.0073 12.6102 13.4795 13.4756 13.2041 13.194 
11.0613 10.9976 9.3419 9.303 9.2514 8.0283 7.9926 7.3755 7.3338 7.2732 6.5804 5.9299 5.281 4.6409 3.9233 3.0349 2.6242 2.3023 1.5169 1.3312 1.4494 2.1682 2.7218 3.0049 4.7581 5.3522 6.0124 6.5872 7.3576 7.9395 9.2555 10.3126 10.74 11.9336 12.2659 13.5405 16.4312 19.1998 19.7051 19.6142 20.0923 24.5967 26.8381 31.9582 33.047 34.5585 27.8852 22.8047 25.1275 24.9355 19.3063 25.0144 25.0693 21.0768 21.0848 21.1307 21.0812 22.6403 20.3412 20.2537 14.0083 14.0062 12.6031 13.4755 13.4722 13.2019 
10.9884 9.3293 9.2982 8.0374 8.0183 7.9917 7.371 7.3432 7.305 6.5915 6.5389 5.2783 5.1568 3.9439 3.0522 2.5075 2.0662 1.4242 1.0661 1.3589 1.6861 1.9789 3.125 4.0168 4.8448 5.8309 6.4454 7.3758 7.9526 9.1222 9.9543 10.4839 11.8895 12.8906 16.2789 15.6792 26.7506 21.7174 18.3959 20.3511 20.5742 20.47 24.8268 25.5877 31.9501 33.0497 34.6474 27.8796 28.5639 25.1384 24.9546 19.2911 25.0307 25.0722 21.0554 21.0617 21.1008 21.0613 22.6387 20.3461 20.2718 14.007 14.0051 14.287 13.4721 13.4694 
9.3211 9.2957 8.0278 8.0123 7.9917 7.3682 7.3485 7.3224 6.596 6.5625 5.2691 5.2004 3.9493 3.0578 2.452 1.9382 1.5171 1.2374 1.2263 1.8363 2.1607 2.9138 3.5883 4.5188 5.2706 6.3483 7.1891 8.1031 8.7248 9.6293 11.4109 12.4107 12.8412 14.182 25.234 25.5349 23.0048 22.6022 22.6451 18.4889 20.721 20.8561 20.6551 24.9654 25.442 31.9443 33.0573 34.7024 28.6381 28.5749 25.1455 25.1412 24.7847 25.0408 25.0732 21.0382 21.0433 21.078 21.0457 22.6372 20.3496 20.2859 20.2322 14.004 14.2866 13.4693 
9.2945 8.0213 8.0085 7.9922 7.3663 7.3516 7.3328 6.598 6.575 5.2606 5.2173 4.3988 3.2111 2.4308 1.9116 1.5979 1.3719 1.4221 1.7213 2.0639 2.4599 3.0888 3.8214 5.0522 6.2479 7.0441 7.4864 8.5086 9.754 10.0285 11.7476 12.9169 14.0375 14.9371 22.2891 25.7762 24.7869 26.5329 21.7531 22.4043 18.5669 20.9052 20.9922 24.11 25.0534 26.6782 33.1547 33.0653 34.7394 28.6315 28.5837 26.4934 25.1467 24.8009 25.0474 25.0733 21.0242 21.0284 21.0601 21.0333 22.6359 20.3523 20.297 20.2498 14.0029 14.8813 
8.0167 8.0061 7.9929 7.365 7.3537 7.3395 6.5989 6.5822 5.7636 5.2242 4.4184 2.9767 2.4227 1.9042 1.7286 1.4261 1.4583 1.6636 2.294 2.6049 3.2173 3.6073 4.3736 5.5252 6.4771 7.4445 8.2011 8.9903 10.1279 11.0947 13.0812 15.2399 18.5332 17.6503 21.7069 22.1074 24.754 26.5488 26.456 21.5894 22.2442 21.8604 23.1726 21.0745 25.8903 25.1132 26.6385 27.6927 33.0728 34.7658 28.6284 28.5909 26.4956 25.1507 24.8124 25.0516 25.0728 22.1453 21.0161 21.0458 21.0232 22.6348 20.3543 20.3059 20.2641 14.0018 
8.0045 7.9936 7.364 7.355 7.344 6.5992 6.5866 5.7657 4.8927 4.4283 2.9724 2.4194 2.1325 1.7375 1.4455 1.466 1.9145 2.4931 2.6017 3.0128 3.5105 3.9269 4.5876 5.9013 6.5834 8.1349 8.924 9.4836 10.7802 12.6634 13.4858 23.7575 22.0789 20.4422 18.5925 22.6808 24.23 26.533 26.4644 26.4121 21.5015 22.198 21.9587 23.3046 24.2547 26.0448 25.156 26.6202 27.66 33.0793 34.7855 28.627 28.5969 26.4978 25.1537 24.8208 25.0544 25.072 22.1353 21.0554 21.0342 21.0149 22.6338 20.3559 20.3132 20.2759 
7.9942 7.3633 7.356 7.3472 6.5992 6.5894 6.5773 4.8908 4.8552 2.9698 2.4179 2.1357 1.7423 1.4539 1.4677 1.9428 2.412 2.6069 3.1232 3.3292 3.9118 4.4507 5.1458 5.9717 7.0792 8.0026 9.2793 10.2892 11.3759 13.2945 25.6439 24.0331 25.8207 22.1376 21.644 18.5984 22.9035 24.2282 26.4598 26.418 26.3843 21.3765 22.1874 22.0246 23.3956 24.3662 26.1499 25.1881 26.6125 24.2906 33.085 34.8008 28.6267 28.602 26.5 26.5052 24.8271 25.0562 22.1115 22.1269 21.0429 21.0246 21.0079 20.4002 20.3571 20.3191 
7.3628 7.3567 7.3495 7.3411 6.5912 6.5817 4.8887 4.8613 3.7732 2.4173 2.2567 1.7453 1.7516 1.9238 1.9544 2.4187 3.0606 3.1303 3.2488 4.4142 4.6051 5.2353 5.7194 5.8952 7.9546 8.6079 9.9895 11.1608 12.697 14.9939 21.6935 25.478 25.0153 26.5237 22.0823 21.8699 22.7248 22.9687 26.4561 26.4169 26.3887 26.3651 22.3502 22.1891 22.0715 23.4622 27.5604 26.2252 26.5024 26.6103 24.2723 29.8106 34.8129 28.6269 28.6063 26.502 26.5066 24.8319 25.0573 22.1064 22.1199 21.0324 21.0165 22.658 20.3963 20.358 
7.3572 7.3512 7.3443 6.5925 6.5848 4.8868 4.865 3.7785 2.9449 2.2577 1.7473 1.9199 1.9359 2.3895 2.4199 3.0899 3.136 3.2082 4.5531 4.6655 4.8853 5.8795 6.052 6.383 7.7138 9.0445 10.4558 14.5918 14.7432 18.8459 20.4874 22.5002 25.1245 25.0214 22.1278 22.0776 21.9467 22.8597 23.0796 26.4754 26.3889 26.3685 22.1747 22.3128 22.1953 22.1063 23.5128 27.6609 26.2814 26.5226 26.6111 24.2603 29.7997 34.8228 28.6275 28.61 26.504 26.508 24.8355 25.058 22.1021 22.1139 21.0236 21.0097 22.6543 20.393 
7.3525 7.3467 6.5934 6.5871 5.7532 4.8672 3.7819 2.2694 2.2587 1.7488 1.9297 1.9429 2.397 2.4196 3.1064 3.139 3.1865 4.6164 4.6892 4.8134 6.1079 6.1934 6.6933 6.9979 7.0796 9.4144 11.4527 18.8709 18.7323 19.1602 16.7183 21.3541 23.0212 25.0598 25.0158 22.0786 22.0552 21.9798 22.9275 23.0756 26.4881 26.6364 26.3539 22.1223 22.2921 22.2029 22.1333 22.08 27.7376 26.3247 26.5396 26.6134 24.2524 29.7923 34.831 28.6282 28.6132 26.5057 26.5093 24.8383 25.0584 22.0983 22.1087 21.0162 21.0039 22.6512 
7.3486 6.594 6.5887 5.7547 4.8686 3.7841 3.0713 2.2596 1.7499 1.9361 1.9471 2.4015 2.4188 3.1162 3.1404 3.8546 4.6477 4.6977 4.7745 6.1706 6.2314 6.3366 7.1488 7.3928 12.6282 15.369 25.9849 22.8556 22.0092 19.8787 19.935 16.2567 21.5213 22.8563 25.0355 25.0109 22.6255 22.0448 21.9964 22.9653 26.3757 26.4968 26.6152 26.5206 22.0894 22.2806 22.2106 22.1547 22.1107 26.2428 26.359 26.5541 24.2112 24.2472 29.7874 34.8378 28.6291 28.6161 26.5074 26.5106 24.8405 24.8627 22.0949 22.1042 21.0098 20.9988 
6.5944 6.59 5.7557 4.8694 3.7855 3.0758 2.2604 1.9889 1.9404 1.9496 2.4043 2.418 3.1224 3.141 3.8655 4.6645 4.7006 5.3903 6.2001 6.2421 6.3074 7.2309 7.379 15.0394 17.7165 26.2905 36.0987 27.6412 24.3232 23.3348 19.9215 19.9198 21.1391 21.9237 22.7804 25.023 25.0072 22.6115 22.0393 22.0055 26.485 26.4101 26.5029 26.6007 26.5447 22.068 22.2743 22.2179 22.172 22.1351 26.289 26.3866 26.5666 24.2124 24.2439 29.7842 34.8437 28.63 28.6186 26.5089 26.5117 24.8423 24.862 22.0919 22.1003 21.0042 
6.5909 6.5865 4.8698 3.7865 3.0792 2.0234 1.9925 1.9433 2.3972 2.4062 2.4173 3.1265 3.1412 3.8721 4.6743 4.7014 5.3981 6.2153 6.2452 6.2884 7.2778 7.3678 14.8574 16.9322 19.4449 24.2307 28.7879 27.4267 25.7279 24.4168 23.8387 19.8998 19.8926 25.354 22.7807 22.7397 25.0154 25.0043 22.6045 22.0361 22.6837 26.5167 26.4343 26.5075 26.5905 26.5223 22.0538 22.2711 22.2248 22.1864 22.155 26.3262 26.4094 26.5775 24.2142 24.2418 23.119 34.8488 28.6309 28.6209 26.5103 26.5129 24.8437 24.8613 22.0892 22.0968 
6.5879 4.87 3.7871 3.0817 2.0238 1.9951 1.9454 2.3999 2.4074 2.4166 3.1293 3.8525 3.8762 4.6802 4.7013 5.4028 6.2238 6.246 6.2763 7.3051 14.389 14.9426 16.6037 17.7214 19.4341 22.3122 26.6066 26.2556 25.5395 25.0149 24.3834 25.713 19.8756 20.929 25.4216 22.7445 26.2382 25.0103 25.0021 22.6009 22.5999 22.6844 26.5396 26.4518 26.5109 26.583 24.1804 22.0442 22.2697 22.231 22.1985 22.1715 26.3568 26.4284 26.587 24.2161 24.2406 23.1154 28.2478 28.6318 28.6229 26.5116 26.5139 24.8448 24.8607 22.0869 
4.8701 3.7875 3.0836 2.5019 1.9971 1.9469 2.4018 2.4082 2.4159 3.1313 3.8592 3.8788 4.684 4.7009 5.4057 6.2288 6.2459 6.2681 7.3221 14.5783 14.9636 15.5471 17.054 17.934 20.372 25.4094 25.6566 25.574 25.3577 24.8861 24.7109 24.3429 25.7991 25.6372 20.9172 25.4609 22.7212 26.2416 25.0066 25.1401 22.5991 22.5987 22.6853 26.5568 26.4649 26.5137 26.5773 24.1628 22.0376 22.2696 22.2367 22.2089 22.1853 26.3821 26.4445 26.5954 24.2182 24.24 23.1128 28.2453 28.6327 28.6247 26.5128 26.5149 24.8457 24.8601 
3.7878 3.0851 3.0395 2.2528 1.948 2.4033 2.4088 2.4153 3.1327 3.8639 3.8805 4.6865 4.7003 5.4075 6.232 6.2454 6.2624 13.5058 13.7694 14.9687 15.3653 16.7287 17.2503 17.9117 20.0067 24.9826 25.1366 25.1308 25.1469 24.8397 24.8821 24.549 24.3089 25.8458 25.7226 20.9099 25.4856 22.7054 26.244 25.0038 25.1325 22.5982 22.5981 22.6863 26.5701 26.4749 26.5158 26.5234 24.1501 22.0332 22.2702 22.242 22.2178 22.1971 26.4035 24.1387 26.603 24.2203 24.2399 23.1109 28.2435 28.6335 28.6263 26.5139 30.5628 24.8464 
3.0863 3.0431 2.254 1.9488 2.4044 2.4092 2.4148 3.1337 3.8675 4.6788 4.6882 5.394 5.4086 6.234 6.2449 6.2583 13.6193 13.8281 14.9692 15.2547 16.5446 16.8854 17.311 17.8071 19.7085 24.7042 24.8109 24.8292 24.9623 24.757 24.5584 24.6728 24.4504 26.0058 25.8739 25.7777 20.9051 25.5019 26.2246 26.2457 25.0017 25.1275 22.5978 22.598 22.6873 26.5806 26.4828 26.5176 24.1932 24.1409 22.0302 22.2712 22.2467 22.2255 22.2072 26.4218 24.1475 24.2028 24.2224 24.2401 23.1094 28.2422 28.6344 28.6278 26.5149 26.4568 
3.046 2.255 2.4016 2.4053 2.4095 3.1293 3.8598 3.8701 4.6813 4.6893 5.397 5.4093 6.2353 6.2443 13.5703 13.6982 13.867 14.9684 15.1831 15.4572 16.6677 16.9603 17.3035 17.681 19.4714 24.5094 24.5885 24.6137 24.8107 24.6685 24.5218 24.3853 24.5434 24.3848 25.9931 25.8921 25.8153 20.9019 25.5132 26.23 26.247 25.0 25.1241 22.5977 22.598 22.6883 26.5891 26.4891 26.5385 24.1792 24.1342 22.0282 22.2725 22.2511 22.2323 22.2161 26.4375 24.1551 24.2068 24.2245 24.2405 23.1084 23.1278 28.6351 28.6292 26.5159 
2.2559 2.4027 2.406 2.4097 3.1305 3.863 3.8721 4.6831 4.6901 5.3993 5.4097 6.2363 6.2438 13.6462 13.7549 13.8939 14.9672 15.1343 15.342 16.5269 16.7387 16.9863 17.2636 19.0811 19.2817 24.3658 24.4271 24.4532 24.6874 24.5854 24.4756 24.368 24.6013 24.4571 24.3384 25.9843 25.9045 25.8419 20.8996 21.8272 26.2341 26.2481 24.9986 25.1218 22.5979 22.5982 22.6892 26.596 26.4943 24.2908 24.1685 24.1293 22.0269 22.274 22.255 22.2384 22.2238 26.4511 24.1619 24.2105 24.2265 24.2411 23.1077 23.1254 28.6359 28.6305 