ncols 63 
nrows 65 
xllcorner 158299.234985
yllcorner 383917.171997
cellsize 0.25
nodata_value -9999 
39.017 39.0087 39.2729 39.2581 39.582 39.3533 39.3642 39.3521 39.358 39.3647 39.5574 39.6164 39.5198 39.5003 39.6222 38.3276 38.2446 38.2355 38.225 37.7623 37.5365 37.5349 37.5315 37.5261 37.5191 36.9028 36.8725 36.8404 36.8084 36.7781 36.7507 36.7266 36.706 36.6889 36.6748 36.6635 34.8304 34.7962 34.7675 34.7435 32.2557 32.2151 32.1805 29.3495 29.309 22.3341 22.2846 19.2195 16.6007 13.7644 11.5651 11.557 11.5496 8.916 8.9044 7.4279 7.4158 7.4047 8.7541 7.6206 7.6273 10.2259 12.3957 
39.0901 39.018 39.0086 39.2714 39.2542 39.5784 39.3523 39.3651 39.3534 39.3604 39.3684 39.5593 39.6183 39.5191 39.4948 39.6068 38.3262 38.2409 38.229 38.2152 37.7589 37.5439 37.5402 37.5339 37.5251 36.9232 36.8855 36.8458 36.8069 36.771 36.7395 36.7127 36.6907 36.673 36.659 34.8348 34.7939 34.7601 32.3029 32.2477 32.2013 32.1624 29.3359 26.2543 22.341 22.2847 20.2788 16.6019 13.7667 11.568 11.5589 11.5506 8.9192 8.9063 7.4298 7.4163 7.4041 7.6083 7.6194 7.6267 10.2228 10.2406 12.4259 
38.8635 38.8627 39.0192 39.0082 38.9955 39.2492 39.3384 39.3511 39.3662 39.355 39.3635 39.5611 39.5617 39.6209 39.6013 39.6338 38.3286 38.3242 38.235 38.219 37.7685 37.5552 37.5516 37.544 37.5327 36.9477 36.8995 36.8493 36.8015 36.7589 36.7229 36.6937 36.6707 36.6532 34.8399 34.79 34.7497 32.3008 32.2361 32.1827 32.1387 29.3179 26.2451 22.3496 22.2849 20.2789 18.3522 13.7696 13.7544 11.5611 11.5518 8.923 8.9085 7.432 7.417 7.4035 7.6064 7.6179 7.626 10.2192 10.2387 12.4226 16.1939 
38.6826 38.8675 39.0313 39.0203 39.0074 38.9924 39.2427 39.3345 39.3495 39.3677 39.357 39.3675 39.5639 39.5647 39.6207 39.5993 39.6177 38.3273 38.244 38.2254 38.2031 37.5698 37.5669 37.5578 37.5427 36.9774 36.9139 36.8491 36.7895 36.7391 36.6987 36.6678 36.645 34.8456 34.7836 34.7347 32.2961 32.2194 32.1573 29.3629 29.294 26.2327 23.8612 20.7784 20.2793 18.3514 13.7733 13.7559 11.5639 11.5533 8.9276 8.9112 7.4346 7.4177 7.4027 7.6042 7.6161 7.6252 10.2152 10.2367 12.4187 16.1907 16.2199 
38.6816 38.6876 38.8722 39.0344 39.0215 39.0061 38.988 39.2342 39.1219 39.3476 39.3486 39.3597 39.373 39.5677 39.5687 39.621 39.5963 38.3318 38.3251 38.2362 38.2091 37.5888 37.5879 37.5774 37.5565 37.0136 36.9266 36.8408 36.7665 36.7076 36.664 36.02 34.8519 34.7729 34.7126 32.287 32.1948 32.1221 29.341 26.6663 24.1864 23.8582 20.7866 20.2803 18.3508 13.7782 13.7579 11.5674 11.5551 8.933 8.9144 7.4377 7.4187 7.4018 7.6015 7.6141 7.6242 10.2106 10.2344 12.4143 16.187 16.2191 16.2484 
39.0513 39.0606 38.6935 38.8779 39.0381 39.0226 39.004 38.9819 38.0661 39.1141 39.345 39.3491 39.3633 39.3808 39.5728 39.5741 39.6206 39.6543 38.3317 38.3212 38.2214 37.866 37.6181 37.607 37.5764 37.0573 36.9323 36.8166 36.7245 36.6587 36.0168 34.8586 34.7547 33.4516 32.2702 32.1578 30.3817 29.3091 26.651 24.1867 23.8535 20.7977 20.2822 18.3508 13.7845 13.7607 11.5717 11.5574 8.9397 8.9183 7.4414 7.4198 7.4007 6.6143 7.6117 7.623 7.6333 10.2317 10.2557 16.1827 16.2182 16.2504 22.3371 
38.5533 39.0538 39.0649 38.7007 38.885 38.8138 39.0236 39.0006 38.9731 37.4966 39.1033 39.1336 39.3496 39.3685 39.3922 39.5801 39.582 39.618 39.4829 38.3316 38.3137 38.1914 37.6622 37.6554 37.6071 37.1057 36.9172 36.7601 36.651 36.0083 34.8645 34.2559 33.4271 32.2401 30.9355 30.3402 27.742 24.6829 24.1859 23.8464 21.8688 20.2853 18.3515 13.793 13.7647 11.5772 11.5604 8.948 8.923 8.901 7.4211 7.3994 6.6124 7.6087 7.6216 7.6331 10.2286 10.2554 16.1778 16.2172 16.2528 22.3372 22.3743 
38.5363 39.0455 39.0569 39.0701 38.7097 38.894 38.8183 39.0242 38.9953 38.9601 37.4986 39.0877 39.1281 39.3502 39.3763 39.41 39.5916 39.6488 39.6092 38.3483 38.3319 38.224 37.7254 37.7405 37.6583 37.1381 36.8444 36.6396 35.9861 34.4166 34.2356 33.379 31.032 30.8894 30.2753 27.7226 24.6873 24.1834 23.8356 21.8703 19.5559 18.3534 16.2609 13.7702 11.5843 11.5643 11.547 8.929 8.9033 7.4227 7.3978 6.6101 7.6051 7.6198 7.6329 10.2251 10.2551 16.1721 16.216 16.2555 22.3374 22.3783 26.4302 
38.5162 38.5392 39.0469 39.0606 39.0767 39.1328 39.2169 38.8235 39.0242 38.9867 37.7887 37.5013 39.064 39.1191 39.3503 39.3887 39.397 39.403 39.6592 39.5787 38.3639 38.3351 38.04 37.8856 37.7274 37.0557 36.6258 35.9225 34.4718 34.1859 33.2795 30.9962 29.3259 29.236 28.0798 24.691 24.6321 22.641 21.8719 19.5703 18.3573 16.2641 13.778 13.7424 11.5694 11.5487 8.9366 8.9063 7.4248 7.3959 6.6074 7.6008 7.6177 7.6326 10.221 10.2548 16.1653 16.2147 16.2588 19.4009 22.3829 26.4343 30.4938 
38.4924 38.5153 38.5426 39.0485 39.0652 39.0852 39.1447 39.2266 38.8294 39.0227 38.9725 37.7793 37.6234 39.0261 39.0987 39.1553 39.41 39.4386 39.4576 39.6695 39.4492 38.3192 38.0906 38.2272 37.4263 36.4199 35.7146 34.7304 33.0237 32.7535 31.4651 29.2844 28.1056 26.4714 24.6928 24.6163 22.644 21.8737 19.5927 19.5166 17.9863 13.7893 13.7451 11.5764 11.5511 8.9465 8.9101 7.4274 7.3935 6.604 7.5953 7.6149 7.6322 10.2161 10.2545 16.1573 16.2131 16.2627 19.4041 22.3884 26.4391 30.4956 30.5079 
37.1269 38.4867 38.5138 38.5466 39.0501 39.0711 39.0966 39.1609 39.2393 38.8359 38.7875 37.7877 37.7636 37.6252 38.962 39.0591 39.1435 39.448 39.526 39.6127 39.5771 38.8535 38.1389 37.4769 36.5758 34.8732 34.0314 32.889 32.4029 29.4905 29.1956 26.5604 26.4602 24.9847 23.0454 23.0073 22.6119 20.7642 19.5271 17.9826 13.806 13.7498 11.586 11.5545 8.9595 8.9151 7.4308 7.3905 6.5997 7.5884 7.6115 7.6317 10.2103 10.2544 16.1476 16.2113 16.2674 19.408 22.395 26.4448 30.4977 30.5113 31.4387 
37.1076 37.1226 38.4789 38.5112 38.5512 39.0519 39.0788 39.1125 39.1839 39.1156 38.8425 38.7716 37.7707 37.3592 37.6279 38.8463 38.9737 39.0993 39.242 39.7389 40.7584 38.6222 38.2194 37.2286 34.6377 33.6936 31.9246 30.2317 29.6404 28.1844 27.0222 26.4241 24.9628 23.0651 23.008 22.6681 20.7698 19.5474 17.9808 13.8315 13.7578 11.5999 11.5595 8.9772 8.922 7.4352 7.3866 6.5943 7.5795 7.6071 7.6309 10.2033 10.2543 16.1359 16.2091 19.3759 19.4127 26.413 26.4517 30.5001 30.5152 31.4409 31.4453 
36.3371 37.0991 37.1166 38.4676 38.5068 38.5567 39.0535 39.0894 39.1357 39.2183 39.1374 38.8473 38.7354 37.7374 37.1788 37.3456 37.605 37.5658 38.9347 38.7769 38.2354 39.073 36.5982 35.8943 32.8736 31.5914 30.5485 28.9821 28.3208 26.9972 26.3017 24.2745 23.7983 23.0061 22.2299 20.779 19.5861 17.7373 15.8798 13.7717 11.6205 11.5672 9.0019 8.9315 8.8744 7.3814 6.5872 7.5677 7.6013 7.0874 10.1947 10.2544 16.1214 16.2065 19.3763 19.4184 24.492 26.4599 30.5029 30.5199 31.4434 31.4484 33.4774 
36.192 36.3366 37.0874 37.108 38.4512 38.4994 38.5628 38.6464 39.1046 39.1721 39.2734 39.1683 38.8437 38.6479 37.145 37.2232 37.4387 37.6581 37.3999 36.9963 37.2835 37.713 36.8545 34.1159 32.3281 30.8089 28.7224 28.2457 26.8068 25.673 24.3637 23.805 22.995 22.2274 20.7958 20.7343 17.7563 15.8926 13.7965 11.6526 11.5795 11.5233 8.9453 8.8718 7.3743 5.6645 7.5519 7.5934 7.0893 10.1839 10.2548 13.813 16.2033 19.3767 19.4255 24.4968 26.47 30.5063 31.44 31.4464 31.4519 33.4777 33.4849 
36.188 36.1919 36.3356 36.3428 37.0953 38.4262 38.4864 38.5959 38.6551 39.1284 39.2348 39.3001 39.2141 39.0223 37.7919 37.1541 37.2673 37.6754 37.6229 36.8724 36.0176 36.0686 32.9778 31.7078 31.7741 28.266 27.6866 27.0851 25.2045 24.6838 23.7894 22.9526 22.2243 20.8317 20.7221 17.8087 15.9251 13.8423 13.6871 11.6001 11.5214 8.966 8.8683 7.3642 5.6592 5.8714 7.0392 7.0914 10.1701 10.2555 13.8071 16.1994 19.3773 19.4344 24.5027 27.7825 30.5104 31.4426 31.4498 31.456 33.4781 33.4861 35.2238 
36.1832 36.1866 36.1911 36.1971 36.3428 36.4113 37.1181 38.4624 38.5768 38.6609 39.1697 39.3581 39.4579 39.2802 38.7865 37.1733 37.1245 37.3318 36.7378 35.8261 34.6453 33.549 31.5814 29.9846 28.5266 26.7778 26.3153 25.0079 24.8021 23.4519 22.7883 22.2298 20.9256 20.6909 19.253 17.5668 15.7362 13.6904 11.6375 11.5198 8.9988 7.5443 5.6922 5.6519 5.8592 7.027 6.671 10.152 10.2569 13.8002 16.1944 19.3781 19.4459 24.51 27.7895 30.5154 31.4456 31.4539 31.4608 33.4786 33.4876 35.2246 36.8626 
36.1778 36.1805 36.1842 36.1893 36.1966 36.2069 36.4143 37.0994 38.4146 38.5269 38.6521 38.907 39.6485 39.8383 39.268 37.2784 36.7916 36.2953 35.4958 34.6401 33.2187 32.0934 30.4417 29.3238 27.7291 26.5075 25.0147 24.6127 23.918 23.0185 22.8046 21.2992 20.5988 19.3218 17.583 15.7063 13.7133 11.7131 11.5203 9.0542 7.5477 5.6974 5.6411 5.8405 7.0082 6.6747 10.1278 13.6929 13.792 16.1879 19.3793 19.4608 24.5191 27.798 30.5216 31.4492 31.4588 31.4667 33.4794 33.4896 34.9006 36.2519 37.0717 
36.1715 36.1736 36.1762 36.1799 36.1856 36.1942 36.2078 36.418 36.4549 38.2795 38.3895 38.5746 39.1295 40.3318 40.732 38.6864 37.0974 35.3768 34.3182 33.2221 31.8178 30.7293 29.8832 27.8911 26.4384 25.964 24.43 23.9917 23.1795 22.4727 21.4029 20.4553 19.5051 17.5332 15.1566 13.2917 11.8895 11.5293 9.6258 7.5507 5.7079 5.6243 5.8102 6.9774 6.6777 10.0939 13.655 13.7823 19.2556 19.3808 19.4808 27.7535 28.8808 31.4398 31.4535 31.4647 31.4737 33.4805 33.4922 34.9027 36.2525 37.281 38.6023 
35.9152 35.9164 36.1668 36.1692 36.1726 36.1782 36.1879 36.2054 36.2736 36.4499 36.57 37.9813 38.1331 39.181 40.4616 37.8353 36.1958 34.8424 33.2509 31.7935 30.9539 29.1402 28.3406 27.5219 26.1021 24.7762 23.8174 23.144 22.4652 21.8482 20.3274 19.3583 18.6454 16.1178 14.5322 13.1078 11.577 9.6928 7.5524 5.7304 5.5948 5.7568 6.9239 6.6783 6.7965 13.6013 13.7706 19.2219 19.3831 19.5084 27.7543 28.8892 31.4423 31.4589 31.4721 31.4825 33.482 33.4955 34.9055 36.2534 37.2824 38.6023 38.953 
35.7277 35.9181 35.9199 35.922 35.9243 35.9268 36.1637 36.1723 36.1927 36.2794 36.4535 36.7773 36.9461 36.6296 36.353 36.4989 35.2239 33.6956 32.1051 30.8293 30.2732 28.1464 27.7655 25.5339 24.867 23.8671 23.2594 22.2764 21.3455 20.9078 19.0392 18.0497 16.3608 15.3291 13.6525 11.8205 9.7519 7.3722 6.8558 5.5341 4.4258 4.8775 6.6718 6.8475 13.5213 13.7565 19.1718 19.3865 19.5479 27.7544 28.9 31.4451 31.4655 31.4814 31.4935 33.4843 33.4998 36.2393 36.2547 37.284 38.6022 38.9544 32.8321 
34.1957 34.8419 35.7377 35.7455 35.9282 35.9324 35.9376 35.9432 35.9467 35.9849 36.2131 36.433 36.7558 36.3378 35.2885 34.7077 33.3676 31.991 30.3843 29.7006 27.376 26.8025 25.5691 25.0623 24.6873 23.0336 22.3867 21.578 21.1793 19.2587 18.5093 16.9435 14.6975 14.0401 11.8091 9.2605 7.8149 6.6672 5.3669 4.3292 4.8184 6.644 6.9301 13.3932 13.7394 19.0935 19.3918 22.6498 27.7532 28.9143 31.4484 31.4741 31.4934 31.5076 33.4874 33.5057 36.2383 36.2564 37.2861 38.6019 38.956 32.854 32.7852 
34.1271 34.1755 34.2425 35.1586 35.7538 35.7683 35.7891 35.9577 35.9757 35.9933 35.9345 35.8813 35.9801 35.6323 34.2855 33.4673 31.6965 29.8981 28.5741 27.8746 26.5276 26.3282 24.8963 23.8695 22.7572 22.5234 21.4165 20.8466 19.9806 18.5555 17.6392 15.1421 14.024 11.3147 10.0591 8.362 6.6471 4.5096 4.0101 4.6378 6.5437 7.0763 13.1692 13.7194 18.9632 19.4007 22.6768 25.9487 28.9341 31.4523 31.4855 31.5095 31.9785 33.4921 34.8988 36.2372 36.2588 37.2888 38.6013 38.958 32.8818 32.8011 32.7301 
34.0469 34.0809 34.1306 34.2045 34.2948 34.7471 35.3514 35.8159 35.879 36.0204 35.9721 35.7514 35.3783 33.2711 32.3481 30.6377 29.7408 29.2165 27.9633 26.9385 25.9207 24.8156 24.0783 23.4114 22.5391 22.128 21.0514 20.3606 18.6189 17.721 15.1788 14.6311 11.7229 9.91 8.5534 5.5724 4.7777 2.3769 4.1224 6.1229 8.2544 11.1895 13.6969 18.732 19.4168 22.7223 25.9749 28.963 31.4566 31.5014 31.532 31.9957 33.4991 34.9046 36.2361 36.2623 37.2923 38.6002 39.0844 32.9179 32.8218 32.738 32.6656 
33.32 33.3313 33.9985 34.0398 34.1087 34.1456 34.3341 34.8411 35.4362 35.6488 35.3724 34.7208 32.6093 32.6632 30.8578 29.7777 28.7854 27.1094 26.3911 25.8295 25.2699 24.1248 23.4876 22.5231 22.009 21.4843 19.9554 18.8249 17.833 16.0056 14.0819 12.5205 10.0246 8.8846 6.1157 4.013 2.2635 2.7808 4.591 8.1854 10.425 13.6589 16.4179 19.4499 22.8051 26.0185 29.0084 30.377 31.5246 32.0035 33.2795 33.5099 35.504 35.52 36.2674 38.1668 38.5984 39.0851 32.9653 32.8492 32.7489 32.663 32.5904 
32.3668 32.3735 32.3821 33.2565 33.2619 33.2776 33.868 33.9773 34.0432 34.4776 33.6682 33.5297 31.9272 30.9697 29.127 28.2449 27.2871 26.8774 25.7907 24.9247 23.9643 23.5034 22.7681 21.9209 21.5277 20.0226 19.2217 17.9154 16.2233 14.3253 12.7665 11.2395 8.2244 6.6249 3.9242 1.4237 1.4638 4.7529 8.0831 10.0751 13.6275 16.6271 21.7993 22.9572 26.1039 30.3291 30.4128 31.9971 32.0363 33.2917 33.5273 35.5016 35.5225 36.2701 38.1641 38.1848 39.0858 33.0289 32.8864 32.7641 32.6608 32.5744 26.7181 
31.968 32.3674 32.3762 32.3884 32.405 32.4264 32.657 32.6366 32.4865 32.5165 32.7704 31.7241 30.5239 29.3032 28.4105 27.5966 26.277 25.8689 25.0323 24.4316 23.6617 23.1346 22.0565 21.5289 20.0559 18.8347 18.2037 16.2978 15.2276 13.3859 11.9971 7.7699 7.2679 4.8336 2.3787 2.3545 5.8582 6.7707 9.6272 13.9195 17.8016 19.7667 23.8417 26.3232 30.3093 30.471 32.0331 32.0923 33.6188 34.1386 35.4988 35.5269 36.2768 38.1599 38.1868 39.0863 39.251 32.9379 32.786 32.6593 32.555 26.7312 26.6623 
31.9575 31.9695 31.9862 32.0101 32.3967 32.4252 32.4642 32.3918 32.5846 32.449 32.2037 30.8246 30.341 28.5328 27.4744 26.6583 25.5597 24.8238 24.3581 23.4602 23.0134 22.2914 21.1105 20.0058 19.327 18.3841 16.3464 15.9477 13.4836 11.1887 9.6562 6.8148 4.9487 1.7273 1.1609 5.645 7.0836 10.4271 15.1879 16.7979 20.0264 21.5464 26.9116 30.2304 30.5743 32.1068 32.2029 33.6703 35.3956 35.4954 35.5352 36.2872 38.153 38.1893 39.0863 39.2576 33.0112 32.8182 32.6593 30.6393 26.7452 26.6633 26.5959 
31.9441 31.9533 31.9665 31.9865 32.019 32.0764 32.1854 32.3581 32.5474 32.3676 30.8352 29.7109 28.8857 27.2745 26.5251 25.2355 24.9835 23.9468 23.5764 22.775 22.1237 21.3624 20.06 19.4419 18.2422 17.328 14.9785 14.3242 12.1288 10.9558 7.4331 4.898 2.6521 2.6998 4.6133 8.4334 8.6088 13.2221 16.4974 19.3218 23.6148 26.4895 31.8346 30.6578 32.3425 33.6815 34.2836 35.375 35.4917 36.2136 37.1408 38.141 38.1924 39.0853 37.4647 33.1193 32.8669 32.6623 30.6392 26.7597 26.661 26.5816 26.3018 
31.3543 31.3735 31.3993 31.4359 31.4916 31.5863 31.7825 32.3953 31.9778 30.2312 29.5006 28.433 27.1071 25.8428 25.3104 25.1716 24.4545 23.2011 23.0472 22.1936 21.6632 20.3413 19.5811 17.4834 16.6126 15.5604 13.7398 12.0527 9.6476 7.0789 5.5375 3.9804 3.6032 4.5751 7.4639 11.743 14.7302 17.9104 21.2593 23.8797 27.6593 28.7843 28.5374 34.4075 34.1655 34.4472 35.3375 35.7855 36.1971 37.13 38.1189 38.1964 39.0822 37.4803 37.3675 32.9437 30.8036 30.6402 26.7741 26.653 26.5585 26.2565 20.0856 
31.3283 31.34 31.3547 31.3735 31.398 31.4292 31.4577 31.3592 31.0128 29.5632 28.3353 27.1798 26.2478 25.009 24.6139 24.0233 23.2951 23.029 21.7441 21.3303 20.7496 18.4451 17.9643 16.9372 15.5973 13.5303 13.2127 9.6141 8.5288 5.9155 2.0182 1.4768 3.7731 8.2949 12.8893 14.0097 17.9485 20.3008 25.9969 29.3474 27.9199 33.318 31.9695 34.742 34.393 35.273 35.7591 35.9076 37.1032 37.2342 38.2016 38.8357 37.4978 37.3883 33.0709 30.8687 26.988 26.7867 26.6348 26.327 26.19 20.0907 19.9688 
31.3002 31.3038 31.3063 31.306 31.2979 30.6224 30.5995 30.4504 29.3984 28.1041 27.0065 26.4009 25.3965 24.7802 24.1669 23.6928 22.1872 22.366 20.9504 20.4039 19.2461 17.8357 16.4729 15.0422 13.3444 12.818 10.6829 8.5861 7.0062 4.3787 1.9001 6.4895 9.0976 12.9612 14.2919 18.3009 21.7595 25.4318 29.1443 29.0087 30.5615 32.7583 35.8393 36.1916 35.9846 35.6043 36.0121 37.0234 37.9062 38.7588 38.853 37.6536 37.8653 31.4139 30.9807 27.0672 26.7939 26.5984 26.251 20.2665 20.0854 19.9426 26.0328 
31.2724 30.4804 30.4864 30.4871 30.475 30.4335 30.3266 29.2456 28.3876 27.2632 26.4843 24.6658 24.8954 23.7072 22.8818 22.4053 21.7886 20.6194 19.865 18.7045 17.4918 16.2437 15.3389 14.413 12.0558 10.954 8.5926 6.5013 2.7389 1.2957 4.7789 9.4582 11.553 16.0348 20.6108 23.1389 24.9462 29.1327 29.6801 31.6662 33.8477 35.6992 36.5069 37.3804 36.5248 36.1436 36.8328 37.8279 38.1431 37.534 37.6647 37.8907 37.7694 31.1919 27.1796 26.7881 26.528 20.5656 20.282 20.0608 19.8931 25.9495 19.0554 
30.4345 30.4327 30.4253 30.408 30.3727 30.3052 29.1618 28.4733 27.3404 26.3878 24.4785 23.4115 22.6999 21.8907 22.7195 22.2013 20.6984 19.6432 18.9308 17.5171 16.5726 15.3183 13.694 12.6095 11.0965 8.4675 5.3985 4.7839 2.0361 2.1338 8.531 12.2724 17.494 19.7236 23.5618 25.762 27.9932 32.5135 31.0478 34.8531 36.0006 36.9098 37.2472 37.9678 38.1947 37.2217 37.6692 38.6076 39.2447 37.7596 37.9067 37.8546 31.6437 27.359 26.7522 20.9556 20.6407 20.2724 20.0 19.804 25.8325 19.0541 18.9794 
30.3995 30.3902 30.3738 30.3462 29.6942 28.5782 28.282 26.4715 26.3532 24.3347 23.5452 22.8826 21.9092 21.9176 21.5833 20.8777 20.0051 18.7755 17.9231 16.2422 15.0468 13.418 12.6834 10.6777 9.5021 7.6282 4.6026 3.8406 2.3833 7.1888 10.7857 12.4284 20.7445 22.7035 28.5217 29.9273 30.3487 31.9982 34.772 35.9676 36.536 37.4312 38.0679 38.5697 39.2461 38.8262 38.7008 39.0964 38.0138 38.1586 38.4033 32.7846 27.7227 26.6522 21.1594 20.699 20.2037 19.8692 13.5689 18.9833 19.0447 18.9827 18.9034 
30.3688 30.3546 29.7195 29.6712 28.545 28.2701 26.8351 25.453 24.2993 23.5903 22.8288 22.4444 21.4753 21.2903 20.8549 20.2767 19.0845 17.9812 16.5847 14.9725 13.5313 11.8911 12.1329 9.168 7.2598 4.3725 1.5958 3.8097 5.9143 10.943 13.5866 21.1104 23.2655 27.3402 29.9374 31.5661 32.5527 34.3541 35.9747 37.0703 37.6354 38.094 38.5092 38.7429 38.7877 38.2941 38.1448 35.5003 32.4459 38.2348 36.7038 29.1472 26.7913 21.3837 20.6726 19.9943 13.883 13.5827 19.6689 19.021 18.276 12.1815 12.2408 
30.343 29.6965 29.6593 28.3073 27.9686 27.2237 25.4259 24.2848 24.441 22.7789 22.4981 21.9267 21.2965 21.2275 20.5401 18.8635 17.9779 17.0872 15.2049 14.4524 12.7988 11.9812 8.3083 7.1931 5.742 2.9259 2.7757 6.7511 10.8941 15.8122 18.0597 24.0006 26.7825 32.2874 32.1224 33.3207 34.9719 36.5151 36.9329 37.9337 38.2542 38.7999 38.9304 38.6551 38.7766 39.4107 38.3729 33.8612 37.4931 35.5586 35.9138 27.8044 21.576 20.1501 14.5886 13.9003 13.5115 19.5426 18.8757 12.2219 12.3294 12.635 11.8259 
29.6822 29.6529 27.9988 27.9501 27.2306 25.4137 25.3416 24.0409 22.7625 22.5136 22.0512 21.2725 21.2458 20.7944 20.2196 17.6406 16.5733 15.8452 14.5937 11.8921 10.4877 9.2561 6.6193 6.0809 2.1183 2.42 5.8231 9.5741 12.6148 17.2707 24.2878 31.2059 29.6894 33.3099 34.0202 35.2087 35.9881 37.42 37.6797 38.4702 38.7486 38.8271 37.9149 37.4123 35.4244 34.6298 37.8625 35.3022 34.1509 25.1685 27.3779 26.628 15.7679 14.4106 13.5792 13.3092 12.3188 12.3383 12.672 12.7495 11.9694 11.9656 11.9469 
29.6492 27.977 27.9388 27.2347 25.4075 25.3575 24.0439 22.5666 22.5211 22.0977 21.5232 21.2489 20.7739 20.6284 18.4726 16.9375 15.2702 13.6287 12.5767 11.1519 9.7165 6.715 5.1415 2.3219 0.5143 4.0761 8.5039 11.834 19.5529 22.8267 27.4706 28.8075 33.3924 34.3785 35.5909 35.9627 36.6523 37.626 38.1411 38.5942 38.7069 38.4309 37.0186 34.6508 26.0551 26.3569 29.6829 31.6081 30.0033 23.5207 14.0297 10.2505 11.7919 12.0078 6.2588 11.878 11.938 12.8788 12.1896 12.2007 12.1717 12.126 12.0753 
27.9623 27.9317 27.2374 25.4042 25.3675 24.0467 22.5568 22.5259 22.1179 22.069 21.2488 20.7519 20.687 18.6772 16.1635 15.8899 13.9445 12.7714 11.9424 9.3279 7.0875 6.1535 4.0993 2.7136 3.7035 7.6489 12.174 18.5991 22.7288 26.2184 30.7942 33.6921 34.0121 35.5237 36.3699 37.2451 37.5316 37.9563 38.2713 38.446 38.0549 35.7407 33.4705 25.3138 18.7248 16.3165 7.3347 14.827 12.0105 9.8575 6.5672 6.62 6.5145 6.5152 4.8739 12.0209 12.5125 12.6383 12.5924 12.4952 12.3902 12.2917 12.2037 
27.9269 27.2392 25.4023 24.0832 24.0492 22.5516 22.5293 22.1279 22.0962 21.2481 20.7354 20.6998 19.5818 17.1736 15.3974 14.0387 12.0234 10.2446 7.9863 7.4011 4.7389 3.034 1.6325 4.0624 6.4349 13.3951 15.375 21.3284 25.5499 29.94 32.4587 33.8723 35.5845 36.5334 36.9606 37.9613 38.0523 38.4267 38.4304 38.1175 37.4976 33.4848 26.4439 20.1488 10.3794 6.665 6.5387 5.7548 6.3293 6.1846 5.8754 5.6774 5.6144 5.0839 11.675 13.5978 13.6486 13.3421 13.0415 12.7966 12.6025 12.4475 12.3221 
27.2405 25.4011 24.0781 24.0514 23.1553 22.5318 22.5097 22.1114 21.8588 20.7233 20.7012 19.6145 17.2193 14.2284 12.0181 11.7478 9.2022 8.0131 6.5619 5.5191 1.5657 2.7658 4.727 6.4107 13.1672 15.336 20.7768 26.4835 28.9538 33.4631 34.1311 35.9727 36.4801 37.6145 37.9741 38.5234 38.6112 38.4668 37.626 36.5487 32.3101 24.4263 14.1718 13.0456 6.6123 6.5936 6.0436 5.5749 5.7143 5.637 5.9107 6.5678 5.5748 4.9668 19.1098 16.8777 15.003 14.0211 13.4359 13.0504 12.778 12.5755 12.4193 
25.4005 24.0748 23.1893 23.1593 22.5337 22.517 22.1206 21.8756 20.7143 20.6993 20.6775 18.8204 14.9948 12.7206 10.6812 9.216 7.0265 5.2946 4.391 2.8197 2.0925 5.5359 9.2509 11.239 15.8283 23.0604 29.0659 29.1523 33.9267 34.917 35.9106 36.6524 37.2501 38.0672 38.6658 38.9257 38.7427 37.3725 36.4 32.3118 23.8761 17.368 7.0973 5.2738 5.2903 5.4627 5.9385 6.1744 5.8938 5.8048 6.136 5.6547 5.8725 10.1043 23.9962 17.9798 15.4276 14.2615 13.5831 13.1497 12.85 12.6307 12.4636 
24.5258 23.1868 23.1624 22.5353 22.5223 22.1264 21.886 21.7247 20.6966 20.6815 16.8874 14.9868 10.8398 10.6778 7.9172 6.984 5.2528 4.0095 3.8872 3.5385 5.1202 8.5997 14.8655 17.7681 22.1068 27.2467 28.7534 31.0153 35.6979 36.1998 36.6967 37.4827 38.0171 38.4711 38.7765 38.5549 38.5067 35.7315 33.3639 21.8994 19.5753 10.1395 5.17 4.5594 4.6936 5.147 5.5824 6.334 6.6043 6.0172 8.9382 4.071 10.9792 7.5796 15.7624 16.7924 16.4847 16.0585 13.3676 13.0178 12.759 12.5945 12.4395 
23.185 23.1648 22.5366 22.5261 22.1303 21.8926 21.8738 20.6938 20.6828 16.8442 14.9855 13.5849 8.0085 7.87 6.9844 5.1721 3.9047 4.1027 5.2032 6.7501 7.9533 14.1654 16.8046 21.1596 25.4997 30.0591 33.3288 34.8127 36.0511 36.8188 37.2502 38.1207 38.4967 38.7709 38.5891 37.4816 35.0613 28.4245 25.081 14.11 22.1803 14.9891 4.7971 4.4732 4.1498 4.5633 5.75 6.4093 6.3943 3.6838 25.8529 9.5155 8.4997 8.9624 14.1263 15.6277 16.2474 15.5781 15.4568 15.3265 15.2104 15.1119 15.0295 
23.1667 23.1468 22.5291 22.519 22.1239 21.8821 20.6912 20.6829 16.8147 14.9869 12.4894 8.5006 7.1029 5.995 5.1368 5.103 5.0549 5.4002 7.1246 7.6688 13.9712 17.6794 21.4301 28.9716 28.5853 31.6545 34.5081 36.0208 36.8318 37.5884 38.2894 38.7809 38.9857 38.5375 37.2017 34.8253 28.2163 22.3701 22.1559 30.1367 26.215 15.9267 6.5377 4.2057 4.1857 4.1223 5.3896 5.8157 5.7636 4.1859 7.6882 7.5276 7.5716 8.7421 8.4833 14.8616 15.4768 15.7932 15.9267 15.1466 15.0854 15.0228 14.9642 
23.1515 22.5314 22.5231 22.1276 21.8879 21.7351 17.8515 16.794 16.6348 12.5239 8.4823 7.0954 5.9868 5.1473 5.1276 5.1024 6.6827 6.8409 9.2435 13.9372 17.4829 21.5448 27.1629 28.5602 31.4525 34.8519 36.3655 37.1811 37.954 38.5478 39.1616 39.1677 39.0825 37.8354 35.9328 32.4011 16.2986 12.8882 12.0277 18.0974 21.6273 11.6887 6.704 4.2635 4.4175 4.2353 3.986 4.2547 4.1752 3.2625 4.0866 8.304 9.9202 8.0641 8.4322 8.2748 15.0746 15.3978 15.5902 15.6938 15.7431 14.9309 14.8941 
22.5333 22.5263 22.1302 21.8921 21.8808 17.8169 17.71 16.6496 11.4766 8.4746 6.0545 5.1657 5.1558 5.1433 5.1282 6.7914 6.9051 9.2573 12.4532 17.6225 21.6875 26.3935 29.6063 29.9661 33.8682 36.6405 37.0852 37.9352 38.3732 38.9491 39.308 38.9729 38.8694 34.9973 29.1722 21.952 8.9018 5.0479 3.8701 6.5694 11.3555 9.283 4.3566 4.3357 4.1395 4.1131 3.5042 3.6664 5.0168 5.871 4.7311 5.1075 9.1914 7.7783 8.1771 8.2928 8.7982 15.1547 15.3518 15.4809 15.5607 15.6068 15.6308 
22.5289 22.1323 21.8951 21.8857 17.7911 17.7005 16.661 9.7657 9.5943 6.044 5.1692 5.1622 5.1537 6.8 6.8543 6.9388 9.267 14.2056 17.6697 21.7074 23.4954 29.8424 29.9743 33.0742 35.5727 37.2474 37.5162 38.3884 39.0633 39.3843 39.291 38.0612 36.7961 28.8783 24.4954 12.135 5.5115 3.4536 3.3786 3.1774 3.568 3.1842 3.1754 3.3832 4.0768 3.3862 3.3954 3.4709 5.0395 5.398 4.9703 4.7431 5.251 5.2388 7.9855 8.1661 8.2311 8.7557 15.1899 15.3221 15.4147 15.4771 15.5175 
22.1338 21.8973 21.8894 17.7714 17.6939 13.9156 12.617 9.624 6.038 5.1722 5.167 5.161 6.8487 6.8937 6.9586 9.274 14.2351 17.6857 21.7051 23.3801 29.9291 29.9981 33.0239 33.715 37.362 37.608 38.3362 39.1149 39.1952 39.0263 38.5266 36.5351 29.418 23.8979 14.2617 5.6101 3.8979 2.7913 2.8877 3.182 3.3162 3.6825 3.1575 3.2801 3.5416 3.4652 3.6497 3.3769 4.5157 4.9832 4.9338 4.7726 4.7089 5.4577 5.263 8.0089 8.1566 8.1984 8.7319 15.2069 15.3015 15.3712 15.421 
21.899 21.8923 18.8198 17.6892 13.903 11.4214 9.6469 6.0349 5.1747 5.1708 5.1663 6.8824 6.9198 6.971 9.2792 14.2516 19.6602 19.8691 23.3225 29.9711 30.0135 33.0377 33.3998 37.4359 37.5977 38.2894 38.8614 39.1471 39.0391 38.2356 35.8524 33.1694 17.0123 14.6096 4.2131 3.446 1.9814 2.476 2.0689 2.3553 3.083 3.238 3.1322 3.2171 3.3594 3.3563 3.4475 3.4086 4.2669 4.7203 4.8951 4.7956 4.7648 5.4958 5.4601 5.4475 8.1051 8.1496 8.1789 8.7172 15.2154 15.2865 15.3407 
19.1898 19.1136 17.6859 13.8932 11.4342 9.6648 5.1795 5.1768 5.1737 5.1702 6.9065 6.938 6.9793 9.9599 14.2613 19.6761 19.8299 23.2896 26.7556 30.8971 33.0551 33.2716 35.5153 37.5659 38.2623 38.7412 38.8854 38.9855 38.8216 37.1602 31.2315 21.2645 16.6774 8.5842 2.2258 1.8429 1.1066 1.6734 2.0673 2.3308 2.7383 2.967 2.8447 5.8442 4.6299 3.8279 3.803 3.73 3.4551 4.4969 4.7416 4.8361 4.6199 5.3167 5.4892 5.4587 5.4488 8.1137 8.1446 8.1663 8.7075 15.2198 15.275 
19.1115 17.6835 13.8856 11.4439 9.6789 5.1807 5.1785 5.176 6.9033 6.9243 6.951 6.985 11.8737 14.2671 19.6857 19.8034 23.269 26.7278 30.9278 33.0698 35.2461 35.4378 37.5444 38.2593 38.7104 38.7865 38.9117 35.584 33.0697 28.1095 16.3289 13.724 3.5843 2.0854 1.9974 2.0157 1.6506 1.9659 1.9438 2.3415 2.4233 2.9555 2.8698 5.3153 8.6096 6.8443 6.5477 3.762 3.7891 3.7705 4.5813 4.7071 4.7243 4.5729 5.4935 5.4838 5.4564 8.4682 8.1182 8.1409 8.1577 8.7007 15.2218 
18.7446 13.8795 11.4513 11.3267 5.1818 5.18 5.1779 6.9193 6.9378 6.9607 6.9892 11.893 14.2707 19.6917 19.7845 23.2553 26.7106 30.9468 33.0815 35.2623 35.3968 38.2196 38.2558 38.6981 38.7424 38.8725 33.8466 32.7036 27.4689 17.5602 8.6109 7.4384 2.5174 1.7768 1.7865 2.0519 2.3671 2.1158 1.8725 1.7724 1.8952 2.4234 2.7473 7.0748 7.9188 7.8746 3.7093 7.2662 3.7655 3.8135 3.7989 4.6183 4.699 4.7007 4.5447 5.4864 5.4795 5.454 8.4915 8.1207 8.1381 8.1514 8.6957 
13.8747 11.457 11.348 5.1827 5.1812 5.1795 6.9319 6.9482 6.9681 6.9923 11.9071 14.273 14.3794 19.7706 23.2456 26.6996 30.9592 33.0909 35.2746 35.3736 37.6565 38.2522 38.6918 38.7201 33.4468 33.081 32.1917 28.021 20.5681 12.7916 8.0923 4.7996 2.8887 1.6124 1.6955 1.7764 2.2201 2.0369 1.6296 1.3536 1.6875 1.7024 2.0899 6.3469 7.5849 7.9296 7.8141 3.6824 3.684 3.766 3.8251 3.8141 4.6369 4.6927 4.6855 5.3193 5.4812 5.4759 5.4517 8.5076 8.1222 8.1359 8.1468 
11.4614 11.3653 8.7762 5.1822 5.1808 6.942 6.9565 6.9739 11.8367 11.9176 14.2744 14.3629 19.76 25.0615 25.1305 28.9764 33.5608 35.2841 35.3597 36.1807 38.249 38.275 38.7076 33.0601 32.7449 32.1105 28.4536 21.5726 19.5289 12.8353 7.5363 3.9611 1.8128 1.7391 1.8938 1.9597 1.9399 0.922 1.0887 3.8857 6.7264 4.0953 3.6944 2.2845 6.751 7.302 7.8458 7.818 3.6719 3.6743 3.7661 3.755 3.823 4.6471 4.6879 4.675 5.3162 5.4771 5.473 5.4497 8.5191 8.123 8.1342 
11.3795 8.0572 5.1831 6.9393 6.9502 6.9632 6.9785 11.8556 11.9257 14.2752 14.35 19.7516 25.063 25.1199 28.9663 33.5777 33.6478 35.351 36.1566 38.2462 38.2658 32.961 32.8442 32.5914 32.1326 28.719 27.7721 20.7906 14.3004 7.6842 4.1092 3.3798 1.773 1.8178 2.0217 2.0228 1.9213 1.3393 3.8393 9.5188 8.6917 7.8734 6.9828 4.465 6.4364 7.007 7.8726 7.8195 7.829 3.6668 3.669 3.7662 3.7581 3.5801 4.6532 4.6842 4.6673 5.4813 5.4908 5.4706 8.4789 8.5276 8.1235 
8.0667 5.1839 6.947 6.9569 6.9686 6.9821 11.8707 11.932 12.0032 14.3397 19.745 19.7962 25.1119 28.959 33.5902 33.6481 35.7738 35.8525 38.2438 38.2591 32.7966 32.7181 32.52 32.1778 28.8844 28.2707 21.3568 14.9945 13.7143 4.0154 3.5593 3.0796 1.8139 1.8183 1.7918 1.6019 1.8059 6.5991 13.151 5.5567 8.2276 8.3927 7.8333 7.4525 4.765 8.9986 7.033 7.8426 7.9007 7.8394 3.6639 3.6657 3.7662 3.7601 3.5819 4.657 4.6813 4.6616 5.4783 5.4863 5.4685 8.4934 8.534 
5.1845 6.9535 6.9625 6.973 6.9851 11.883 11.937 11.9991 14.3313 19.7395 19.7832 25.1058 28.9536 33.5998 33.6482 35.7754 35.8399 36.2006 32.8341 32.6865 32.6414 32.4017 32.2247 28.993 28.5661 28.0159 21.0306 14.3182 7.1756 3.5668 3.2554 2.9681 1.7796 1.7523 1.583 1.1714 1.4704 7.0124 10.0073 9.4212 5.3702 8.101 8.19 8.1367 7.9498 7.6992 9.1951 7.0468 7.8281 7.8905 7.8482 3.6621 3.6636 3.7663 3.7615 3.5831 4.6594 4.6791 5.4439 5.4761 5.4829 5.4667 8.5046 
6.9589 6.9672 6.9767 11.8511 11.893 11.9409 11.9956 14.3244 19.735 19.7727 28.8987 28.9495 33.6071 33.6483 35.7766 35.8303 36.1787 32.7394 32.6107 32.5935 32.3979 32.2675 32.0015 28.7553 28.3637 21.3736 14.6546 10.2676 3.53 3.3102 3.127 1.6751 1.7488 1.5954 1.309 1.6738 6.977 8.029 9.0781 9.4743 12.2001 5.2547 8.0591 8.1099 8.13 8.0173 7.8003 9.3038 7.0556 7.5354 7.8864 7.8556 3.6609 3.6621 3.7663 3.7625 3.584 4.6611 4.6772 5.445 5.4743 5.4802 5.4652 
6.9712 6.9799 11.8636 11.9014 11.9442 11.9926 14.3186 19.7313 19.764 28.9023 28.9463 33.613 35.7386 35.7776 35.823 36.162 32.6697 32.5572 32.5629 32.4009 32.3053 32.0968 28.8838 28.5922 21.8474 14.8455 10.5717 3.4906 3.3182 3.0323 2.9018 1.7509 1.603 1.3151 1.7387 1.7551 7.7429 8.2009 8.7518 9.3016 9.1755 12.1831 7.9811 8.0379 8.0704 8.1289 8.0538 7.8586 9.3698 7.0618 7.5256 7.8851 7.8617 3.66 3.661 3.7663 3.7632 4.6017 4.6622 4.6757 5.4458 5.473 5.478 
6.9825 11.8742 11.9083 11.9468 11.99 14.3136 19.7281 19.7568 28.9053 28.9439 33.6176 35.7446 35.7783 35.8172 36.149 30.5811 32.5187 32.5431 32.4071 32.2412 32.1705 28.9753 28.7503 22.0422 14.9557 10.7553 3.4558 3.3095 3.0519 2.9829 1.7536 1.6078 1.3167 1.7697 1.7771 7.7029 8.082 8.2577 8.5926 9.2099 9.1494 12.174 12.1883 7.99 8.0252 8.2014 8.1294 8.0758 7.8955 9.4129 7.0666 7.5201 7.8852 7.8668 3.6594 3.6602 3.7664 3.7638 4.6048 4.663 4.6744 5.4666 5.4718 
11.8832 11.9142 11.949 11.9877 14.3094 19.7253 19.7508 28.9079 28.9419 33.6214 35.7495 35.7789 35.8126 30.5798 30.5336 32.4905 32.3861 32.4147 32.2762 32.2292 29.0429 28.8644 22.1725 21.8639 14.7554 10.5298 3.0153 3.0562 3.0283 2.8954 1.611 1.317 1.3029 1.792 7.7953 7.9795 8.258 8.2844 8.5072 8.6883 9.1178 9.0654 12.1855 12.1961 7.9928 8.0168 8.1824 8.1304 8.0902 7.9204 7.037 7.4949 7.5169 7.886 3.6579 3.6589 3.769 3.7664 3.7642 4.6071 4.6635 4.6734 5.4663 
11.9192 11.9508 11.9858 14.3058 16.4016 19.7456 28.9102 28.9404 33.6245 35.7535 35.7794 35.8088 30.5386 30.4963 32.4696 32.3785 32.4228 32.3056 32.2769 29.0943 28.9495 22.262 22.0145 14.8463 10.7524 2.9942 3.0536 3.0534 2.953 1.6133 1.3169 1.3071 1.8023 1.8084 7.994 8.1503 8.3601 8.2996 8.4577 8.5937 9.0917 9.0561 12.1847 12.1952 12.2032 7.9934 8.0107 8.1708 8.1314 8.1002 7.938 7.0467 7.4969 7.5151 7.887 3.6577 3.6585 3.7686 3.7664 3.7645 4.609 4.6205 4.6725 
11.9523 11.984 12.019 16.3954 19.7412 28.9122 28.9392 33.6271 35.7568 35.7798 35.8057 30.5053 30.4665 32.4539 32.3738 32.4309 32.3305 31.9713 29.1345 29.0148 28.8777 22.1225 14.9063 10.8375 10.1598 3.0478 3.067 2.9895 2.757 1.3166 1.3094 1.8099 1.8138 8.0388 8.1318 8.262 8.4244 8.3094 8.4269 8.532 9.0708 9.0451 9.0164 12.1954 12.2031 12.2092 7.9931 8.0062 8.1632 8.1324 8.1075 7.951 9.5327 7.4989 7.5142 7.8882 3.6575 3.6582 3.7684 3.7665 3.7648 4.6105 4.6205 
11.9825 12.0142 16.3901 19.7374 28.9139 29.7102 33.6293 35.7596 35.7801 35.8031 30.478 30.4425 30.4003 32.3711 32.4388 32.3518 32.0067 29.1666 29.066 28.9519 22.2014 14.946 10.8941 10.3764 3.0409 3.0738 3.0127 2.7997 1.3163 1.3108 1.304 1.8183 1.8227 8.1465 8.2301 8.3386 8.4673 8.3162 8.4068 8.49 8.56 9.0344 9.0124 12.1966 12.2036 12.2094 12.2143 7.9924 8.0026 8.158 8.1333 8.1129 7.9608 9.5425 7.5008 7.5138 7.8895 3.6573 3.6579 3.7681 3.7665 3.7651 4.6116 