ncols 54 
nrows 63 
xllcorner 159162.757019
yllcorner 384397.353027
cellsize 0.25
nodata_value -9999 
44.8819 43.882 43.8746 43.3023 43.3067 43.312 43.3183 43.3257 43.6786 43.6899 43.9277 43.9383 44.1725 43.9877 43.7253 43.7143 43.7008 43.6851 43.6674 43.1387 42.502 42.4654 43.5012 44.4561 44.6142 44.7784 46.8233 46.8941 46.9781 46.946 46.9117 46.8776 46.8454 46.8164 46.7909 46.7692 45.8309 45.7948 45.764 45.7379 45.7159 45.6974 45.682 45.6691 45.6583 45.6494 45.642 45.6358 44.3371 44.3273 44.3189 44.3117 44.3054 40.8572 
44.9022 44.8659 43.8772 43.8685 43.3007 43.3061 43.3126 43.3205 43.3298 43.6831 43.6976 43.9352 44.1768 43.9903 43.987 43.723 43.7079 43.6894 43.6681 43.1489 42.5163 42.4715 43.4575 44.4125 44.6092 44.8164 46.8681 46.9505 47.005 46.964 46.9208 46.8789 46.8406 46.8072 46.779 45.8526 45.8079 45.7703 45.739 45.7132 45.6919 45.6744 45.6601 45.6485 45.639 45.6312 44.3397 44.3278 44.3176 44.309 44.3016 40.8675 40.8463 39.7029 
44.7936 44.8886 43.8808 43.8715 43.861 43.299 43.3056 43.3139 43.324 43.6742 43.6902 43.9308 44.2007 44.1745 43.9902 43.9856 43.7179 43.6964 43.6703 43.4774 42.5358 42.4798 42.4206 44.3486 44.599 44.8677 46.9311 46.7602 47.0376 46.9837 46.9281 46.876 46.8305 46.7925 45.8811 45.8242 45.7774 45.7393 45.7085 45.6838 45.664 45.6482 45.6356 45.6256 45.6178 44.3284 44.3159 44.3055 44.2967 40.8807 40.855 39.7099 39.6894 39.6715 
44.8307 44.917 44.8709 43.8756 43.8643 43.2906 43.2971 43.3056 43.3163 43.3295 43.6801 43.7014 43.9426 44.2022 43.9944 43.9894 43.7324 43.7075 43.6755 43.4783 42.5634 42.4917 42.4149 44.2525 44.5792 44.9399 47.0219 47.5318 47.0778 47.0041 46.9309 46.8659 46.8123 45.9196 45.8451 45.7852 45.7379 45.7008 45.6718 45.6493 45.632 45.6186 45.6084 44.3295 44.3138 44.3008 44.2902 41.9126 40.8664 39.7186 39.694 39.6726 39.6541 39.638 
44.8755 44.8252 44.9035 44.8475 43.8692 43.8551 43.2867 43.2951 43.3063 43.3206 43.3386 43.6904 43.9366 44.2042 44.1781 43.995 43.987 43.725 43.6859 43.6359 42.9248 42.5096 42.4067 43.3732 44.5409 45.0462 46.8738 47.588 47.1277 47.0224 46.9239 46.8432 46.782 45.8722 45.7934 45.7332 45.6878 45.6537 45.6284 45.6096 45.5959 44.3312 44.3108 44.2945 44.2814 41.9207 41.9029 39.7299 39.6996 39.6738 39.6516 39.6326 39.6164 39.6024 
45.8415 44.8783 44.8169 44.885 43.7399 43.8609 43.8432 43.282 43.2931 43.3083 43.3285 43.6743 43.7084 43.9569 44.207 44.0033 43.9945 43.7523 43.7055 43.6398 42.9415 42.5379 42.3952 43.2132 44.4642 46.2276 47.0568 47.6725 47.1888 47.0298 46.8963 46.7995 45.9087 45.8008 45.7222 45.6659 45.6258 45.5977 45.5782 45.5648 44.3066 44.2854 44.269 41.9311 41.9084 39.7447 39.7067 39.6748 39.6479 39.6252 39.6061 37.8542 37.8457 37.8385 
45.938 45.9005 44.8809 44.8046 44.4844 43.7346 43.8501 43.8269 43.276 43.2914 43.3134 43.343 43.6904 43.9488 44.211 44.1934 44.0071 43.9902 43.7406 43.6563 43.2044 42.5847 42.2965 43.203 44.3019 46.1359 47.8544 47.8119 47.2554 47.0024 46.8277 45.9582 45.8036 45.6982 45.6277 45.5814 45.5516 45.5328 44.3 44.2716 43.008 41.9452 41.9153 39.7649 39.716 39.6756 39.6423 39.6148 37.8629 37.8508 37.8408 37.8323 36.1461 35.1053 
46.5116 45.9568 45.911 45.8525 44.786 44.4707 43.7279 43.8352 43.8037 43.2683 43.2909 43.3247 43.3715 43.7244 43.9895 44.2562 44.0281 44.0108 43.7993 43.6976 43.2525 42.8693 42.3459 42.499 43.9339 46.3861 48.1521 47.8397 47.2771 46.8775 46.0211 45.7899 45.6457 45.5585 45.5079 45.4799 44.2884 44.2491 43.0118 42.9961 41.9238 41.8916 39.7284 39.6759 39.6337 37.8793 37.8611 37.8462 37.834 37.824 35.1123 35.1024 35.0941 35.0869 
46.1715 46.4166 46.0146 45.9244 45.8495 44.5146 43.7426 43.7188 43.8135 43.7687 43.258 43.2941 43.3511 43.6519 43.9828 44.2263 44.2441 44.0554 44.0008 43.7633 43.414 42.9861 42.5522 42.121 42.5269 47.1081 48.7215 48.4245 46.9652 46.5383 45.7189 45.5266 45.4261 45.3802 45.3642 44.2081 43.0156 42.993 42.9772 41.9697 39.7458 39.6752 37.9123 37.8823 37.8585 37.8395 37.8244 35.1249 35.1105 35.0985 35.0885 35.0802 28.4687 28.4127 
46.2195 46.2061 46.4427 46.405 45.9757 45.8431 44.5105 43.7399 43.7061 44.3811 43.7117 43.2442 43.3086 43.4187 43.7496 44.252 44.2524 44.1637 44.1157 43.867 43.7081 43.1253 42.1062 41.1346 43.0646 46.6283 48.1194 47.362 45.7999 45.4605 45.2464 45.1561 44.1648 43.0796 43.0156 42.9821 42.9607 41.9662 41.926 39.2679 37.929 37.8868 37.8544 37.8296 37.8106 35.1261 35.1077 35.0928 35.0808 35.071 28.4755 28.4078 28.3499 22.5038 
46.7006 46.709 46.2532 46.4787 46.4296 45.9863 45.8665 44.5067 43.7385 44.4184 44.2854 43.6089 43.2247 43.3632 43.7564 44.2941 44.2547 44.1678 44.2936 43.9715 43.4767 42.9861 42.3511 42.4278 45.4707 45.6831 46.0189 44.4413 44.0651 43.9178 43.0361 43.0329 42.9926 42.9434 42.9955 42.9852 41.409 39.3236 37.9577 37.8942 37.8478 37.814 35.1582 35.1274 35.1033 35.0844 35.0696 35.0579 28.4842 28.4006 22.5516 22.4943 15.4967 15.4525 
46.7184 46.7314 46.7432 46.752 46.0903 46.4638 46.5278 45.8213 43.7899 43.7424 44.3461 44.1002 43.4005 43.193 43.6327 44.365 44.2685 44.0761 44.0928 44.038 43.3483 43.2588 42.7141 42.7422 44.3919 43.5705 42.9678 42.4614 42.6156 42.3803 42.6546 42.7775 42.2732 42.2899 41.4411 41.3907 38.0128 37.9083 37.8368 37.788 35.1728 35.1288 35.0959 35.0712 35.0526 35.0387 28.4954 22.6356 22.5506 15.5663 15.5029 15.4495 15.4043 15.366 
46.7359 46.7545 46.7736 46.7913 46.8038 46.7651 46.0725 46.3601 45.2739 44.6823 43.7659 44.205 43.6752 42.801 43.4021 44.0795 44.1577 43.9589 44.1096 44.0056 43.6121 43.1819 42.9336 42.6428 42.3201 41.9434 41.9292 41.9194 41.8678 41.9767 42.2204 42.286 41.5457 41.4217 40.2104 37.9419 38.0982 38.0245 35.1979 35.1301 35.0825 35.049 35.0254 35.0088 28.5104 22.6568 22.5471 15.5883 15.5085 15.4426 15.388 10.0077 9.9723 9.9426 
46.7029 46.7462 46.8524 46.835 46.8634 46.8817 46.83 46.7108 46.3445 45.2919 45.2208 44.5512 43.4823 43.0067 42.9816 43.3158 44.0214 44.0057 43.952 43.9317 43.8296 43.2852 42.4662 42.2069 41.915 41.9585 42.074 42.0347 41.8479 42.4772 42.4102 41.5967 40.4826 38.4402 38.1504 37.9902 35.2467 35.13 35.0557 35.0083 34.9782 34.9593 29.2833 22.6856 22.5387 15.6153 15.5118 15.4287 15.3619 9.9872 9.9462 9.9124 9.8847 11.8735 
46.6968 46.7366 46.7941 46.918 46.9721 46.9818 47.0083 46.9131 46.6736 46.2474 45.5113 45.4579 46.0222 44.9253 43.0978 43.0349 43.6898 43.9022 43.8604 43.9731 43.863 43.4754 42.8254 41.9618 41.7241 42.0058 42.2851 42.6084 42.7375 43.2052 41.4306 40.4073 38.4455 37.9672 35.3622 35.122 34.9926 34.9232 34.887 34.8694 29.2731 22.7274 15.7057 15.6488 15.5095 15.4019 10.0127 9.9523 9.9046 9.8667 9.8365 11.8238 10.0324 10.0794 
46.6828 46.7246 46.78 46.8623 46.9578 47.1265 47.2339 47.2244 46.8769 46.5311 46.0478 45.54 45.1046 44.6493 44.2712 43.0781 42.8987 43.2829 43.3231 43.2435 43.1677 43.0186 42.6787 42.0039 41.9582 42.4219 41.8955 42.0268 40.848 40.3125 39.3531 38.08 36.3 35.0662 34.8021 34.7067 34.6809 29.4688 29.2398 22.7936 15.8291 15.5674 15.4937 15.3498 9.9642 9.8916 9.8369 9.7955 9.764 7.9267 10.0199 10.0784 10.1275 10.1686 
46.6596 46.6994 46.7547 46.8347 46.9558 47.1459 47.4694 47.7319 47.4384 46.824 46.1358 45.1804 45.1729 43.5229 43.3228 42.9652 42.5977 42.4388 42.3099 42.5526 42.5505 42.5985 42.4964 42.2212 41.9588 42.4224 41.1147 40.2551 38.9215 37.5058 36.5926 34.7466 33.1758 32.9944 31.5427 31.4161 26.9572 20.6818 16.0315 15.6067 15.4433 9.9904 9.8674 9.782 9.7223 9.6805 7.8435 7.9033 10.0031 10.0781 10.1394 10.1897 10.2309 10.2648 
46.3001 46.3429 46.7065 46.7767 46.8903 47.0947 47.5187 48.4707 48.2301 46.746 45.7911 45.3632 44.4035 43.9047 43.471 43.1079 42.7672 42.6113 42.4565 42.2909 42.205 41.6442 41.2056 40.831 39.8849 38.6597 37.0662 37.6278 35.6413 33.984 33.4071 31.8378 30.4267 29.7701 26.5493 21.4003 20.4316 15.6198 15.1628 9.8143 9.6643 9.5733 9.5185 9.4867 7.7832 7.8679 9.9797 10.079 10.1579 10.2207 10.2707 13.605 15.5475 15.6105 
46.2581 46.2889 46.3305 46.3897 46.4789 46.6242 46.8796 47.2436 46.5886 46.0596 45.5771 45.2431 44.9115 43.7394 43.3708 43.2408 43.0045 42.7099 42.4542 41.8921 41.6351 40.2932 39.1085 39.1628 37.2597 35.9606 35.3758 34.7637 33.6473 30.9135 30.6279 28.112 26.8744 23.3881 20.4075 15.4393 9.6693 9.3489 9.2043 9.1465 9.1326 7.519 7.6827 7.8108 9.9452 10.0826 10.1877 10.2682 13.6016 13.6471 15.5765 18.8101 20.1299 20.1811 
46.2103 46.2263 46.2452 46.2669 46.2892 46.3003 46.2531 46.0165 45.7928 45.2885 45.052 45.1004 44.6601 43.9765 43.6077 43.2775 43.2862 41.7586 41.868 39.8093 38.96 36.5714 35.339 34.6313 34.3749 33.0313 32.5357 31.1505 30.2291 26.3036 24.1522 23.0882 18.9674 15.1443 6.3812 5.8805 5.7282 5.6987 5.7123 7.2167 7.4973 7.7097 9.8902 10.0923 10.2388 13.5858 13.6595 13.7139 18.7637 18.8331 18.8891 20.2148 25.0601 25.0722 
46.1612 46.1626 46.1601 46.1492 46.1201 46.0528 45.9118 45.2679 45.0961 44.9392 44.7217 45.0519 44.512 44.3735 44.0033 43.4424 42.0761 40.3116 38.8397 37.5148 34.4099 33.9991 34.1187 32.9451 30.8821 30.4225 30.3686 28.3127 21.9076 20.9084 21.8958 14.7987 12.0156 6.384 5.2211 5.1822 5.2956 5.4127 7.1052 7.5066 9.7927 10.1169 13.5312 13.6685 13.7619 13.8256 18.7846 18.8716 18.9397 20.2657 25.0549 25.0704 25.0831 23.9547 
46.1148 46.1044 46.0859 46.0536 45.9979 45.3686 45.3458 45.1506 45.0632 45.0212 45.209 45.3433 44.5112 43.5129 43.0626 41.5665 38.7194 37.3595 35.9765 34.0413 33.557 32.0905 31.0821 31.1147 28.3436 26.7302 23.1482 21.9597 18.6195 12.1426 7.9949 8.6827 3.1668 2.9337 3.8643 4.5137 5.7371 8.0615 8.7911 13.3216 13.6489 13.8433 13.9587 14.0262 18.829 18.9388 19.0215 25.0219 25.0479 25.0684 25.0847 25.0978 23.9648 23.0672 
46.1713 46.1513 46.008 45.3743 45.3687 44.9697 44.9678 44.9736 44.8418 45.4708 44.9689 44.4948 42.9233 41.1467 41.1728 38.4702 36.2266 33.7443 33.933 32.2565 30.6334 29.8808 27.2926 24.0036 21.8843 20.8112 19.1652 12.4455 10.4868 7.6636 3.2714 5.6248 3.1461 3.1777 4.2051 6.0623 8.6287 13.4163 13.9962 14.2651 14.3816 14.4221 18.7428 19.0625 23.7051 25.0005 25.0379 25.0663 25.088 25.1046 23.9745 23.0777 24.1583 24.1462 
46.0181 44.922 44.9189 44.9124 44.9004 44.5912 44.4499 43.589 43.806 43.5916 43.2065 41.7641 41.4605 38.6166 36.8421 35.3845 33.2577 32.7685 30.4901 30.1978 28.7669 24.2141 19.5257 19.0977 17.8288 14.257 10.5959 5.2079 4.7081 4.576 6.1615 9.1313 12.302 10.8553 10.5004 16.1106 16.9448 15.4725 18.5487 18.5676 19.0907 23.3456 23.4605 25.3423 25.0229 25.0647 25.0947 25.1166 25.0152 24.1845 24.1646 24.1485 24.1355 24.1249 
44.8975 44.8906 44.8799 44.5517 43.1091 43.1031 43.0765 41.9641 42.0124 42.1482 41.182 39.4389 37.9343 35.548 34.2438 32.3233 31.1914 30.1202 27.1727 23.0847 21.0773 19.0986 14.425 9.6526 8.8646 8.9045 5.8151 3.2776 4.9908 6.9651 10.8817 12.4766 13.6896 15.6242 18.3238 20.3778 21.5561 22.3018 22.4692 22.5783 23.3936 25.2669 25.3747 25.0648 25.1091 25.1386 25.0359 24.2033 24.1747 24.1523 24.1347 24.1209 24.1101 20.8326 
43.4984 43.4728 42.9797 42.9563 42.9147 41.49 41.4266 41.2642 39.6438 39.0271 37.5381 36.9584 35.1385 32.8538 29.5223 29.7393 28.2164 24.3501 21.3009 19.574 16.8093 11.0342 7.6421 2.2786 3.5724 8.9505 8.646 7.9756 10.6633 12.764 14.6968 17.9764 16.9874 18.487 20.8038 22.0734 22.367 22.5567 22.6819 25.1065 25.3217 25.4503 25.1426 25.1832 25.0743 24.2362 24.1921 24.1589 24.1339 24.1151 24.101 20.8512 20.8105 20.7769 
42.9253 42.9035 41.7061 41.3559 40.2421 40.1644 40.0176 37.7188 37.5576 37.1899 35.6243 32.6979 29.8189 29.3666 26.3268 24.338 21.3497 19.5787 12.6407 13.9725 11.0438 6.6313 6.4402 6.5651 9.7373 12.3868 14.7849 16.9203 17.3029 17.9663 19.807 19.8804 21.9482 22.1985 22.46 22.6075 23.7268 24.2487 25.2157 25.4891 25.234 26.2303 26.1294 24.3008 24.2253 24.1716 24.1334 24.1062 24.0869 20.8765 20.8219 20.7782 20.7431 20.7149 
41.6593 40.2025 40.1738 40.1274 40.0534 36.3943 36.314 36.1378 34.0103 33.6134 31.0669 27.6184 26.8619 20.935 19.0375 18.063 14.0738 12.4214 7.51 4.9892 2.7807 8.0472 11.566 13.7906 15.5086 19.637 18.8859 19.4891 21.8561 22.2284 22.3184 23.5173 23.9715 25.5365 24.8202 25.0008 25.6523 26.7331 27.1791 27.1021 26.2113 24.4499 24.2987 24.199 24.1338 24.0912 24.0635 20.9124 20.8359 20.7768 20.7312 20.6958 20.6683 16.8799 
40.1412 40.1108 40.0669 36.1946 36.1257 36.0084 33.7753 33.6006 33.2236 31.1838 25.0703 23.3231 18.3011 17.2752 13.79 11.336 6.0014 3.1137 4.9071 6.755 7.5594 17.0013 18.346 19.2268 19.3667 23.7528 25.2965 25.6415 24.9968 26.2309 27.3712 27.0514 27.8826 27.8273 27.6074 27.0258 27.7805 27.7346 27.3342 26.2589 24.5038 24.2722 24.1385 24.0623 24.0194 20.9663 20.8522 20.7687 20.7074 20.6623 16.911 16.8567 16.8147 16.7821 
37.7672 36.1077 36.0557 35.9782 35.8617 33.6392 33.4869 28.473 16.6316 16.3497 14.1049 12.7652 10.362 7.8189 3.3645 6.9347 7.1831 9.2681 14.0513 14.7507 18.8676 21.0648 26.0135 26.3181 28.3131 27.5856 28.2008 30.6937 28.6979 28.3536 28.9182 29.8349 30.2363 29.8763 29.9511 28.0971 27.8677 27.5168 26.3383 24.5485 24.1669 23.9943 23.9205 21.0521 20.8681 20.7427 20.6574 20.5995 16.8871 16.8158 13.9065 11.4686 11.2313 10.9905 
36.0259 35.9721 35.8978 35.794 33.5859 22.5463 17.1749 16.6295 15.1573 12.5131 10.2834 8.3472 3.2895 5.1328 6.0378 11.5007 13.4551 15.3706 21.3007 24.7742 23.9995 28.0658 27.7624 30.7647 31.3646 32.0478 30.819 32.3582 33.1407 33.186 32.371 32.3824 32.7778 31.2833 30.2921 28.2034 27.5061 26.0785 24.0827 23.4365 23.2477 23.2142 20.8643 20.6641 20.5427 17.1481 16.8349 13.9153 11.4834 11.4557 11.218 10.9738 10.9453 10.9236 
35.9218 35.8545 26.617 22.3437 17.0394 16.7144 12.8036 12.6517 12.3749 11.8774 8.4623 8.1181 9.2781 12.726 17.074 16.8942 21.2711 25.196 27.6515 28.6207 31.9821 31.8237 32.8839 32.9384 34.0004 34.0789 35.0757 34.8252 35.2775 35.1349 33.9054 33.0609 31.7946 30.0986 27.1261 26.1704 24.8548 22.2626 22.2005 22.3896 20.7062 17.582 17.2063 17.0048 14.1011 11.5178 11.4629 11.427 11.4033 9.3043 9.2956 9.2892 9.4998 9.5005 
22.405 22.2511 16.9809 12.8333 12.7856 12.7115 12.5969 12.4215 12.1609 12.6155 15.044 15.0937 16.6819 17.7741 23.0632 26.5368 26.6214 29.2676 31.5628 32.6889 33.3442 34.2821 34.4402 35.2333 35.4278 36.3094 36.5837 36.7541 35.4144 34.3699 33.096 31.2482 28.0088 26.9966 25.7004 24.4265 19.6346 19.1563 18.3815 16.6336 15.1589 14.0655 11.6231 11.4791 11.4016 11.359 11.3357 9.5828 9.294 9.2849 9.4917 9.4932 8.7891 8.7915 
16.9507 12.809 12.7788 12.7362 12.6761 12.5921 13.0585 15.5934 15.7703 16.1182 16.246 17.5182 23.3549 26.2996 27.9373 30.2461 31.3256 32.9349 33.2054 34.2076 35.245 36.2202 36.4826 37.8274 38.5366 38.4475 37.7573 36.1365 34.6643 32.9528 30.3778 28.1216 27.0487 25.0975 23.4602 20.1176 17.3598 14.8075 14.4865 12.3193 12.0964 11.2758 11.2044 11.1813 9.6028 9.5808 9.2909 9.2771 9.4777 8.7844 8.7892 8.7927 8.7952 8.797 
12.7744 12.747 16.1312 16.1128 16.094 15.8205 15.9487 16.1524 20.5317 20.8916 21.5182 26.8248 27.3129 29.7527 31.6404 33.7212 34.9078 35.5847 35.5995 36.1623 36.8808 38.3534 39.8901 39.8988 39.6111 38.4547 36.9868 35.7975 33.4392 31.8807 29.2566 27.4898 24.4105 21.8009 20.4105 17.6493 15.1486 13.5944 10.8633 10.4808 10.3183 9.2568 9.0974 9.5741 9.2831 9.2609 8.7818 8.7799 8.7881 8.7938 8.7978 8.8004 10.9229 10.9584 
16.2042 16.2 18.7289 15.9108 16.0022 20.6807 20.8311 21.0635 21.4206 27.4353 27.6814 28.1926 29.2246 33.4452 35.2033 35.6829 36.3385 36.339 37.2651 39.3408 40.6175 40.5466 42.1716 40.0376 38.894 37.3976 35.9908 34.5964 32.8973 31.1815 28.4798 26.2821 24.1018 21.0575 18.2333 16.5036 12.8223 11.6548 9.63 9.7098 9.1509 8.9752 8.7248 8.5045 7.8625 8.7677 8.7837 8.7944 8.8012 8.8054 10.5704 10.6187 13.2392 13.3022 
18.797 18.7974 20.7642 20.8459 20.9603 21.1211 21.3477 27.6238 27.7662 28.0057 28.4106 32.2662 34.5247 35.0284 36.1742 37.1339 38.3341 39.4822 39.7957 41.8981 42.4904 42.5271 40.8862 39.6892 38.7264 36.2203 35.1267 33.7332 31.6583 30.3547 29.7302 27.7121 24.4311 21.976 17.5233 14.6916 12.836 9.9496 8.0779 8.4795 7.7693 7.6665 7.9221 8.7288 8.7672 8.7917 8.806 8.8137 10.5316 10.6078 13.2021 13.2933 13.3613 13.4121 
20.8641 20.9312 21.0194 21.1359 21.2904 27.6955 27.7859 27.9199 28.1198 30.9051 34.4542 34.6282 36.8948 36.5689 37.727 38.8256 39.8849 40.8733 42.0174 42.8566 42.9609 42.3845 41.511 39.3532 38.5471 35.9126 34.221 32.157 30.3817 29.4352 29.7033 28.8465 25.9478 22.4376 19.3804 15.5038 13.4219 11.3142 6.2135 5.6415 6.8856 8.0136 8.6914 8.7695 8.8113 8.8298 10.4519 10.5872 10.6769 13.2844 13.3838 13.4532 15.4499 15.4847 
21.0473 21.135 21.2463 27.7275 27.7894 27.8741 27.9908 30.7543 35.2526 35.3494 35.507 37.1421 37.8925 38.0599 39.357 40.5633 41.0517 41.9543 42.5414 43.2212 43.1414 42.3565 41.3356 39.5992 37.4927 35.2852 33.4616 31.282 29.6596 28.8393 28.6924 28.0479 26.5381 24.1737 20.9939 18.7167 13.7368 12.5051 8.5747 6.0861 8.0166 8.5069 9.0111 9.3387 10.2602 10.541 10.7111 13.2816 13.4383 15.4511 15.5152 15.5563 19.6051 19.6861 
21.2121 27.7435 27.7883 27.8465 27.9223 31.2539 35.3241 35.3861 35.4782 35.6138 38.2209 38.9839 39.1238 39.3906 40.4877 41.5123 41.8609 42.3927 43.2555 43.8474 42.6643 42.2107 39.8903 38.5443 37.6385 34.5036 33.0277 30.3195 29.2995 29.1414 28.7486 28.862 27.6731 25.8807 23.0661 21.5906 18.5701 14.4214 12.1521 9.7301 8.1265 9.2744 9.5914 10.4297 11.7135 13.3149 15.423 15.5755 15.6561 15.6974 19.5888 19.7046 23.2192 23.286 
27.7859 27.8282 27.8812 31.2564 31.3624 35.4065 35.4658 35.5478 38.2536 38.3237 39.0716 39.177 39.3476 40.7551 41.9204 42.1641 42.3313 43.0087 43.2156 43.1895 42.6645 40.9012 39.5839 37.1147 36.1694 33.6446 31.8181 30.6979 29.3636 29.1322 29.3649 30.2424 30.6024 27.6213 25.9062 23.6764 22.0995 18.3715 12.2174 11.5781 12.0302 10.7848 12.0868 14.9333 16.7325 16.9799 17.0791 17.1161 18.4331 23.0311 23.1783 23.2814 23.3539 23.405 
31.1955 31.2574 31.3348 35.4188 35.4598 35.5139 38.2677 38.3116 39.0557 39.1092 39.1881 40.0728 40.2535 42.3722 42.3987 42.481 42.6583 43.0135 43.0367 42.7721 42.5214 39.8903 38.7208 36.4868 35.5803 33.8938 30.4122 30.3896 30.5485 29.7585 29.6366 30.1944 29.7628 29.5034 28.2933 24.9691 24.4519 22.7647 18.7698 16.8241 13.9952 13.773 16.0878 17.3931 17.4881 17.4623 18.6389 22.8215 23.1014 23.2798 23.3932 23.4653 26.668 30.2905 
31.3163 35.4267 35.4567 35.4948 36.9695 38.3047 38.3446 39.0814 39.1252 39.9827 40.0766 42.4359 42.4466 42.4729 42.3013 42.5576 42.7573 42.7864 43.0928 42.3497 41.2773 40.3293 38.2478 35.5974 35.0503 33.6325 32.8461 30.0576 31.7818 32.8181 30.6538 30.7394 33.0258 30.8471 29.5492 28.7628 26.4954 23.356 21.7166 20.2613 19.7751 16.5664 18.1773 18.8137 19.7877 21.4042 22.9233 23.2931 23.4924 23.5976 26.7587 30.2927 30.3907 30.4583 
35.455 36.2801 36.9528 37.0066 38.3279 38.3633 39.0952 39.1312 40.0475 41.0595 42.2441 42.2545 42.2724 42.1335 42.5179 42.6765 42.37 42.1725 42.055 41.8566 41.1325 39.3755 36.1154 34.6995 34.1037 33.4837 38.9946 34.1353 33.6923 36.075 31.2031 31.0104 32.3387 31.8229 32.5078 29.8477 29.4817 25.9586 22.4109 21.4906 20.6117 18.5616 19.8301 20.3424 21.2563 24.3322 26.0509 26.1879 28.3225 30.3102 30.4596 30.5526 33.1026 33.1314 
36.9425 36.9824 37.0308 38.3426 39.0789 39.981 40.022 40.8049 42.2529 42.2583 42.0972 42.1122 42.134 42.5015 42.2781 41.9992 41.9909 41.9444 41.8326 41.2528 40.6088 38.3491 36.5911 35.216 35.2361 35.363 37.373 36.3248 34.3416 33.6474 31.0471 34.0111 32.9927 33.5661 33.809 33.4864 30.7296 29.1858 25.0106 22.5127 21.2011 22.1932 23.6565 25.1444 26.3408 26.6391 28.5056 28.6646 32.9108 33.0381 33.1131 33.1577 33.1842 33.1999 
37.0032 38.3292 38.3518 39.9793 40.0086 40.7877 40.8306 42.0899 42.0961 42.1047 42.1165 42.1323 42.0969 41.9424 41.9358 41.918 41.8027 41.7122 41.2997 41.0134 40.5918 38.8236 36.7337 35.4998 36.1956 35.2824 35.8971 36.8549 33.1574 32.6505 30.4886 36.464 36.4439 35.8392 35.6066 34.2926 33.1802 30.4299 28.0802 25.867 25.0842 26.1937 26.243 28.2676 29.2469 30.7187 32.642 32.9874 33.1491 33.2244 33.2584 33.2723 33.276 35.9276 
38.3371 39.7108 40.7531 40.7783 40.8092 42.092 42.0961 42.1016 42.1089 42.1183 42.0824 42.0776 41.9136 41.9044 41.8029 41.7713 41.7147 41.3212 41.2318 40.5772 40.3334 38.4225 37.7238 35.5167 36.0818 35.1447 35.4265 35.7125 35.0942 34.2049 34.636 34.8677 37.0144 36.8191 36.983 35.89 35.2313 32.7751 29.9623 28.2766 27.2456 28.3779 29.2713 30.0579 31.2748 32.8733 33.32 33.4477 33.4643 33.447 35.8972 35.9743 36.0244 36.0571 
40.7537 40.773 40.7962 40.824 42.0966 42.1004 42.1052 42.1113 42.0752 42.0716 42.0661 41.8069 41.7979 41.7832 41.7597 41.7228 41.3275 41.2876 40.5518 40.4417 40.2522 38.3661 37.9325 36.7053 36.4324 34.9645 34.7146 36.1342 34.4323 34.3894 35.4179 34.8955 38.0183 37.4098 36.7863 36.0851 34.9733 33.3366 32.4438 32.2461 31.095 31.5539 32.7262 33.7985 34.9862 34.4661 35.3024 35.86 36.0219 36.1151 36.1643 38.4895 39.3836 39.4249 
40.788 40.8091 42.0971 42.0999 42.1033 42.1075 41.8644 42.0684 42.0645 42.0592 41.7932 41.785 41.7728 41.755 41.7294 41.6934 41.3075 41.2762 40.4646 40.3691 40.2342 38.2953 38.0173 36.8178 36.4621 36.158 34.6492 34.5242 35.4274 36.5707 35.5469 36.8144 37.9636 38.8124 39.9567 36.4529 35.2395 34.6001 34.7094 33.8986 34.3562 34.1261 34.4412 35.099 36.1333 36.5966 37.2721 38.9014 39.2015 39.3485 39.4276 39.4735 39.5018 39.5201 
42.0976 42.0997 42.1023 42.1054 41.8593 41.8615 42.0637 42.0599 41.7894 41.7842 41.7769 41.7668 41.7531 41.7344 41.7095 41.3163 41.2974 40.464 40.4088 40.3315 40.2343 38.239 38.0498 37.8828 36.4741 35.7773 35.3434 35.6042 36.8518 35.6532 36.0258 36.6147 38.3189 40.0621 41.4408 37.376 35.3393 35.995 35.6197 35.4038 35.7355 35.723 35.2783 37.9896 38.9912 39.3244 39.9484 39.6591 39.6714 39.6619 39.6495 39.6381 39.6285 39.6204 
42.1017 42.1041 41.856 41.8576 41.8593 42.0604 42.0568 41.7827 41.778 41.7716 41.7633 41.7524 41.7382 41.72 41.3209 41.3083 41.2926 40.4215 40.3734 40.3117 40.2396 38.1964 38.0606 37.9346 37.9048 34.8647 36.9753 35.5868 35.6795 35.848 36.1121 37.9925 38.5641 39.6183 38.9102 37.3688 36.2272 36.0183 35.6555 35.7704 36.6493 37.7083 38.276 39.7323 41.8527 42.4707 41.2682 40.7972 40.6079 40.5177 40.4681 40.4378 39.7523 39.7186 
41.8539 41.855 41.8562 41.8575 41.8588 42.0548 41.7779 41.7736 41.7681 41.7611 41.7522 41.7411 41.7273 41.7104 41.3146 41.3036 40.4234 40.3916 40.3507 40.3012 40.246 38.1639 38.0621 37.9648 37.9359 36.6997 35.6289 35.6889 35.784 35.9235 37.8159 40.2815 42.4807 43.0976 42.9903 42.1754 38.9931 37.3667 37.9642 38.0825 39.7187 40.2662 41.5105 43.0038 42.8595 42.7467 42.3821 41.7277 41.4895 41.3607 41.2884 41.2457 41.2195 41.2028 
41.8541 41.855 41.8561 41.8571 41.7774 41.7743 41.7704 41.7656 41.7597 41.7524 41.7434 41.7326 41.7195 41.3184 41.3104 40.421 40.3989 40.3706 40.3358 40.2957 39.4094 38.1385 38.0596 37.9827 37.1157 35.6511 35.693 35.7539 35.8382 38.4421 41.2483 42.8411 44.9406 45.0766 45.1134 44.3481 42.919 41.8938 39.9322 41.401 42.4845 43.0941 43.489 43.2292 43.2133 42.9764 42.3174 42.1656 41.6402 41.4938 41.398 41.3347 41.2919 41.2623 
41.8541 41.8549 41.8558 41.7744 41.7715 41.7681 41.7639 41.7588 41.7527 41.7453 41.7366 41.7262 41.3209 41.3148 41.3077 40.4009 40.3805 40.3555 40.326 40.2931 39.3984 38.1183 38.0554 37.9933 37.4195 35.695 35.7372 38.3866 41.1892 43.5555 44.871 45.3192 45.4824 45.4975 45.4903 45.3717 43.2976 42.498 44.1816 43.1998 43.3141 43.1027 43.3734 43.223 43.1746 43.1792 42.8854 42.1367 42.0537 41.57 41.4723 41.4015 41.3502 41.3125 
41.854 41.8547 41.772 41.7694 41.7663 41.7626 41.7582 41.753 41.7469 41.7397 41.7313 41.7216 41.3178 41.3123 40.4004 40.3852 40.3666 40.3446 40.3194 40.292 39.3903 38.1018 38.0506 37.9996 37.58 38.3694 40.2596 43.4897 43.6988 45.2955 45.4886 45.529 45.5863 45.6734 45.9941 46.5324 44.7458 45.065 44.6507 44.1678 43.6439 42.9978 43.1681 43.2866 43.152 43.1555 43.1573 42.8349 42.7915 41.9841 41.5167 41.4473 41.3937 41.3524 
41.7722 41.7701 41.7678 41.765 41.7617 41.7579 41.7534 41.7482 41.7422 41.7352 41.7273 41.3199 41.3155 40.584 40.3869 40.3728 40.356 40.3366 40.315 40.2918 39.384 38.0882 38.0457 37.5039 40.2034 42.6929 43.5865 45.273 45.3467 45.8691 45.8847 45.91 45.9566 46.0609 46.3577 47.0741 46.1163 45.5277 44.7258 44.3952 43.7896 43.5518 43.1278 43.3007 43.1658 43.1391 43.1418 43.1419 42.8031 42.7726 41.9365 41.4758 41.4241 41.3824 
41.7686 41.7665 41.764 41.761 41.7577 41.7538 41.7493 41.7442 41.7383 41.7317 41.3214 41.3178 41.3138 40.387 40.376 40.3629 40.3478 40.3307 40.312 40.2923 39.379 38.0768 38.0409 40.2073 42.7735 42.9511 45.2837 45.8607 45.8709 45.8851 45.9059 45.9385 45.9931 46.0897 46.2464 46.3501 46.0144 45.5877 45.3855 44.8076 44.2596 43.752 43.5748 43.3072 43.2719 43.5165 43.13 43.1313 43.1309 42.7814 42.7589 42.7404 41.4436 41.4037 
41.7654 41.7632 41.7605 41.7576 41.7541 41.7502 41.7458 41.7409 41.7353 41.729 41.3196 41.3163 40.5737 40.3775 40.3671 40.355 40.3414 40.3263 40.31 40.293 39.375 38.0671 43.18 43.4697 45.2449 45.2857 45.8593 45.868 45.8794 45.8949 45.9165 45.9474 45.9918 46.0518 46.1125 46.1207 45.9102 45.6172 45.4696 44.8187 44.323 44.4722 43.6736 43.4209 43.2798 43.1473 43.1209 43.1228 43.1233 43.1228 42.7655 42.7483 42.7338 41.4178 
41.7625 41.7602 41.7575 41.7545 41.7511 41.7472 41.7429 41.7382 41.7329 41.3209 41.3182 40.5748 40.3778 40.3694 40.3597 40.3487 40.3364 40.323 40.3087 40.2939 39.3717 42.227 43.3689 44.9684 45.8508 45.8566 45.8637 45.8727 45.8841 45.8989 45.9183 45.9432 45.9739 46.0068 46.0299 45.9493 45.877 45.6135 45.5108 45.4348 44.7678 44.5121 43.7692 43.6774 43.2834 43.2644 43.5109 43.1159 43.117 43.1171 43.1166 42.7534 42.7398 42.7282 
41.7599 41.7575 41.7548 41.7518 41.7484 41.7447 41.7406 41.736 41.322 41.3196 41.317 40.5665 40.3706 40.3627 40.3537 40.3436 40.3325 40.3205 40.3079 40.2949 41.1045 43.2939 43.5226 45.8485 45.8533 45.8592 45.8663 45.8749 45.8855 45.8986 45.9144 45.9329 45.9529 45.9705 45.9792 45.8878 45.8417 45.6015 45.5291 45.4694 44.773 44.2857 44.4854 43.6887 43.4117 43.2686 43.512 43.5069 43.1116 43.1122 43.1122 43.1117 42.744 42.733 
41.7575 41.7551 41.7524 41.7495 41.7462 41.7426 41.7386 41.7342 41.3208 41.3185 40.5677 40.5595 40.3645 40.357 40.3487 40.3394 40.3294 40.3187 40.3074 39.3861 42.3346 43.4335 44.9646 45.8501 45.8549 45.8606 45.8673 45.8752 45.8845 45.8954 45.9078 45.921 45.9337 45.9432 45.9462 45.8502 45.6417 45.5888 45.5361 45.4895 45.4522 44.7509 44.5047 44.4723 43.9393 43.4116 43.6362 43.5084 43.5047 43.108 43.1083 43.1081 43.1077 42.7363 
41.7554 41.753 41.7504 41.7474 41.7443 41.7408 41.737 41.3217 41.3198 40.5683 40.5613 40.3655 40.3593 40.3522 40.3445 40.336 40.3269 40.3173 40.3072 42.2938 43.3652 44.9123 45.8471 45.8511 45.8557 45.861 45.8671 45.8741 45.882 45.8908 45.9002 45.9094 45.9175 45.9227 45.8418 45.8251 45.6164 45.5774 45.5377 45.501 45.4698 44.7542 44.5167 44.4887 44.3872 43.4061 43.2615 43.5092 43.5061 43.5033 43.1048 43.105 43.1048 43.1044 
41.7535 41.7511 41.7485 41.7457 41.7426 41.7393 41.3224 41.3207 41.3189 40.5624 40.5558 40.3607 40.3548 40.3482 40.341 40.3332 40.3249 40.3162 41.5773 43.3131 44.8704 44.9577 45.8477 45.8515 45.8558 45.8606 45.866 45.872 45.8786 45.8856 45.8926 45.8991 45.9042 45.9071 45.8208 45.8073 45.5974 45.5676 45.5367 45.5074 45.4814 45.4597 44.5238 44.4999 44.4033 43.9415 43.406 43.6352 43.507 43.5046 43.1018 43.1022 43.1022 43.102 