ncols 64 
nrows 65 
xllcorner 158303.865997
yllcorner 383921.401001
cellsize 0.25
nodata_value -9999 
40.0661 40.1231 40.1155 39.2799 39.2791 39.064 39.0642 39.0643 39.4764 39.3566 39.1031 39.0978 39.0913 39.0833 38.3999 38.3934 38.3848 37.8565 37.8371 37.3011 37.2583 37.2094 37.1564 36.1852 36.1658 36.1469 36.1298 35.1293 35.0794 35.0353 34.9979 34.0293 32.596 32.5509 32.5127 32.4809 29.0011 28.1483 28.0562 27.978 26.1837 26.1536 23.273 22.7524 21.8623 21.8586 21.4095 21.4027 20.8139 20.8011 18.8266 16.0107 11.8921 11.0523 7.9236 7.9019 7.8824 6.664 6.6607 6.6578 9.1967 9.2294 9.2596 9.2876 
40.0723 40.0658 40.1217 40.1129 39.2797 39.2787 39.065 39.0652 39.0653 39.4763 39.3594 39.1058 39.0994 39.0913 39.0812 38.4037 38.395 37.8752 37.8541 37.8268 37.2811 37.2223 37.157 36.1893 36.1644 36.1402 36.1189 35.1168 35.0576 35.0069 34.9657 32.6286 32.5702 32.5215 32.4816 29.0386 28.18 28.0681 27.9743 26.18 26.1445 23.2725 22.7521 21.8642 21.8599 21.4117 21.4039 20.8153 20.8008 18.8253 14.6403 11.8925 11.0514 7.9243 7.9001 7.8785 6.6611 6.6574 6.6543 9.1884 9.2243 9.2575 9.288 9.3161 
39.7386 40.0729 40.0654 40.12 39.2805 39.2794 39.2783 39.0661 39.0664 39.0666 39.4762 39.1514 39.1091 39.1012 39.091 39.078 38.4083 38.396 37.8773 37.8463 37.3137 37.2422 37.1603 36.1953 36.1621 36.1301 36.1033 35.0966 35.0261 34.9682 34.0184 32.5987 32.5345 32.483 30.6301 28.9703 28.0843 27.9699 26.1758 26.1334 23.2721 22.7519 21.8665 21.8615 21.857 21.4053 20.8168 20.8004 18.8236 14.6412 11.8932 11.0506 7.9252 7.8981 7.874 6.6577 6.6537 6.6504 9.1788 9.2185 9.255 9.2885 9.3192 11.6628 
39.7386 39.742 40.0736 40.0647 40.1177 39.2803 39.279 39.2776 39.0674 39.0678 39.0682 39.4759 39.1576 39.1135 39.1035 39.0902 38.4252 38.4136 37.9091 37.8748 37.8267 37.2736 37.1686 36.2048 36.1584 36.1144 36.0799 35.0643 34.98 34.0349 32.6421 32.5544 32.4855 30.6537 29.0063 28.1069 27.9646 26.1709 26.1193 22.7702 22.7519 21.8693 21.8633 21.8581 21.4067 20.8185 20.7996 18.8213 14.6424 11.8943 11.0499 7.9265 7.8959 7.869 6.6539 6.6495 6.6459 9.1678 9.2118 9.2522 9.2891 11.6324 11.6675 14.8561 
39.7636 39.7422 39.7463 40.0743 40.0638 40.0516 39.2799 39.2783 39.2766 39.0691 39.0697 39.0702 39.4755 39.1661 39.1193 39.1065 39.0889 38.4372 38.4195 37.9174 37.8601 37.3243 37.1867 36.2205 36.1517 36.0882 35.1393 35.0123 34.0677 32.7125 32.5866 32.4903 30.6865 29.0566 28.8963 26.248 26.1652 26.1011 24.2513 22.7522 21.8728 21.8655 21.8592 21.4083 20.8203 20.7984 18.8182 14.644 11.0859 11.0495 7.9283 7.8936 7.8632 6.6495 6.6446 6.6406 9.1548 9.2039 9.2488 9.2897 11.6345 11.673 11.7076 18.1206 
39.2321 39.7671 39.7468 40.0443 40.075 40.0625 40.0476 39.2794 39.2773 39.2751 39.0712 39.0721 39.0729 39.4747 39.2582 39.1274 39.1106 39.0869 38.4549 38.4247 37.9166 37.5922 37.2237 36.2493 36.1384 36.0406 35.0892 34.9275 34.0123 32.6423 32.4995 31.3087 30.1243 28.9164 26.2672 26.1585 26.0769 24.2439 22.7531 21.8772 21.8682 21.8606 21.4101 21.3978 19.7715 17.4454 14.6462 11.0918 11.0494 7.9309 7.891 7.8564 6.6443 6.6389 6.6346 9.1396 9.1947 9.2449 9.2904 11.6371 11.6794 11.7174 18.1286 18.1765 
39.2238 39.2362 39.7714 39.7526 40.0467 40.0758 40.0604 40.042 39.2785 39.2757 39.2728 39.0739 39.0753 39.0767 39.4734 39.2658 39.1391 39.117 38.5045 38.4843 38.0169 37.8745 37.4691 36.3086 36.1076 35.9453 34.9948 34.0723 33.3655 32.5176 31.3246 30.1444 28.9451 26.2991 26.1508 26.0437 24.2347 22.7549 21.8831 21.8716 21.8621 21.412 21.3972 19.7699 17.4455 14.6492 11.0998 11.05 7.9343 7.8882 7.8485 6.6382 6.6321 6.6274 9.1215 9.1837 9.2402 9.2912 11.6402 11.6871 11.7288 18.138 18.1903 25.5093 
38.5834 39.2265 39.2413 39.7763 39.7601 40.0496 40.0766 40.0574 40.0341 39.277 39.2732 38.8373 38.8445 39.0799 39.0826 39.4711 39.2753 39.1563 39.1299 38.5883 38.2545 38.0243 37.5102 36.4467 36.0261 35.7294 34.2676 33.4322 32.554 31.3414 31.1913 29.5357 26.3547 26.1428 24.8311 24.2227 22.7584 21.8911 21.876 21.8639 21.4141 21.396 19.7672 17.4456 14.6532 11.1108 11.0513 7.9391 7.8851 7.8391 6.6309 6.6241 6.6189 9.0997 9.1706 9.2347 9.2921 11.644 11.6962 11.7423 18.1491 23.3281 25.5136 28.94 
38.5732 38.5867 39.2298 39.7692 39.7828 39.7954 40.0532 40.0774 40.0528 40.0224 39.2746 39.2692 38.8423 38.852 39.087 39.093 39.2469 39.1719 39.1791 38.6488 38.7711 38.5085 37.539 36.6906 35.8726 34.8254 33.7158 32.2006 31.3426 31.1061 28.5311 27.3525 26.1371 24.8189 24.324 22.0645 22.0415 21.8819 21.8659 21.4161 21.3937 19.7625 17.4456 14.6589 14.593 11.054 7.9458 7.8817 7.8279 6.6221 6.6144 6.6087 9.0734 9.1548 9.2279 9.2932 11.6488 11.7072 11.7583 18.1621 23.3329 25.5186 28.9407 28.9634 
38.561 38.5743 38.5905 39.234 39.7754 39.7915 39.8074 40.0577 40.0394 40.0455 39.2267 39.2705 39.2622 38.8479 38.8614 39.0993 39.1149 38.61 39.1379 39.1256 38.8447 39.6593 39.1929 36.5099 35.8749 34.506 32.5391 31.6213 30.89 28.5953 28.3755 25.459 24.8051 23.432 22.9958 22.056 21.8904 21.8682 21.4178 21.3894 18.8497 17.4453 14.6671 14.5858 11.0588 7.9553 7.878 7.8142 6.6113 6.6025 6.5963 9.0411 9.1353 9.2196 11.5795 11.6548 11.7205 18.098 18.1777 23.3386 25.5246 28.9416 28.9667 32.991 
38.5468 38.5594 38.5753 38.5951 39.2395 39.7841 39.8036 39.8241 40.0635 40.0387 40.0334 39.2308 39.2633 38.8421 38.853 38.8725 38.917 38.6544 38.7148 38.9655 38.5104 38.2182 37.1863 36.1489 34.0859 32.4464 31.0215 29.986 28.8832 28.2954 25.6451 24.7966 23.816 22.6004 22.0807 21.9032 21.8706 21.4186 21.3814 18.8528 16.9744 16.9188 14.5767 11.067 10.9754 7.874 7.7971 6.5978 6.5876 6.5809 6.5768 9.1112 9.2093 11.5761 11.6623 11.7369 18.107 18.1965 23.3453 28.9114 28.9427 28.9706 32.9892 33.0147 
38.5303 38.5418 38.5567 38.576 38.6008 39.2469 39.7963 39.8212 39.8483 40.0711 40.0361 40.0127 39.2371 39.2498 38.8436 38.8523 38.8786 39.0104 39.1044 38.7858 38.5135 37.5647 36.5677 36.0864 33.3275 31.9579 29.5974 28.6179 27.9001 26.7913 24.8389 23.7875 22.9224 22.5356 21.9246 21.8723 21.8406 20.3853 18.8566 16.982 16.9083 12.8563 11.0807 10.0356 7.8699 6.9976 6.945 6.5686 6.5614 6.5575 9.0808 9.1964 11.5722 11.672 11.7572 18.1182 18.2193 23.3536 28.9087 28.944 28.9752 32.9873 33.0157 35.3402 
38.5117 38.5214 38.5345 38.5522 38.5759 38.6079 39.2573 39.8136 39.8483 40.1149 40.0809 40.0284 39.9757 39.2469 38.8206 38.8439 38.8205 38.7972 39.2528 39.2551 37.4695 37.0145 35.8896 34.3111 31.7446 30.0506 28.5883 27.6469 26.6287 25.1004 23.7911 22.7976 22.5827 21.9661 21.87 21.8218 21.1976 18.8613 16.9943 16.8924 12.8717 11.104 10.0339 7.8659 6.9873 6.9217 6.5438 6.5362 6.5331 9.0419 9.1798 11.5679 11.6845 11.7829 18.1323 23.3071 23.3636 28.9056 28.9457 28.9808 32.9853 33.0171 35.3397 35.368 
37.2209 38.4984 38.5087 38.5235 38.5445 38.5744 38.6171 39.2731 39.8418 39.8924 40.1449 40.0923 40.0084 39.1743 39.1305 38.5902 38.7666 38.5987 38.0213 37.7769 37.2689 35.3956 33.9943 32.6315 30.5027 29.138 27.6189 26.6557 25.5102 24.0839 22.8292 22.9468 22.0644 21.848 21.6347 20.7613 18.8671 17.0152 16.8667 12.8989 12.7835 10.0353 7.0867 6.9749 5.6723 6.5105 6.5029 6.5013 8.9909 9.1581 11.5628 11.701 11.8156 18.1503 23.3111 23.376 28.9019 28.9477 28.9876 32.9833 33.019 35.3395 35.371 35.3987 
37.2196 37.2265 37.2345 38.4901 38.5063 38.5312 38.5697 38.6291 38.7205 39.8929 39.9704 40.3289 40.0959 39.956 39.1912 38.9869 38.9499 39.362 37.4348 36.6657 36.1496 33.5894 33.4684 31.1087 30.0208 28.4293 26.9563 25.5184 24.6934 22.8386 22.6341 22.5997 21.5952 20.8653 20.7538 18.8729 17.0535 16.8218 12.9501 12.7759 10.0436 7.1133 6.9597 5.6532 6.464 6.4573 5.2154 8.9229 9.129 11.557 11.723 11.8583 18.1736 23.3163 23.3916 28.8974 28.9504 28.996 32.9812 35.4329 35.4697 35.3751 35.4058 37.2704 
37.2172 37.2245 37.2333 37.2437 37.256 38.4786 38.5074 38.5576 38.6454 39.261 39.9991 40.0058 40.3369 40.0177 39.3737 39.0511 38.3921 37.983 37.5996 35.4576 34.0147 33.4301 31.0074 30.2119 29.3886 25.9464 25.4379 24.9478 24.2268 22.6681 22.4645 21.3962 21.006 20.7207 18.8724 17.1243 15.2826 13.0545 12.7686 10.0683 7.1636 6.941 5.6245 6.3962 5.163 5.1966 8.8295 11.299 11.5502 11.7532 11.915 18.2043 23.3231 23.4115 28.8919 28.9538 29.0064 32.9792 35.4299 35.4715 35.3808 35.4149 37.2716 32.7597 
37.2134 37.2209 37.2301 37.2415 37.2557 37.273 38.4323 38.4623 38.5268 38.6669 39.0113 40.2719 40.6216 40.2303 39.7856 39.369 38.6731 37.6756 35.2237 33.9151 32.6485 31.7184 30.4401 29.3102 27.5981 26.2621 24.3553 23.926 23.2312 22.5029 21.9139 21.1066 20.3912 18.7453 17.5939 15.4467 14.9438 12.767 10.1329 7.2639 6.9182 5.5788 5.4655 5.1211 4.7924 7.7165 11.2214 11.5422 11.7955 11.9922 23.2027 23.3323 23.4374 28.885 28.9583 29.0197 32.9773 35.4272 35.4748 35.3884 35.4265 37.2732 32.7619 15.7455 
37.2082 37.2154 37.2245 37.2363 37.2517 37.2719 37.2979 37.3296 38.3717 38.4434 38.687 39.1746 40.8777 40.9937 39.5104 38.9155 38.2409 35.201 33.7182 32.9114 31.5865 31.2241 29.27 28.3464 26.0298 24.9796 23.7558 23.5169 22.7478 21.7194 20.7513 19.8407 18.9204 17.0944 16.2504 14.7901 12.7813 10.2982 8.0171 5.7936 5.5007 5.3422 5.0526 4.7572 4.8088 11.111 11.5325 11.8566 16.5348 23.1849 23.3449 23.4717 28.8762 28.9643 29.0369 32.9757 35.4252 35.4801 35.3988 37.2769 37.2751 32.765 21.1947 15.7157 
37.2014 37.2077 37.216 37.2271 37.2423 37.2638 37.2946 37.3381 37.3948 38.1863 38.1985 38.2473 39.9575 40.4292 39.6622 38.1783 37.5459 34.2569 33.1405 31.6792 30.6889 29.322 28.3398 27.297 25.1503 24.5563 23.4318 22.5996 21.6552 21.0917 20.2691 19.3253 16.8394 16.3836 14.8043 12.8645 11.5177 8.2121 5.8707 5.3575 3.8337 4.9287 4.6944 4.7825 10.9477 11.5208 11.9478 16.5972 23.1609 23.3628 23.5184 28.8647 28.9725 29.0595 32.9748 35.4244 35.4883 35.4129 37.2799 37.2777 32.7691 21.5212 15.7222 15.6815 
36.5288 36.5665 37.2044 37.2133 37.2261 37.2453 37.2757 37.3267 37.4146 37.5469 37.5952 37.4005 37.4608 37.6089 39.1886 37.3376 34.5906 33.0291 31.3671 30.3344 29.8037 28.5353 26.8617 25.5048 24.3614 23.3433 22.7581 21.7705 21.0853 19.7392 18.3575 17.6679 16.1834 14.4535 12.5701 11.6942 8.3906 7.2149 5.0953 3.7446 4.6709 4.5696 4.7405 7.0189 11.5062 12.089 16.6953 23.1273 23.3889 23.5837 28.8493 28.9839 29.09 32.9752 35.4258 35.5008 35.4324 37.2839 37.9118 32.7746 21.5349 15.7308 15.6835 10.6213 
35.6175 36.4836 36.5236 36.5797 37.2028 37.2145 37.2344 37.2722 37.358 37.6068 38.5257 37.0936 36.9206 36.3294 34.7723 34.2965 32.5338 31.7014 30.5291 29.3952 28.3282 26.2887 25.8079 24.3741 23.3844 22.4693 22.1821 20.7207 20.3482 18.8516 17.6488 15.7107 14.441 13.1807 11.4397 8.4357 7.225 4.4333 3.4354 3.2401 4.2828 5.2888 6.9907 11.4873 13.7361 16.8541 23.079 23.4284 26.8599 28.828 29.0005 32.523 32.9778 35.4308 35.52 38.3299 38.3455 37.9129 32.7823 21.5532 15.7423 15.6866 10.6224 10.2727 
34.4826 34.5187 34.5729 34.6547 36.5011 36.587 37.1733 37.1692 37.1544 36.8415 36.4742 35.5212 35.7559 34.0317 33.7982 33.1848 30.8789 30.1992 28.1577 27.9057 26.7745 25.5559 24.3428 23.7257 22.8632 21.9151 20.966 19.9292 19.4029 17.391 16.1049 14.935 12.6645 10.8165 9.7879 7.5178 5.0424 3.3294 1.9012 3.0882 4.967 5.8958 12.8023 14.5341 20.5061 20.875 23.4909 26.8456 26.9817 29.0253 32.5138 32.9848 35.4421 35.5494 38.3317 38.3503 37.9145 32.8565 27.4656 15.7578 15.6913 10.6238 10.6154 10.2665 
32.343 33.142 33.1542 33.1739 34.477 34.5891 34.6236 35.2745 35.6785 35.5525 35.0823 34.2277 34.169 32.4081 31.4382 30.3596 29.8498 28.6168 27.5026 26.7831 25.3264 25.1634 23.6915 22.6478 21.8733 21.4133 20.0455 19.2112 17.3483 16.0932 14.0591 12.169 11.6561 9.6801 6.2406 4.2174 3.4668 2.4619 2.1306 5.3404 7.5622 11.4075 16.1755 18.6761 21.0098 26.528 26.8197 27.0181 30.5683 32.5069 32.6674 35.4648 35.5952 38.3349 38.3574 37.9168 32.8779 27.4766 15.7792 15.6984 10.6258 10.6158 10.2663 10.2594 
32.3471 32.3557 32.3659 32.3776 32.5696 32.5708 33.1007 33.1049 33.063 32.6679 32.6692 32.1944 31.974 30.8085 30.4081 29.6513 28.7578 27.2805 26.8772 25.7683 25.0605 23.7327 22.9506 22.1859 21.2422 19.7619 18.2775 17.6312 16.1536 15.2576 13.0318 11.6028 8.3224 6.9076 3.7782 2.9602 2.9014 2.6795 5.5753 9.8828 11.6637 15.4827 18.7367 21.2935 25.4458 26.7662 27.0796 30.5317 32.5084 32.7245 35.1828 38.099 38.3406 38.3682 37.9202 32.9092 27.235 21.4803 15.7092 10.6287 10.6164 10.2661 10.258 10.2513 
32.35 32.3602 32.373 32.3892 32.4098 32.4348 32.6205 32.596 32.1807 31.5829 31.3748 31.0276 30.5002 29.8341 28.5225 28.0398 27.637 26.3622 25.8843 24.9853 24.1767 22.9185 22.5646 21.2063 19.9414 19.4435 17.6826 16.8146 14.7654 12.3071 10.498 9.0421 7.0189 5.4014 2.568 2.4773 4.1867 4.7006 9.4754 11.7653 13.9884 18.8066 23.6819 24.3094 26.6302 29.2779 30.4774 32.1402 32.836 35.2721 38.101 38.3507 38.9908 37.9254 32.9563 32.7757 21.5005 15.7257 15.623 10.6176 10.2661 10.2563 10.2484 9.2378 
32.3509 32.362 32.3766 32.3962 32.4241 32.4661 32.5317 32.607 32.4548 32.0499 31.8501 30.0415 28.8514 28.584 27.7581 27.0619 26.3344 25.6037 24.5264 23.7188 22.6228 21.8998 21.244 20.1972 18.961 17.4395 16.0262 14.8616 13.549 10.7712 9.0854 6.772 3.591 2.8771 2.219 3.2067 5.294 8.5836 12.0848 15.0081 19.6644 20.924 24.5638 26.1622 29.0307 30.0887 32.28 34.4544 38.0171 38.1077 38.3695 38.9942 37.9339 37.9613 32.7895 21.533 15.7512 15.6201 10.6195 10.2663 10.2543 10.2448 9.2404 9.2335 
31.663 31.6926 31.9994 32.0366 32.0906 32.1756 32.5684 32.8586 33.1833 32.2158 30.7044 28.9213 28.4497 27.5292 26.6573 26.4299 25.2804 24.5103 23.2844 22.8041 21.908 21.6534 19.9006 18.8825 17.6512 16.2469 15.4314 13.2165 10.4631 8.75 7.4621 3.6459 3.5041 3.2229 2.9916 6.1961 9.6317 12.5115 14.6884 19.5104 21.3919 25.6709 26.4764 28.6058 30.6668 32.7384 34.8226 37.9819 38.1262 38.4061 39.0005 38.2477 37.9615 32.8167 27.0877 15.7918 15.6192 10.6227 10.6026 10.2518 10.2402 9.2437 9.2353 11.879 
31.6354 31.6582 31.6885 31.7302 31.7911 31.8857 32.0415 32.3178 32.254 30.8471 29.4348 28.4953 27.766 26.7562 26.2759 24.9825 24.4647 24.0481 22.6467 21.7339 20.6962 20.2959 17.8329 17.7736 15.7717 14.3078 12.1435 10.9498 8.519 7.432 3.2464 2.6864 3.6558 4.2388 6.4327 10.7755 12.6929 16.8795 17.6011 20.8527 24.4387 29.886 29.4579 33.4523 35.3536 36.5251 37.9324 38.1766 38.9047 39.0127 39.0638 37.9631 32.6297 27.1028 21.246 15.6223 10.6282 10.6015 10.2486 10.2342 9.2479 9.2375 11.8616 11.9204 
31.6028 31.6165 31.6333 31.6541 31.6797 31.7103 31.587 31.6396 30.7174 29.5709 28.2083 27.4161 26.6488 26.0627 25.3697 23.8909 22.676 21.8373 21.6766 20.7662 19.9509 18.6067 16.3049 15.0363 13.5018 12.4867 10.6229 8.5716 6.1883 4.0582 3.3162 3.5355 5.4597 5.4547 11.4046 12.4089 15.5633 18.5815 21.7198 24.0493 26.547 28.4242 32.0591 34.9536 36.5917 37.5846 38.3017 38.9345 39.0428 39.0683 37.9693 32.7821 27.1461 18.5478 15.6338 10.6376 10.6007 10.2445 10.2261 9.2534 9.2404 11.8381 11.9111 11.9721 
31.5678 31.5716 31.5738 31.3452 31.3485 31.3334 31.2616 30.5778 29.1992 28.1414 27.1163 26.6081 25.341 25.4371 24.3462 23.4431 22.5915 21.6358 20.8265 19.6886 17.2431 16.1885 15.0531 12.5031 11.9919 9.302 6.5218 5.563 3.4603 1.9115 3.2574 4.2096 7.8973 9.7606 13.7733 17.063 19.7618 21.151 24.4257 24.499 29.5762 32.6901 32.2229 35.8033 37.8869 38.3441 39.0735 39.1404 39.0771 37.991 33.1211 27.2635 18.6298 15.6628 10.6551 10.6009 10.2389 9.582 9.2611 9.2443 11.8055 11.8983 12.5222 12.5707 
31.2819 31.2831 31.2807 31.2709 30.6096 30.546 29.4018 29.1643 28.6805 27.0595 26.24 25.0507 24.1922 23.5649 22.9765 22.2792 20.7336 20.2264 18.8681 17.4236 16.2002 14.7179 13.6413 11.436 10.0842 6.4239 6.127 1.8741 1.4848 3.4072 6.4359 9.5398 12.6642 14.4134 19.0655 18.5295 22.1968 25.2327 26.1724 29.2294 31.662 32.4054 34.3774 36.3534 37.6737 39.5036 39.4978 39.0965 38.0827 35.538 27.6116 18.8302 18.1561 15.1984 10.6038 10.548 9.5827 9.5829 9.2496 11.7585 11.8799 12.5212 12.0317 12.0536 
31.2505 30.5357 30.5226 30.4936 30.4364 29.2505 29.1241 28.8873 26.7628 25.5483 24.5558 23.7608 22.3642 21.6994 21.8705 21.1751 19.6967 18.909 16.694 15.7791 14.4696 12.7405 11.0835 8.9735 6.2441 4.6085 3.562 2.3212 4.7958 8.446 9.7054 12.0968 16.0857 20.181 21.3306 26.7324 24.9041 26.7481 29.2068 32.1018 33.8735 35.0218 34.6592 36.4215 37.4713 37.7837 38.8183 38.5566 36.2154 30.5427 23.9095 17.9992 14.9846 10.6142 10.5235 9.5832 9.5836 9.2574 11.6878 11.8523 12.5194 12.0436 12.0716 12.0907 
30.4744 30.4576 30.4289 30.3817 29.1757 29.0981 28.9682 26.7058 25.4088 24.3306 23.4059 22.8541 21.6683 21.08 21.1172 19.0792 18.1827 17.34 15.1189 14.9994 12.6548 10.4981 9.0893 8.0584 4.7391 2.0805 1.291 3.159 7.6407 10.9719 14.6736 18.7604 20.0956 22.5454 24.0896 27.0519 28.7596 31.8104 33.6645 34.8186 35.3186 36.1631 37.1065 36.1298 36.8458 37.4017 38.6399 38.2703 34.4504 24.8298 17.5324 16.5376 10.6465 10.0754 9.5833 9.584 9.2696 11.5759 11.8084 12.516 12.0596 12.0967 12.1202 12.134 
30.4161 30.3903 30.352 29.1336 29.0814 28.1474 26.6761 25.7495 24.259 23.2976 23.1186 21.6582 21.1225 20.8465 20.1204 18.4045 16.8083 14.9322 14.3365 12.1082 10.6265 9.7835 6.2421 3.8883 2.5451 1.3456 4.3205 7.0129 12.4286 15.2381 18.1056 21.3535 23.718 25.614 27.6301 29.2833 30.3146 33.3022 35.5344 36.0431 36.998 37.2667 36.5725 36.795 37.7922 38.5723 38.9475 37.0979 29.1142 16.7766 15.7306 10.7349 9.8639 9.5825 9.5827 9.2909 11.3883 11.7327 12.5087 12.0824 12.1338 12.1629 12.1776 12.1834 
30.366 29.1327 29.1076 29.0702 28.1411 28.0409 25.7534 24.2377 24.1369 23.0369 21.613 21.5089 21.0248 20.3553 18.9224 17.3083 15.0613 13.7598 12.6153 11.1048 9.6031 6.4025 5.5213 2.8945 2.3825 3.2189 7.6042 10.1207 14.5434 15.7071 22.1231 23.1554 27.3565 27.9775 29.6689 30.77 33.9451 34.676 36.0945 36.8619 37.6536 38.1134 38.5547 38.2036 38.3713 39.0332 39.3372 38.9689 37.3544 19.1753 13.3173 9.8297 9.5931 9.5746 9.2455 11.0587 11.5879 11.9782 12.1173 12.1926 12.2286 12.2421 12.2432 12.2377 
29.1103 29.0903 29.0622 28.1349 28.0643 25.1241 24.231 24.1669 23.0351 22.2658 21.5481 21.0763 20.1234 18.5815 17.8691 15.6475 13.6047 12.21 10.228 9.2194 6.4459 4.7318 1.9354 1.4568 2.6265 6.3661 9.4311 14.0141 15.8044 21.7971 24.9957 27.2723 29.5772 30.3505 31.2253 33.3804 34.8905 35.7442 36.5976 37.4575 37.8456 38.3516 38.7001 37.8029 38.1981 39.486 39.8748 40.3086 33.7609 27.302 16.3263 9.4775 9.5953 9.3571 9.2718 11.2701 11.9101 12.1764 12.2964 12.3382 12.3431 12.3319 12.3141 11.6916 
29.0781 29.0562 28.1293 27.238 25.1147 24.2293 23.0933 23.0388 22.3677 21.5643 21.0895 20.1926 19.0607 18.2207 14.4915 13.8366 12.5468 11.0272 9.0243 6.8747 4.37 2.7363 1.7906 3.4791 6.7257 9.0482 12.0241 16.9791 19.4282 24.9877 26.7368 30.0578 30.1856 32.1805 33.2822 34.8546 35.8271 36.9991 37.3407 37.904 38.0875 38.5886 38.2393 37.2317 35.3175 39.6619 40.2939 40.3855 25.4212 10.2683 13.1313 20.3919 11.0081 9.5233 9.1711 11.6413 12.2908 12.51 12.5419 12.5132 11.9045 11.8358 11.7773 11.7278 
28.1559 28.1245 27.2388 25.1093 24.2294 23.0841 23.0439 22.9884 21.5721 21.4359 20.1836 19.0167 17.1341 15.6201 14.0621 11.44 10.493 8.8227 7.8466 5.6596 2.0179 1.2715 4.2864 5.0814 8.3437 12.4545 14.9291 19.3141 25.3625 26.3586 28.6869 31.1169 31.6558 33.9429 34.7213 35.5148 36.6053 37.2743 37.6892 37.9312 38.0748 37.7925 35.8577 34.9479 34.3336 32.1554 36.1624 35.5038 37.7416 25.4078 30.819 27.8733 14.5656 9.1732 10.3719 12.5048 13.0664 12.4925 12.2821 12.1146 11.988 11.8913 11.8159 15.3985 
28.1204 27.2388 25.106 24.2302 23.0798 23.049 23.0085 21.5763 21.4478 20.1762 19.1161 17.4481 15.6931 13.1329 11.1551 10.1217 8.5193 7.279 5.5194 1.8863 1.495 4.1559 5.6282 7.5531 12.134 14.4227 18.2239 22.5055 27.1008 28.7524 31.2088 31.7878 33.8599 34.5399 35.6488 36.1874 36.9748 37.5364 37.8867 37.6491 37.1641 35.3251 33.3817 25.6061 25.5151 29.6914 33.7019 36.4223 33.3591 30.8203 31.3425 16.424 11.0639 8.7403 11.4129 14.7726 13.5976 12.8401 15.2101 15.2127 15.2212 15.2295 15.2367 15.2425 
27.2383 25.1039 23.4267 23.0779 23.0536 23.0229 22.3773 21.4545 20.7923 19.3981 15.8833 15.7192 13.0379 11.0759 8.6406 8.3342 5.9489 4.6495 2.8231 0.9546 3.8949 6.0848 8.1541 13.6078 14.7788 19.7343 22.3249 23.9495 27.4266 28.633 32.9711 34.1252 34.8515 35.4661 36.5851 37.1184 37.5721 37.5829 37.2483 36.5676 35.879 31.1736 28.5461 14.9555 17.0915 17.4478 38.0587 17.0854 20.8904 29.4259 23.3451 10.7894 7.9104 6.4427 12.4764 15.0818 15.2376 15.219 15.2279 15.2375 16.8567 16.9207 16.9694 17.0076 
25.1026 23.4223 23.3958 23.0577 23.0336 22.3902 20.8304 20.7989 17.9109 15.8395 15.7275 13.6574 11.053 8.4497 8.2463 5.7381 4.5741 4.0272 3.5383 3.8781 5.8727 7.727 13.3485 15.5121 17.8755 21.6603 24.073 28.2031 29.8226 30.0212 34.308 35.3225 36.2918 37.0274 37.0379 37.5941 37.7762 37.9006 36.2773 33.5287 31.7952 24.6479 20.3689 21.9431 32.9283 11.7404 13.7438 19.2952 18.2356 23.563 12.5577 7.5115 6.2448 12.3382 17.0006 16.3915 16.3825 16.6052 16.746 16.8408 16.9089 16.9603 17.0003 17.0324 
23.4195 23.3974 23.0613 23.0419 22.3995 20.8269 20.8027 17.8917 15.8099 15.729 12.1797 11.0474 8.3549 8.2127 5.6899 4.5889 4.3554 4.5828 4.7238 6.576 9.7717 11.8299 15.4998 17.5637 21.6499 23.3566 27.209 28.997 31.0843 33.9925 35.5908 36.0034 36.9624 37.4147 37.7175 37.9847 37.5535 37.2269 33.1371 28.4126 29.1048 33.3425 20.1791 20.7885 32.4255 11.2029 10.4176 12.4222 8.8876 7.3339 6.6077 9.3669 10.6343 12.3773 15.63 15.8914 17.0141 16.9019 16.9122 16.9461 16.9813 17.0129 17.0402 17.0636 
23.399 23.0645 23.0485 23.0298 20.824 20.8048 17.8771 15.7888 15.7278 12.1842 11.0478 8.3041 6.2024 4.6897 4.6061 4.4795 4.9697 5.0703 6.9394 8.2381 11.4112 16.3281 18.312 21.1511 25.7382 26.0011 30.8668 31.6313 34.3743 35.0398 36.0855 37.0365 37.7443 38.0657 37.9024 37.7591 36.6596 34.9876 29.9211 27.1976 24.6799 33.282 25.4937 19.3612 8.2664 8.5431 8.2034 8.3891 7.6579 6.7898 4.7615 8.8489 13.6348 13.061 15.3599 15.9347 15.6825 17.1495 17.0775 17.0586 17.0611 17.0717 17.0851 17.0988 
23.0672 23.0539 23.0384 20.8215 20.8059 17.8657 15.7732 13.7886 12.1854 12.0522 8.275 6.1712 4.6757 4.6191 4.5401 5.1383 5.209 7.1677 7.8848 11.8362 14.9965 18.2215 21.3262 24.0959 27.1916 28.9442 31.6891 33.2471 35.3139 36.0819 37.0862 37.6063 38.2104 38.531 37.9785 35.9061 34.7883 29.3261 27.0795 25.7188 15.8316 18.9173 19.8293 12.0557 8.3483 8.9229 9.1485 8.0354 5.4047 4.7934 14.2376 10.251 10.1563 12.7413 12.8714 15.7739 16.0045 15.6392 17.2041 17.1569 17.1363 17.1298 17.1307 17.1353 
23.0583 23.0454 20.8194 20.8065 17.8565 16.9474 13.7732 12.185 12.0805 8.2576 6.1545 4.6695 4.6288 4.5749 5.2231 5.274 7.2915 7.734 11.8219 12.8862 15.8807 21.4875 24.7536 26.8563 29.677 32.0413 34.0209 35.6428 35.5927 36.4813 37.656 38.5363 38.5743 38.1405 36.0587 31.4824 31.6819 26.2107 23.3372 24.8351 20.6826 18.9174 12.7054 9.5154 8.6118 8.3308 9.5237 8.4239 5.5466 14.6332 20.1956 15.6542 15.3136 15.038 12.7285 12.8033 15.9119 16.0314 15.6273 17.2329 17.2 17.1822 17.1736 17.1706 
23.051 21.6467 19.2885 17.8489 16.944 12.2537 12.1838 12.0999 6.2048 6.1454 4.6668 4.6361 5.25 5.2707 5.3087 7.3606 7.6566 11.8467 12.5231 17.6487 21.5264 25.5519 26.3707 29.8926 32.5024 33.9322 34.6573 35.4416 36.336 36.7303 37.7986 38.5789 38.2723 37.6241 33.842 31.9389 28.767 30.3132 14.9728 12.1972 14.431 8.178 8.5627 9.4954 8.8432 8.3517 7.59 11.4178 9.8788 13.2995 18.9099 18.0815 15.025 16.2602 10.2434 12.7279 12.7714 15.9726 16.0448 15.6242 17.2505 17.2265 17.2116 17.203 
21.6489 19.2816 19.2481 16.9409 12.2403 12.1823 12.1135 6.1896 6.1405 4.6657 4.6418 5.2815 5.2997 5.329 7.4017 7.612 11.8741 12.331 17.6525 22.5462 23.2529 27.8738 29.92 31.6864 33.8993 34.8419 35.6575 36.4178 35.9134 37.4124 37.5059 38.2354 37.543 34.833 29.4696 23.0382 22.3108 22.0906 12.3416 9.3647 8.4346 7.7413 8.5154 9.7309 9.1312 6.0022 5.7832 9.2071 15.8413 16.2669 17.5207 18.629 18.3963 14.7826 10.0301 10.2143 12.7256 13.2984 16.0046 16.0527 15.6239 17.2623 17.244 17.2317 
19.2758 19.2469 14.9872 12.2295 12.1806 12.1233 6.1792 4.6813 4.6655 4.6463 5.3028 5.3185 7.3112 7.4276 7.5842 11.8973 12.2228 17.6724 18.1731 23.1964 27.9438 28.5088 31.5252 34.0176 34.3464 35.5297 36.2641 36.4738 36.7319 37.8109 38.355 38.2836 35.4053 30.4205 27.1746 15.9006 14.3379 15.9479 12.9782 10.5687 7.6924 8.0934 9.0151 9.9134 8.6779 5.831 7.6446 11.5906 14.2814 16.656 16.5623 18.0337 18.3938 18.2856 14.6919 10.0671 10.2006 12.723 13.2882 16.0235 16.0577 15.6247 17.2708 17.2564 
19.2458 14.9786 12.2207 12.1789 12.1305 6.172 4.6789 4.6657 4.65 5.3178 5.3313 7.3516 7.4448 7.5656 11.916 12.1582 17.6948 18.0552 23.1747 27.9847 28.347 31.4683 34.0766 34.2494 35.4376 36.1125 36.5085 37.0718 37.5403 38.0837 38.614 38.3233 38.9075 27.6455 17.4055 9.175 7.7167 8.3369 10.1073 8.7129 8.2772 8.4521 7.7565 7.6245 6.3591 9.3757 5.7929 10.2086 12.3327 13.6755 16.6226 16.7176 22.9893 18.3101 18.2539 17.3474 10.0856 10.1932 12.322 13.2823 16.0356 12.0182 15.6259 13.7054 
14.9713 12.2133 12.1773 10.0779 6.1669 4.6774 4.6662 4.653 5.3288 5.3404 7.3805 7.4566 7.5526 11.9309 12.1175 17.7156 17.9854 23.1688 28.0116 28.2597 31.4452 34.1051 34.2084 35.4202 35.5378 36.5294 37.0339 37.5987 37.9685 38.7884 39.289 39.5463 35.4021 31.0998 10.4497 7.1437 7.3459 7.7847 8.0429 8.1006 8.4851 8.2362 6.864 11.4503 9.7346 15.1863 12.2971 11.4191 11.538 12.371 13.4774 16.6246 16.6833 23.159 18.2784 18.2458 17.3629 10.0962 10.1887 12.3139 13.2785 16.044 12.014 15.6271 
12.2071 12.1757 10.0763 6.1633 4.6764 4.6668 5.3291 5.3369 5.347 7.4018 7.4651 7.5431 11.943 12.0909 12.2727 17.9424 23.1699 28.0305 28.2097 31.4346 34.1205 34.1885 35.417 35.4849 36.5318 37.0233 37.6035 37.939 38.8275 39.0468 39.5708 40.1555 36.3116 24.0792 16.9094 6.3273 6.6275 7.4726 7.9767 8.184 7.9675 7.4597 7.3642 33.1507 19.0445 18.6151 13.4844 12.5311 12.291 11.9426 12.3558 13.3993 16.6287 16.6677 23.2531 18.2664 18.2457 17.3755 10.1029 10.1859 12.3085 14.6656 16.0499 12.0111 
12.1742 10.0751 6.1607 4.6757 4.6674 5.3361 5.3431 5.352 7.4179 7.4714 7.536 11.9529 12.0728 12.2177 17.9153 23.174 28.0445 28.1794 31.4294 34.1297 34.1777 34.2424 35.4607 35.5199 37.0213 37.084 38.2766 38.8371 38.9175 39.7339 40.0947 40.4105 38.0846 30.7258 24.855 8.9179 6.3533 6.6423 7.599 7.9941 6.5053 6.543 8.2248 15.0975 17.3078 15.5813 20.3772 13.0397 12.6297 8.3684 12.0988 12.3407 13.3615 16.632 16.6597 23.3112 18.2627 18.2487 17.3859 10.1073 10.184 12.3048 14.667 16.0543 
7.7262 4.6817 4.6753 4.668 5.3417 5.348 5.3558 7.4304 7.4761 7.5305 11.9612 12.0602 12.1782 17.8978 23.1792 28.0552 28.1602 31.4267 34.1356 34.1712 34.2174 35.4482 35.4879 37.0221 37.0615 38.2888 38.8399 38.8792 39.8179 40.0659 39.887 39.7507 34.3198 27.8227 30.9353 30.6969 8.1654 6.5356 6.5787 5.9997 5.7323 6.9762 7.2231 13.6185 15.5975 16.247 15.6953 20.8931 12.9132 12.6916 8.4265 12.1716 12.3292 13.3405 16.6347 17.2472 23.35 18.2626 18.2527 17.3944 10.1105 12.279 12.3021 14.7211 
4.6808 4.6751 4.6686 5.3461 5.3519 5.3587 7.4402 7.4797 7.5261 11.9681 12.0513 12.1491 17.8863 23.1848 28.0636 28.1476 31.4252 34.1396 34.167 34.2016 35.4412 35.4695 36.5591 37.0504 38.2959 38.8411 39.3631 39.8336 40.0531 39.7565 38.884 33.4642 32.6314 32.7149 22.9069 16.8732 9.4281 5.7963 4.5346 8.2704 4.4461 7.6218 6.5519 7.1848 14.9441 15.6223 16.0108 15.7547 21.1177 12.8712 12.7338 8.4565 12.2101 13.3031 13.3277 16.6368 17.2438 23.3773 18.2642 18.2569 17.4016 10.1127 12.2809 12.3002 
4.675 4.6692 5.3498 5.355 5.3611 7.448 7.4825 7.5225 11.974 12.0448 12.1271 17.8787 23.1903 28.0705 28.1391 28.2209 31.4698 34.1642 34.191 35.4371 35.458 36.554 37.0446 37.9844 38.329 39.3692 39.8388 39.7361 39.7194 38.7851 33.6825 30.1581 28.9716 22.9394 28.3706 13.0869 8.3568 4.9388 3.4856 12.8246 14.6516 11.3574 10.3503 6.5196 8.8395 15.6232 15.2762 15.2438 15.7914 21.2394 12.8574 12.7643 8.4736 12.2323 13.3005 13.3192 16.6385 17.2419 17.2076 18.2666 18.261 17.4077 10.1144 12.2825 
5.3488 5.3528 5.3575 5.363 7.4544 7.4848 7.5197 11.9791 12.0401 12.1103 17.8738 23.1956 23.2774 28.1332 28.2003 31.4611 34.1622 34.1836 35.4344 35.4506 36.551 37.0413 37.9852 38.3243 39.3723 39.8407 39.5518 38.701 33.4548 32.994 29.4571 28.7359 22.8225 19.0213 16.2266 14.2598 6.2624 4.7483 13.1454 15.1714 14.3857 13.7123 12.4247 11.3443 6.6928 8.8988 15.7264 15.2276 9.6191 15.8162 21.3146 12.8543 12.7872 8.4842 12.246 13.2986 13.3134 16.6398 17.241 17.2131 18.2693 18.2649 17.413 10.1158 
5.3553 5.3596 5.3645 7.4597 7.4866 7.5172 11.9835 12.0366 12.0971 17.8707 23.2005 23.2699 28.129 28.1851 31.4548 34.1608 34.1782 35.4328 35.4456 36.5491 37.0395 37.986 38.3216 39.374 39.5468 39.5428 38.6714 33.0965 31.7568 29.2944 28.873 19.7123 19.2141 13.797 12.5053 6.7757 5.7514 11.4887 11.7185 10.0785 15.7813 15.2254 13.3872 12.6723 11.7267 6.6918 8.9258 15.7816 15.2064 9.6134 15.834 15.0012 12.8556 12.805 8.4912 12.2549 13.2973 13.3092 16.641 17.2406 17.2175 18.2719 18.2684 17.4175 
5.3613 5.3658 7.464 7.4881 7.5152 11.9874 12.034 12.0867 17.8688 23.205 23.2647 28.1261 28.1735 32.022 34.1598 34.1742 35.4316 35.442 36.548 36.5593 37.3543 38.8403 39.3749 39.5413 39.5376 38.6549 32.9112 31.6521 29.2637 28.9954 19.5996 19.311 13.6606 8.789 7.1421 8.0445 8.7075 11.5137 12.6857 12.1664 15.3928 15.8105 15.0443 13.2793 12.7611 11.9043 6.6911 8.9398 15.8158 15.197 9.6102 15.8475 15.0087 12.8587 7.0213 8.4959 12.2608 13.2962 13.3061 16.6419 17.2405 15.7308 18.2746 15.2478 
5.3668 7.4677 7.4893 7.5135 11.9908 12.032 12.0784 17.8677 23.2092 24.318 28.1239 28.1647 32.0192 34.159 34.1711 35.4309 35.4395 35.4495 36.5565 37.3518 38.842 39.6127 39.5377 39.5345 32.9728 32.8116 30.4903 29.27 29.0861 19.5657 19.3797 13.6168 8.6479 8.0234 8.411 8.6676 9.2698 10.2557 10.2438 12.4137 12.831 15.5982 15.8069 14.9787 13.2323 12.8016 11.9995 6.6904 8.837 15.839 16.5948 9.6083 15.858 15.0153 12.8625 7.0197 8.4993 12.2649 13.2954 13.3037 16.6427 17.2406 15.7312 18.2771 
7.4708 7.4903 7.512 11.9938 12.0306 12.0716 17.8672 23.2131 24.3167 28.1224 28.1577 32.0171 34.1583 34.1687 35.4304 35.4376 35.4459 36.5545 37.3501 38.8432 39.6136 39.5352 33.9409 32.8921 30.6135 29.3878 29.2868 19.6504 19.5584 19.4292 13.601 8.5946 8.0405 8.5234 8.6403 8.8625 9.1861 9.4721 10.0009 9.9464 12.3224 12.7574 15.6785 15.8012 14.9487 13.2082 12.8228 12.056 6.6897 8.8387 15.8557 16.6001 9.6071 9.6038 15.0212 12.8664 7.0184 12.235 12.2678 13.2947 13.3018 16.6434 17.2409 15.7316 
7.4911 7.5107 11.9966 12.0295 12.0661 17.8672 17.9134 24.316 28.1213 28.1522 32.0154 34.1579 34.1668 35.4301 35.4362 35.4432 36.5531 37.3489 38.5214 38.8586 39.5335 33.872 32.8406 30.5795 29.3854 29.3057 19.6321 19.5607 19.4661 13.595 8.5696 8.0499 8.5761 8.641 8.7505 8.9112 9.1019 9.2646 9.8608 9.8557 12.2432 12.2771 12.7208 15.7161 15.7962 14.9328 13.1943 13.1333 12.0921 6.6892 8.8399 15.8684 16.6049 9.6063 9.6037 9.4959 12.8702 7.0175 12.2422 12.2699 13.2942 13.3003 16.644 13.5502 
7.5096 11.999 12.0287 12.0615 12.0977 17.9087 24.3157 28.1206 28.1478 32.0141 34.1575 34.1653 35.4298 35.4351 35.4411 36.552 37.3481 38.5216 39.0743 39.5323 33.8241 32.8072 30.5596 29.3882 25.7319 19.6233 19.5666 13.6529 13.5928 8.5562 8.0558 8.6065 8.6474 8.7109 8.8013 8.916 9.0394 9.1448 9.7782 9.7873 9.775 12.2273 12.2501 12.7006 15.736 15.7922 14.9236 13.1857 13.1395 12.1165 6.6886 8.8409 15.8783 9.6083 9.6058 9.6037 9.4962 12.8739 7.0166 12.2477 12.2714 13.2938 13.2991 13.5585 
12.0012 12.0281 12.0577 12.0902 17.9049 24.3156 24.3611 28.1442 32.0131 34.1571 34.164 34.1717 35.4343 35.4395 36.5512 37.3475 38.5217 38.5343 33.8637 33.7904 30.6159 30.5483 29.3935 25.7314 19.6197 19.5736 13.6392 13.4465 8.5483 8.0599 7.4321 8.6542 8.6951 8.7514 8.8236 8.9075 8.9933 9.0672 9.7257 9.7381 9.7361 9.7252 12.2159 12.2322 12.6884 15.7475 15.789 14.9178 13.18 13.1438 12.1338 6.6882 8.8417 15.8863 9.6075 9.6055 9.6037 9.4965 12.8773 7.016 12.252 12.2724 13.2934 13.2981 
12.0277 12.0545 12.0839 18.3592 24.3158 24.3567 28.1413 32.0123 34.1569 34.163 34.1698 35.4336 35.4382 36.5506 37.3471 38.5218 38.533 33.8318 33.7664 30.6008 30.6052 29.3998 25.7336 19.6188 19.5807 13.6303 13.439 8.5433 8.8413 7.4469 8.6602 8.6886 8.7265 8.7747 8.8321 8.8954 8.9582 9.013 9.6901 9.7023 9.7048 9.7003 12.1899 12.2073 12.2194 12.6805 15.7545 15.7864 14.914 13.176 13.147 12.1464 6.6877 8.8423 15.8928 9.607 9.6053 9.6038 9.4968 12.8804 7.0154 12.2554 12.2732 13.2931 
12.0519 12.0785 18.3576 24.3162 24.353 28.1389 28.1602 34.1567 34.1621 34.1682 35.4331 35.4371 35.4415 36.5542 38.5219 38.5319 33.8078 33.7493 30.5906 30.6039 25.7824 19.6464 19.6195 19.5874 13.4797 8.5626 8.5399 8.8464 7.4565 8.6654 8.6862 8.7132 8.7471 8.7877 8.8339 8.883 8.9308 8.9731 9.6646 9.6756 9.6801 9.6791 9.6744 12.1876 12.2005 12.2099 12.6752 15.759 15.7842 14.9113 13.1732 13.1493 12.1559 6.6874 8.8429 15.8983 9.6066 9.6051 9.6038 9.497 12.8834 7.0149 12.2581 12.2738 