ncols 66 
nrows 67 
xllcorner 158293.924011
yllcorner 383911.967987
cellsize 0.25
nodata_value -9999 
39.4011 39.6575 39.6581 39.4572 39.652 39.651 39.4347 39.223 39.8988 40.0123 39.6487 39.6528 39.6578 39.1254 38.366 38.3643 38.3605 37.9554 37.9377 37.9135 37.8819 37.842 37.794 37.7393 37.6806 37.6219 37.5677 36.1186 36.0911 35.3351 35.3169 35.2998 35.2845 35.2715 35.2608 35.2522 34.1771 34.1469 34.1214 34.1003 34.0828 31.4472 29.4036 26.8373 26.7849 23.7924 21.9858 21.063 21.0569 20.7547 20.7489 20.2238 17.5331 15.418 15.408 15.3989 15.3908 15.3835 15.377 14.0694 14.0623 14.056 10.8294 10.82 10.8114 10.8036 
39.6839 39.4015 39.6575 39.6582 39.4576 39.6519 39.4341 39.4354 39.2246 39.8954 39.9039 39.6485 39.6534 39.6594 39.1316 38.3829 38.3814 38.377 37.9729 37.9494 37.9163 37.8721 37.8161 37.7494 37.6757 37.601 37.5324 36.1176 36.0839 35.3394 35.3165 35.2956 35.2778 35.2632 35.2519 34.1915 34.1536 34.1223 34.0967 34.0761 29.4707 29.3982 26.8304 26.7697 24.3536 21.9875 21.0648 21.0578 20.7552 20.7486 20.2233 17.5337 15.4207 15.4093 15.3992 15.3901 15.382 15.3748 14.0673 14.0596 14.0528 10.8288 10.8186 10.8093 10.8009 9.2615 
39.6847 39.6829 39.4019 39.6576 39.6584 39.4582 39.6517 39.4347 39.4361 39.2267 39.8908 39.9004 39.6481 39.654 39.6613 38.8412 38.6205 38.404 38.3989 37.9954 37.9628 37.9152 37.8504 37.7685 37.6738 37.5756 37.4862 36.1152 36.0731 35.3432 35.3138 35.2882 35.2675 35.2517 34.2109 34.1622 34.1227 34.0913 34.0666 29.4782 29.3909 26.8215 26.7503 24.3466 21.9899 21.0671 21.0589 20.7559 20.7482 20.2226 17.5344 15.4239 15.411 15.3995 15.3893 15.3802 15.3723 14.0648 14.0564 14.049 10.828 10.8169 10.8069 10.7978 9.2596 9.2523 
39.6857 39.6838 39.6817 39.4025 39.6578 39.6587 39.6528 39.6515 39.4353 39.4371 39.2292 39.8847 39.8955 39.6472 39.6543 39.1279 38.8528 38.6432 38.4349 38.4293 38.0252 37.9772 37.9042 37.8033 37.6787 37.5447 37.4231 36.1102 35.3872 35.3453 35.3067 35.2754 35.2522 34.2382 34.1735 34.1224 34.0829 34.0529 29.4877 29.3805 26.8095 24.3746 24.3377 21.9934 21.0701 21.0603 20.7566 20.7477 20.2217 17.4492 15.4278 15.413 15.3999 15.3883 15.3781 15.3693 14.0619 14.0526 14.0446 10.8269 10.8148 10.8039 9.266 9.2573 9.2495 10.3144 
39.6869 39.6848 39.6825 39.4003 39.4032 39.658 39.6591 39.6528 39.6512 39.4361 39.4382 39.2325 39.8762 39.8884 39.6455 39.6542 39.1338 38.8673 38.6743 38.4796 38.1082 38.0664 37.9897 37.8675 37.6996 37.5072 37.3329 36.1002 35.4032 35.3427 35.2913 35.254 35.2295 34.189 34.1205 34.0695 34.0325 29.5 29.3656 26.7933 24.3708 24.3262 22.5592 21.074 21.0622 20.7576 20.7471 20.2206 17.4515 15.4327 15.4155 15.4004 15.3872 15.3757 15.3657 14.0583 14.0481 10.8403 10.8255 10.8122 10.8003 9.2639 9.2545 9.2461 10.3146 15.299 
39.3476 39.6861 39.6836 39.681 39.4007 39.4041 39.6584 39.6597 39.6527 39.4349 39.4371 39.4397 39.2368 39.0004 39.8778 39.6423 39.6532 39.1404 38.886 38.9372 38.5488 38.1929 38.126 37.9876 37.7593 37.4654 37.1955 36.0813 35.4201 35.3276 35.26 35.2192 34.211 34.1152 34.0472 34.0008 29.5163 29.3435 26.7706 24.3659 24.311 22.5579 21.0792 21.0646 20.7588 20.7463 20.2191 17.4544 15.4388 15.4186 15.401 15.3858 15.3727 15.3615 14.0538 14.0426 10.84 10.8235 10.8089 10.7959 9.2613 9.2511 9.242 10.315 15.3014 15.355 
39.3493 39.3476 39.6851 39.6821 39.679 39.4013 39.4053 39.6589 39.6605 39.6526 39.4357 39.4384 39.4417 39.3217 39.0062 38.99 39.636 39.65 38.8555 38.9104 38.9883 38.667 38.3399 38.2147 37.9175 37.4379 36.9698 36.0484 35.4269 35.2799 35.1996 34.2432 34.1022 34.0079 32.1126 29.5383 29.3097 24.9727 24.3593 22.9885 22.9734 21.0863 21.068 21.0529 20.7451 20.7329 18.5109 17.0006 15.4226 15.4019 15.3842 15.3691 15.3564 14.0484 14.036 10.8394 10.821 10.8048 10.7906 9.258 9.2469 9.2371 10.3156 15.3045 15.3632 20.3783 
39.1541 39.3495 39.3474 39.6837 39.6801 39.6763 39.402 39.407 39.6596 39.6616 39.6524 39.4366 39.4401 39.4443 39.3252 39.0141 38.9924 39.6113 39.1003 38.8598 38.9426 39.0753 39.0914 38.8871 38.3215 37.5348 36.3103 35.7536 35.3628 35.1516 34.9105 34.0719 33.934 31.1555 29.5686 29.2558 24.9876 24.8779 22.9855 22.9659 21.0963 21.0728 21.0536 20.7435 19.6976 18.5127 17.003 15.4277 15.4031 15.3822 15.3646 14.0582 14.0417 13.6735 10.8382 10.8176 10.7996 9.2677 9.2539 9.2418 10.3018 10.3164 15.3085 15.3729 21.4813 25.8969 
39.1594 39.156 39.3497 39.347 39.6818 39.6774 39.211 39.4031 39.4093 39.6608 39.6352 39.4341 39.4378 39.4424 39.448 39.0778 39.0255 38.995 38.7095 39.0648 38.8459 38.9801 39.2534 39.5064 39.3196 38.1395 36.1128 35.6736 34.9672 34.7505 33.7777 32.7334 31.8865 30.4635 27.977 26.1191 24.8581 22.982 22.9554 21.6542 21.0798 21.0548 20.7412 19.698 19.1581 17.0063 15.4346 15.4046 15.3797 15.359 14.052 13.6774 13.6673 10.8364 10.8131 10.793 9.2639 9.2487 9.2355 10.3013 15.2346 15.3136 15.3847 21.4964 25.9019 30.9769 
39.1654 39.1622 39.1582 39.3496 39.3463 39.6791 39.6737 39.212 39.4047 39.4126 39.6626 39.6343 39.4344 39.4393 39.4456 39.4536 39.0931 39.0757 38.7551 38.653 38.8017 38.7558 38.9656 39.7099 42.0249 39.1031 36.5049 34.8833 34.2295 33.5123 32.7189 31.7554 29.5907 26.3594 26.1119 24.8287 23.2654 22.94 21.6593 21.0905 21.0567 20.7377 19.6986 19.1579 17.0108 15.4439 15.4068 15.3764 15.3518 14.0437 13.671 10.8646 10.8336 10.8071 10.7846 9.2589 9.242 9.2276 10.3009 15.2321 15.3202 15.399 26.9408 25.9078 30.9813 30.9893 
39.1722 39.1694 39.1657 39.1608 39.3494 39.3451 39.6754 39.6686 39.2133 39.4071 39.4174 39.5175 39.6325 39.4346 39.4414 39.4506 39.352 39.1169 39.0886 38.8025 38.2272 37.9278 38.3657 38.3872 38.8532 38.0449 37.0335 34.484 33.4976 31.8575 31.2131 28.9776 27.4135 26.1118 23.3744 23.2571 22.9156 22.0695 21.1078 21.0598 20.7322 20.0017 19.1576 17.0172 15.4569 15.4099 15.3722 15.3423 13.6796 13.6628 10.8654 10.8294 10.7991 10.7737 9.2522 9.2335 10.2776 10.3007 15.2298 15.3287 15.4164 26.9431 25.9147 30.9867 33.7132 28.9387 
39.0783 39.1775 39.1743 39.1698 39.1639 39.0242 39.3429 39.67 39.206 39.2152 39.4108 39.444 39.522 39.6293 39.4344 39.4444 39.4591 39.3691 39.158 39.1049 38.776 38.1976 37.7868 37.7528 37.2537 36.8001 35.0981 32.5581 31.0499 30.1246 29.6155 28.2948 26.1488 24.4439 23.2503 22.4321 22.0702 21.8774 21.0656 20.7233 19.9972 19.1575 17.027 16.9938 15.4145 15.3665 15.3296 13.6718 13.6519 10.8655 10.8231 10.7881 9.2684 9.2432 9.2224 10.2743 10.3007 15.2279 15.3395 19.8602 26.946 27.0209 30.9932 33.7166 28.9646 28.8787 
39.0844 39.0847 39.0843 39.1805 39.1751 39.1676 39.0271 39.3392 39.6619 39.2056 39.2181 39.417 39.4533 39.6425 39.6225 39.4328 39.4489 39.37 39.1944 39.2095 38.9469 38.5759 38.1227 37.5602 35.7311 34.7796 33.1621 32.5252 30.1445 29.6051 27.9553 26.8222 24.608 23.2517 22.4222 22.0728 21.8754 21.0769 20.5092 19.9896 19.1576 18.0685 16.996 15.4215 15.3585 15.3117 13.661 13.637 10.8643 10.8138 10.773 9.2597 9.2311 9.2079 10.2707 10.3013 15.2266 15.3536 19.8802 26.95 27.0341 31.0011 33.7209 34.8908 28.8994 28.7535 
39.091 39.0921 39.0926 39.0924 39.1885 39.1818 39.1721 39.0301 39.0098 39.6491 39.205 39.2229 39.4471 39.4693 39.5093 39.6074 39.3158 39.4559 39.3293 39.3474 39.3978 38.6837 38.1063 37.2513 35.0714 34.0446 31.7663 30.3428 28.892 28.3283 27.1049 25.6027 23.4241 22.4303 22.3734 21.8697 21.101 20.5113 19.9756 19.1583 18.0762 16.9999 15.4328 15.3467 13.6869 13.6455 13.6162 10.8608 10.7997 10.7517 9.2471 9.2144 6.4768 10.2666 10.0913 15.2263 19.7658 19.9056 26.9552 27.0504 31.0108 33.7264 34.8926 28.9251 28.7671 21.1722 
39.3563 39.1001 39.1018 39.1029 39.1029 39.1013 39.1909 39.1778 39.0328 39.004 39.1865 39.2038 39.2314 39.4635 39.541 39.5101 39.5684 39.2824 39.3287 39.4004 39.6358 38.0954 37.3944 35.6534 34.8707 32.436 31.073 29.7936 28.5433 26.6845 25.3875 24.654 22.6967 22.2898 21.9331 21.7363 20.5268 19.9347 19.1609 18.0917 17.0073 15.452 15.3284 13.677 13.6221 12.5215 10.8533 10.7782 9.2044 9.2285 6.4955 6.4681 8.2817 10.0941 15.2273 19.7779 25.5024 26.9622 27.0708 31.0229 33.7336 34.8954 28.9571 28.7846 21.1992 20.7684 
39.1401 39.1429 39.1117 39.1145 39.1165 39.117 39.1153 39.2034 39.185 39.0341 38.9912 39.1752 39.2013 39.2493 39.5011 39.5685 39.4962 39.2642 39.0597 38.8431 38.3426 37.2575 36.4485 34.4812 33.3111 31.6575 30.3996 28.3677 26.9975 25.9671 25.1856 23.6768 22.9529 21.7279 21.4394 20.6204 19.9133 19.1694 18.1289 17.0229 15.4872 15.298 13.6604 13.5845 12.5047 10.8384 9.2488 9.1846 9.2007 6.4856 6.4544 8.2807 10.0986 10.1405 19.7951 25.5058 25.6048 31.7055 32.2241 33.7429 34.8995 35.8932 28.8071 28.7003 20.7873 20.7049 
39.0084 39.1515 39.1559 39.1271 39.1316 39.1353 39.1371 39.1353 39.1273 39.194 38.9239 38.9631 39.1522 39.1955 39.2968 39.5669 39.6194 39.2298 39.3823 38.7041 37.6262 36.3018 34.7792 33.4731 31.1685 29.9548 28.893 26.6063 26.2875 24.8636 24.0393 23.1765 22.7962 21.2143 21.0096 20.0162 19.1887 18.2396 17.0614 16.3339 14.7035 13.6303 12.5235 12.4744 10.8094 9.2314 9.151 7.8368 6.4676 6.4325 10.0433 10.1057 14.9639 19.8197 25.5115 25.6275 31.709 32.2341 33.7551 34.9055 36.0217 28.8364 28.7133 20.8119 20.7173 13.2238 
38.6399 39.017 39.1659 39.1727 39.1479 39.1558 39.163 39.1677 39.1664 39.1535 38.9753 38.9092 38.9042 39.0969 39.1778 39.5365 39.843 39.4467 38.6476 37.7171 36.3204 34.799 32.7823 32.0976 30.162 28.213 26.9904 26.2211 24.9407 24.342 23.4096 22.5718 21.9044 21.1246 20.419 19.5436 18.7415 17.289 16.2055 14.7417 13.5698 12.4814 12.4143 10.0497 9.1942 6.521 6.4927 6.4355 6.2062 10.039 11.6048 11.692 22.9014 25.5207 25.6584 31.7135 32.2469 33.7713 34.9142 36.0233 28.9378 28.7314 20.844 20.7344 13.2484 7.3392 
38.5956 38.641 38.952 39.1844 39.1951 39.2078 39.1705 39.2066 39.2189 39.2211 39.1966 38.9845 38.8518 38.6184 38.9541 39.0472 39.8173 38.8921 38.0261 36.2086 35.2864 33.5545 31.5651 30.3264 29.3938 27.453 26.1489 25.3386 24.0334 23.7002 22.8513 22.0424 21.0033 20.5534 19.1764 18.4704 17.1828 15.8892 14.8842 12.693 12.3598 12.2789 9.3429 9.1141 6.4991 6.4414 6.3777 6.1806 8.0368 11.6255 11.7314 22.8819 25.5354 25.7011 31.7195 32.2636 33.793 34.9266 36.0271 35.8655 28.7565 28.1992 20.758 13.7708 7.3669 7.3141 
37.9143 38.5845 38.6386 38.7083 39.3157 39.2254 39.1956 39.2247 39.2605 39.3181 39.3371 39.2737 38.9213 38.5158 38.9185 38.4902 37.9991 37.4164 36.6825 34.967 34.0019 31.8181 30.3197 28.4227 27.8327 25.9457 25.2545 24.3638 23.7426 22.6003 21.8249 21.159 20.494 19.8635 17.7898 17.1614 15.5453 14.7532 13.0651 11.8923 10.9615 8.8235 6.7474 6.4193 5.7426 6.1083 7.8332 8.0689 11.6627 17.5712 22.8558 25.5588 25.7617 31.7275 32.2858 35.8442 34.9444 36.0341 35.8644 28.7915 28.2121 20.7906 13.7993 7.4002 7.3386 6.8406 
37.8557 37.8945 37.9466 38.6297 38.6126 39.2086 39.3655 39.2554 39.3126 39.3982 39.5277 39.6551 39.3058 38.4387 38.3176 38.3979 36.6568 35.8303 34.8362 33.3398 31.3015 29.5482 28.8184 27.2002 26.8296 25.6911 24.5847 23.5098 23.4406 21.8776 21.4259 20.4823 19.2236 18.0883 17.3126 15.8975 14.1653 12.6407 10.9471 10.7581 8.9484 6.6465 6.1555 5.5585 5.9895 7.7918 8.1272 11.7304 16.0022 22.8196 25.597 25.85 31.7387 34.5017 35.8455 34.7582 34.9086 35.8655 28.8404 28.2326 20.8358 13.8362 7.4409 7.3683 7.304 6.7999 
36.6498 37.8214 37.8631 37.9216 38.0041 38.6052 39.2199 39.4015 39.4694 39.4514 39.6722 40.2338 40.2064 38.1228 37.9009 37.2396 35.031 34.3163 32.7315 31.9202 30.8762 28.8252 28.1563 26.4438 25.0727 24.8644 24.1228 23.2819 22.2675 21.2861 20.1543 18.8885 18.4728 17.1364 15.4645 13.6276 11.9524 11.0141 9.8934 8.1336 5.711 5.257 4.9381 5.3281 7.7354 11.5105 11.8568 16.0167 20.7396 25.6605 29.8473 31.7552 34.5053 35.8472 37.0327 34.9303 35.9994 35.8181 28.2644 20.8989 13.8846 13.7692 7.4048 7.3285 6.8161 6.8867 
36.6529 36.6717 36.6942 36.721 37.8802 37.9747 38.5744 38.4737 38.9156 38.8733 39.1615 39.5698 39.2002 38.7377 37.1341 35.8023 34.1252 32.9673 32.4271 30.7522 28.386 27.7222 26.274 25.6881 25.0022 23.902 23.0808 22.5178 21.2345 20.6764 18.6896 18.1026 16.6489 15.1966 14.1072 12.6697 11.4022 9.1026 8.2891 5.1427 2.5909 4.1782 5.1437 7.6741 11.5837 14.0331 16.0665 20.7751 28.9458 29.871 30.9165 34.5091 35.8493 37.0288 34.9643 36.0124 36.5919 28.3133 20.9883 20.7504 13.8082 7.4504 7.3585 6.8355 6.8968 6.8207 
36.653 36.6738 36.6997 36.7323 36.7736 36.8245 36.8815 37.7025 37.8971 37.9371 37.9187 38.2184 37.9975 36.6832 34.4081 34.0458 33.2877 31.0382 30.0977 29.0558 27.9662 27.0018 25.4509 25.0775 24.4885 23.4928 22.3808 21.6688 20.4958 19.6188 18.2446 16.9597 15.7134 14.3178 12.5366 10.8284 8.9309 7.5441 5.0151 1.8325 0.8372 5.5134 6.3165 13.147 14.0669 16.222 20.8705 28.887 29.9117 31.4704 35.4467 35.8522 37.023 37.0518 36.0378 36.5913 29.5909 28.3984 20.8183 13.862 7.509 7.3961 6.8588 6.7685 6.819 6.7442 
36.6495 36.6709 36.6986 36.7355 36.786 36.8568 36.954 37.0673 36.7205 35.7631 34.9426 34.9314 34.7433 34.4355 33.5734 31.3454 31.0715 30.3952 29.4529 28.0047 26.3747 25.2473 24.5839 23.8695 23.6706 22.38 21.5262 20.7956 19.3231 17.6031 16.4214 15.3268 13.9885 13.2018 12.2236 9.3452 7.3498 6.3893 3.0046 2.4384 5.3536 7.999 11.494 14.3721 17.5582 24.6339 27.5219 29.9894 34.0783 35.4384 35.856 37.014 37.0542 36.0853 36.6 36.4942 28.4528 20.9226 13.9386 7.586 7.4442 6.8876 6.7781 6.8156 6.7279 6.6564 
36.3142 36.6623 36.6892 36.7261 36.7799 36.864 37.0066 37.251 37.2303 36.8077 35.2258 33.7877 33.9929 33.103 31.2763 29.7759 29.5605 28.3229 27.3509 26.4237 25.2833 24.1882 23.7938 23.2082 22.5186 21.7394 20.4174 18.9159 18.3728 16.0274 15.4977 14.5352 12.8429 11.5915 9.4941 7.1897 5.6053 2.4868 2.1296 6.0671 8.2061 10.4292 16.2213 20.5056 24.098 27.5363 30.1596 34.0859 35.4206 36.4112 36.9991 37.0584 36.1733 36.6283 36.4766 28.5493 21.5127 14.0511 13.802 7.5078 6.9239 6.7883 6.8092 6.7053 6.6225 1.525 
36.2778 36.3126 36.3586 36.7021 36.7481 36.823 36.9682 37.3326 38.3618 37.5608 34.4391 32.9932 32.7513 31.1133 30.3866 29.0655 28.2293 27.6719 26.1664 25.4042 24.4294 23.9259 23.349 22.8205 22.0175 20.5443 19.4405 18.2258 16.2336 14.2676 13.1048 12.1151 11.7612 8.7997 7.9679 4.1311 2.1971 1.7594 3.8334 5.9525 12.2163 15.1677 19.5947 23.5853 27.8297 31.2448 34.0885 34.2162 36.3809 36.9717 37.0671 38.2403 36.6984 36.4696 28.7208 21.6715 14.2233 13.8861 7.5949 6.9709 6.7988 6.7983 6.6734 1.5266 1.5233 0.9999 
36.2337 36.2591 36.2926 36.3382 36.4023 36.4958 36.7993 36.9529 37.3658 36.2443 33.8491 32.8497 31.9617 30.611 28.6505 27.9584 27.064 26.7873 25.9171 24.6802 23.54 23.241 22.0495 22.1652 19.8557 18.5191 18.2503 15.5217 14.5587 13.3428 12.3595 10.5313 8.5759 7.1391 5.9342 1.7151 1.5434 3.045 7.6447 11.3396 14.6504 21.3925 24.0054 28.855 31.6768 33.4679 34.4519 36.2907 36.4577 37.0885 38.2697 36.8594 36.4955 35.339 28.3479 14.5011 14.0232 7.72 7.4542 6.8086 6.6404 6.627 1.5249 1.5209 1.0003 1.0275 
36.1839 36.1975 36.2148 36.2372 36.267 36.3079 36.3638 36.4307 36.8669 35.1963 33.1505 30.4312 29.4342 28.4507 27.4782 26.9319 26.1432 25.3889 24.5206 23.856 23.2213 22.5353 21.1899 19.8825 18.5189 17.5701 15.4883 14.6976 12.2232 10.5392 9.7759 7.8053 6.186 4.1279 1.5885 1.58 4.8995 7.5319 10.3492 15.9566 20.5742 29.9697 27.8345 32.6314 33.3301 35.3399 35.9243 36.4685 37.1571 38.0094 38.927 36.6199 35.2949 28.3216 21.5678 14.2614 7.9108 7.5307 6.8153 6.5979 6.5577 1.5223 1.5176 1.0009 1.0283 1.2222 
36.1312 36.132 36.1314 36.1281 36.1203 36.1054 35.367 35.6818 34.8855 32.2835 31.3505 29.5485 27.8656 27.4151 26.6212 25.8472 25.4424 24.5089 23.752 22.4796 21.5142 20.0293 19.5072 18.6848 17.3109 15.0566 13.4737 11.6365 9.056 8.6164 7.5772 4.9873 3.0017 2.8607 3.0548 3.917 5.7208 10.5473 16.8029 19.1867 22.9058 25.157 31.3808 33.553 34.9297 35.4339 36.1376 37.5073 38.1652 38.9624 37.026 35.3331 34.6574 21.9929 14.7125 13.8469 7.6428 6.8127 6.5231 1.5269 1.5183 1.1666 1.0018 1.0296 1.2219 1.2185 
36.079 36.0674 36.0497 34.8477 34.8776 34.8983 34.8652 34.5658 32.0544 31.2372 29.023 27.2742 26.8593 26.1526 25.7726 25.0783 24.6855 23.9386 22.2195 20.9488 20.5069 19.243 18.4211 16.1608 15.4228 14.0385 12.0809 9.3208 7.7437 6.7897 5.944 3.9372 2.38 5.0123 5.9467 9.0897 14.1062 14.9237 20.3966 22.8008 27.3951 28.4013 32.8973 34.204 35.7235 36.3321 37.8167 38.5064 39.1099 39.0456 36.5846 34.4131 28.222 15.6763 14.1347 7.8183 6.784 6.385 1.5231 1.512 1.1659 1.2302 1.2309 1.2216 1.2173 1.2141 
34.7198 34.7276 34.7323 34.7295 34.7092 34.6474 33.224 32.0136 31.3905 28.8229 27.1126 26.1643 25.6679 24.6123 23.4984 24.0103 22.7559 22.113 20.7818 19.9006 18.7667 17.3469 16.5912 15.5537 14.0937 12.0532 10.4727 7.6685 6.7962 5.4237 4.7357 4.8125 5.4645 8.5188 9.6558 14.3456 17.301 19.0159 23.14 26.6447 33.5555 31.4672 35.5175 36.5966 36.2222 37.2094 38.9559 39.3313 39.4845 38.527 34.7673 29.1549 22.171 14.8649 8.137 6.6782 6.113 1.3838 1.5011 1.1467 1.2326 1.4265 1.2214 1.2158 1.1224 4.1744 
34.6689 34.6639 34.6513 34.6248 33.1592 33.0303 32.7738 30.7138 28.9054 27.3725 26.1616 25.5664 25.0634 23.3954 21.5085 21.2168 21.1552 20.6807 19.408 18.4363 17.3003 16.2393 14.7442 13.5525 12.245 10.9868 8.3838 6.6868 5.859 6.2852 6.8801 8.4549 10.0849 12.4708 14.1347 17.1545 21.166 25.7308 27.1038 33.9798 33.65 35.9947 37.3114 37.3306 37.1211 37.5782 38.6566 39.4932 39.0809 37.6273 31.5943 26.3329 18.6782 8.4526 6.3208 5.5384 1.3698 1.4806 1.1652 1.182 1.4263 1.2214 1.2136 1.1201 4.0576 4.4168 
34.6217 34.6069 33.09 33.036 32.9405 32.7796 30.6983 28.8765 27.5513 26.209 25.5426 24.9346 24.2771 23.4438 21.7373 20.927 21.0259 19.03 18.1453 17.6485 16.2453 15.4236 13.4723 12.8282 11.2664 9.9033 8.6777 7.9313 7.43 8.2063 9.1739 11.5637 14.079 16.0658 20.4638 23.025 25.6176 29.7095 29.9781 34.9136 35.8642 36.63 37.3585 38.1239 38.6922 38.7102 38.6897 38.8627 37.7488 36.1353 31.8896 20.1563 7.3238 2.0087 1.6189 1.328 1.1292 1.1671 1.3929 1.4263 1.2219 1.2107 1.1167 4.0448 4.4108 4.4432 
33.0414 33.0126 32.9663 32.8939 30.8333 30.6815 30.4508 28.327 25.648 25.5559 24.9693 24.3993 23.2788 21.9281 20.792 20.2085 20.4491 18.2449 17.3461 16.3418 14.8766 14.027 12.6994 11.9767 11.1104 9.9725 8.9126 9.1542 10.5882 10.1156 14.4142 16.5174 19.0017 21.2196 22.2363 24.5548 30.3671 30.8714 35.0684 35.6169 36.8238 37.1844 37.9061 38.6711 38.9611 39.1726 38.7365 37.3125 34.8875 22.5299 17.9294 3.3555 3.4 1.4617 1.1615 0.957 1.1761 1.3788 1.4271 1.2238 1.1201 3.9404 4.0293 4.4054 4.3268 4.4273 
32.9627 32.9237 32.8675 30.7735 30.6675 30.5154 28.366 26.8858 25.566 24.9851 23.6229 22.8021 21.7443 20.5357 20.035 19.1236 18.7663 17.4538 16.3592 15.1471 14.5167 13.7024 13.0941 11.4609 11.0206 10.5897 10.0499 10.8108 12.3016 16.2826 17.1478 20.0007 22.624 23.3835 29.6567 29.489 32.3031 32.2665 35.0962 36.7084 37.6698 37.6076 38.4217 38.852 38.8824 38.5888 36.1927 33.5266 27.1364 11.4365 6.4376 3.7546 1.0226 0.6706 0.906 1.221 1.4085 1.4316 1.411 1.1166 3.8775 4.0105 4.2847 4.4075 4.4331 4.4509 
32.8961 32.8514 30.7343 30.6564 30.5496 27.0276 26.9192 25.5719 24.9917 23.5507 22.5022 21.7719 21.4461 19.4433 18.9799 18.2398 17.8902 16.6861 15.9211 14.4919 14.1227 13.6023 13.2945 12.1004 11.5041 12.4703 14.0476 14.7052 15.5219 17.9797 19.8324 24.0577 25.7868 28.8105 30.4984 31.4094 33.4251 35.2022 36.5954 37.2718 37.7194 37.9278 38.5556 38.9423 38.4343 37.435 34.7283 30.8571 19.751 5.2152 4.4204 1.4718 1.0783 0.9508 1.4864 1.4904 1.4541 1.2899 1.111 3.77 4.1753 4.2872 4.4138 4.446 4.4662 4.479 
32.8411 30.7071 30.6475 30.5689 27.0153 26.9378 25.5755 23.9117 23.5269 22.4546 21.2531 21.0343 19.4688 19.0297 18.3191 17.8036 17.0544 16.1586 15.8253 15.5827 14.6411 14.3603 13.9972 14.4993 15.5245 15.5544 15.7803 18.692 19.2099 22.4 24.3962 26.3711 28.9248 31.5686 31.3986 34.2156 35.4706 36.2007 37.176 37.6646 38.2636 38.5308 39.0553 39.2327 39.2228 39.6757 33.5949 18.2517 13.5497 6.6283 1.7712 1.4101 1.0089 1.1383 1.6408 1.5543 1.2859 1.0995 3.5534 4.1234 4.3588 4.4341 4.4734 4.4941 4.5052 4.5109 
30.6874 30.6405 30.5804 27.0068 26.949 24.6852 23.8886 23.5195 22.4374 21.1935 20.1493 19.9566 18.6769 18.0537 17.5787 17.3622 16.9454 16.9703 16.3007 16.0025 16.0105 15.3759 15.6797 16.5171 16.8234 18.0602 18.9997 20.4922 22.6911 25.1301 28.2043 28.9027 30.8992 33.3325 33.5562 35.7846 36.3406 37.0617 37.6262 38.1278 38.3816 38.3636 38.5127 38.5249 37.3374 34.5041 11.1846 7.4446 9.3772 3.8923 2.0767 1.7852 1.7379 2.1564 2.4117 1.4258 0.831 3.0675 4.0367 4.3663 4.4891 4.5318 4.5459 4.5491 4.5479 4.5448 
30.6348 30.5874 27.0009 26.9562 24.6654 23.8763 23.8277 21.2313 21.1653 20.1396 20.0131 18.7457 18.0377 17.89 17.4483 17.3313 17.351 17.7265 17.9431 17.9384 17.7194 18.6617 18.6499 18.776 20.584 20.9913 22.7474 23.8059 24.8004 25.6728 30.1713 30.6633 33.1853 34.1321 35.3652 36.3762 36.7749 37.8496 38.3181 38.681 38.8947 37.7849 35.583 32.1842 27.2212 8.3616 6.4528 3.7448 1.6976 1.6769 1.8881 1.9846 1.883 2.0405 2.4156 1.637 3.4016 1.6108 4.2478 4.6403 4.6613 4.6437 4.6233 4.6055 4.5907 4.5784 
29.1918 29.1183 26.9611 24.653 24.6082 23.8318 21.2029 21.1517 20.1364 18.7708 18.7261 18.031 17.9384 17.4768 17.4293 17.87 17.8968 18.5627 21.3244 21.0289 19.0116 21.7282 22.5063 22.8577 23.0637 23.6847 24.7777 25.3663 27.4576 29.3314 30.2518 32.184 33.3459 35.5949 36.0778 37.2096 37.7611 38.5592 38.7364 38.6163 37.509 35.3447 32.2362 24.6185 8.7669 4.9886 3.7416 2.5562 1.721 1.4509 1.6804 1.8807 1.8088 2.0417 1.5577 5.3121 11.4418 7.691 7.5812 7.9987 8.4109 8.7078 8.9224 9.0826 4.6295 4.609 
29.1256 26.9645 24.6451 24.6085 22.3611 21.1859 21.1453 20.1359 18.7507 18.0725 18.0288 17.5072 17.4898 17.4651 18.0419 19.3204 19.7505 20.8616 22.0544 24.6749 25.183 24.5807 24.9139 25.2975 26.0276 27.1752 27.5703 29.0975 28.9396 30.4957 30.3783 32.692 34.3965 35.792 37.1003 38.2017 38.5603 39.023 39.0518 38.31 36.8724 33.5813 23.9151 15.5792 7.7153 4.2324 2.8977 2.3378 1.6807 1.4902 1.6809 1.7556 3.8879 2.9576 1.6736 16.6786 15.1035 10.7602 9.4323 9.0294 9.0139 9.0938 9.1884 9.2764 9.3535 9.4199 
26.9669 24.6399 24.6096 22.3483 21.1753 20.1744 20.1364 18.7391 18.0606 18.0283 17.5079 17.4967 18.0696 18.1135 19.6461 19.9405 20.5057 21.6048 23.6826 25.8188 26.2255 25.9106 28.1063 28.5612 28.3109 30.2541 29.5167 30.1024 30.9469 32.0319 33.2635 35.0587 35.3985 36.5021 37.8258 38.3319 39.4175 39.6194 38.7754 36.3442 33.5579 32.9799 25.855 12.5833 4.3621 3.1475 2.4284 2.2019 1.6921 1.5746 1.481 1.1592 5.6048 15.5765 1.9877 9.798 13.5488 14.4627 10.3468 9.9128 9.603 9.4968 9.4751 9.4883 9.5154 9.5471 
24.6365 24.611 22.3401 21.1686 20.1678 20.1373 18.7321 18.0532 18.0285 17.5087 17.5009 18.1117 18.1472 19.8154 20.0241 20.3746 21.1729 21.8785 24.2981 25.7987 27.1424 27.8274 29.9731 31.3066 31.3337 31.8434 32.4248 31.9561 33.2959 33.5559 34.7887 34.7703 35.903 37.0067 38.7711 38.9938 39.3243 39.217 38.7427 35.2067 25.9109 19.724 19.2557 14.8958 5.1586 2.9347 2.6462 2.8132 2.6056 1.6821 1.7493 1.4379 1.4181 2.4933 1.8937 8.062 13.0039 13.6355 14.1987 10.2424 10.0556 9.8456 9.7416 9.6942 9.6772 9.6766 
22.7908 21.6782 21.1643 20.1633 19.5858 18.7278 18.0485 18.029 17.5094 17.5037 18.1367 18.165 19.9077 20.0601 20.2922 20.6368 22.2754 23.6547 25.431 26.8521 28.8327 29.5199 30.8758 31.7747 31.4861 32.011 33.9261 33.9785 34.169 35.206 35.276 35.5487 36.0244 37.7393 39.3149 39.3809 39.5339 39.4625 40.1898 37.0213 21.1151 8.2226 7.1244 7.9989 5.5635 3.3331 7.2682 3.381 2.9617 2.058 2.0023 9.6552 14.6983 7.1176 4.5898 2.4125 8.607 13.3913 13.6698 14.117 10.1977 10.11 9.9635 9.8766 9.8269 9.8 
21.6736 21.1616 19.9443 19.5814 18.0579 18.0453 18.0296 17.51 17.5056 18.1525 18.1752 19.961 20.0758 20.2387 20.4658 22.0612 22.404 23.6661 26.7287 28.8442 31.1731 33.4792 33.6524 33.57 33.8892 32.1211 33.4867 35.2772 35.5829 36.7014 37.4807 37.6123 36.8966 39.1387 39.8647 39.404 39.7715 40.3277 38.7113 33.6925 17.756 5.3766 4.7829 4.5118 3.6617 3.5394 7.2695 4.898 2.8943 2.8379 5.2149 8.3873 15.2897 12.2312 9.3156 1.7994 2.4724 8.6619 13.5345 13.6847 14.0861 10.1734 10.1342 10.0275 9.9571 9.9115 
19.9586 19.9379 19.5786 18.0537 18.0431 18.0302 17.9242 18.1493 18.163 18.1814 19.9935 20.0824 20.2023 20.3617 20.569 22.1771 24.7019 26.6839 28.985 31.2928 33.7022 33.9111 34.0862 35.1286 36.8882 33.8357 33.2324 34.8285 37.1268 37.6629 38.3692 39.4846 39.7468 41.1122 41.1274 39.8742 40.0128 39.7452 29.3598 25.1538 10.546 4.3954 4.1197 4.0889 4.0434 3.693 3.2192 2.5005 7.1771 8.0299 3.9769 10.5396 13.3602 14.1107 11.1466 9.8837 2.4442 8.3599 8.6706 13.6001 13.6927 14.0728 10.0035 9.943 10.0654 10.0081 
19.9332 19.5767 18.0506 18.0416 18.0307 17.9272 18.1585 18.1701 18.1853 20.014 20.0847 20.1763 20.2938 20.4419 22.0473 22.241 28.1675 29.0392 31.3578 32.7432 33.898 33.8985 34.2988 35.5927 35.7061 34.8008 34.1035 34.2616 36.5796 38.1707 39.3068 39.9836 40.7323 41.4579 40.9274 39.7438 38.5868 36.438 17.3551 13.8298 4.7169 4.4328 3.8501 4.228 4.5436 3.4292 2.7586 2.5271 5.8968 3.7823 5.0247 5.7804 12.0483 13.2202 13.4037 10.867 10.1062 2.4686 8.4785 8.3861 13.6352 13.6976 14.0665 9.9873 9.9429 10.0891 
19.5756 18.0483 18.0405 17.9404 17.9295 18.1652 18.1752 18.1879 20.0275 20.0849 20.157 20.2469 20.3575 21.9684 24.1259 28.2726 29.0731 30.1152 32.6755 33.8481 33.7443 35.2397 35.1884 35.3052 35.2128 35.6307 35.9125 35.3267 35.2786 38.0265 40.1506 40.906 41.2577 40.7381 40.858 38.0545 37.4001 23.5997 11.9009 6.5368 4.5052 3.7668 3.6347 4.0413 4.3505 3.7483 2.6578 6.786 22.7399 9.3987 4.4989 5.1234 5.3305 12.5946 13.1443 13.1408 10.7668 10.219 2.4799 8.5377 8.3696 13.6561 13.701 14.0636 9.9766 9.9426 
18.0464 18.0396 17.9407 17.9314 18.1702 18.179 20.2666 20.3061 20.084 20.1422 20.2131 20.2986 23.8908 24.1366 26.9506 29.7912 30.406 32.6333 32.7467 35.0984 35.1645 35.0445 35.118 35.1 35.6154 35.5848 35.6582 35.8394 36.123 36.8943 39.6826 41.03 40.536 35.1818 32.6938 14.8105 19.7901 8.1672 4.1527 4.6078 4.3268 3.9782 3.6777 3.9513 4.7573 2.0092 2.3967 3.516 8.8661 10.2294 9.6152 4.669 5.0686 5.0569 12.8123 13.1147 13.0252 10.7225 10.2857 2.4857 8.5706 8.3598 13.6696 13.7034 14.0622 9.9692 
18.039 17.9409 17.9329 18.1741 18.1817 20.2782 20.312 20.0827 20.1306 20.1879 20.2558 23.9407 24.1454 24.402 30.1541 30.3719 32.4984 33.4998 35.074 35.1195 34.9667 35.8134 34.999 35.5972 35.5587 35.6349 36.0626 36.1581 36.9512 37.1068 37.8782 38.9095 37.7393 25.1124 17.0453 7.1255 4.3565 2.977 3.4741 4.0831 4.3523 4.1539 4.0203 3.4106 2.9492 2.2669 2.2425 2.7988 2.5188 9.4756 9.4972 9.4456 4.7129 5.0323 4.982 12.9201 13.1018 13.0657 12.6818 10.3292 8.5025 8.5903 8.3537 13.6789 13.7051 10.9319 
17.9411 17.9342 18.1771 18.1838 20.287 20.3162 20.0811 20.1212 20.1684 20.2236 23.9794 24.1518 24.3639 27.1684 30.3494 33.1947 33.4608 34.1499 35.0886 35.7629 35.4985 35.5085 35.5732 36.1726 36.1411 36.1434 36.2164 36.7093 37.2971 37.9476 38.3612 37.4528 33.5867 23.694 8.7652 4.6845 2.7881 2.9317 3.5163 3.3662 3.6081 3.9398 3.4361 2.0671 2.2575 2.4039 2.7006 2.7604 2.6357 2.5488 9.6523 9.3139 11.281 4.721 4.9423 4.9434 12.982 13.1602 13.021 12.6801 1.9202 8.536 8.6027 8.3497 13.6855 13.7065 
18.1744 18.1795 18.1855 20.2939 20.3193 20.3491 20.1135 20.153 20.1987 24.0096 24.1563 24.3338 27.1332 30.3343 31.3695 33.9643 34.089 35.7344 35.7465 35.4697 35.4782 35.907 36.1979 36.1816 36.1695 36.2119 36.8061 37.3177 37.8528 38.3014 38.5981 38.9912 38.4989 20.8585 6.174 2.8539 3.6652 3.4347 3.4276 3.1453 3.1577 3.7576 2.7583 2.4316 2.5397 2.3147 2.7606 2.6569 2.6832 2.5914 2.5531 9.5752 9.2459 11.2908 4.7212 4.9194 4.9207 13.0213 13.1526 12.9965 12.6815 2.6504 8.5585 8.3325 8.347 13.6905 
18.1814 20.28 20.2992 20.3216 20.3474 20.107 20.1406 20.1791 24.0332 24.1592 24.3096 24.4882 31.1759 31.3422 33.948 34.0468 35.7254 35.7348 35.449 35.9054 35.909 36.2103 36.2011 36.1798 36.7422 36.8025 37.3147 37.843 38.2672 38.6423 38.8961 39.0255 38.865 25.254 14.8973 3.6195 4.0154 4.1028 3.6866 2.9398 2.8421 2.7053 4.7645 10.3605 6.2282 5.7829 2.8094 2.8316 2.6471 2.605 2.5746 2.5536 9.5487 9.6234 11.305 4.7194 4.9047 4.9061 13.0481 12.9973 12.9828 12.6842 2.6521 8.5743 8.3332 8.3451 
20.2864 20.3035 20.3233 20.346 20.1016 20.1305 20.1633 24.0519 24.1611 24.2898 24.4408 31.1838 31.3222 33.9369 34.1728 34.2729 35.7258 35.4332 35.9038 35.9082 36.2165 36.2111 36.4434 36.7622 36.8018 37.3179 37.6494 38.2616 38.6552 38.8408 38.8532 38.4557 37.7189 36.8589 24.1941 8.2188 5.8151 4.3763 3.5844 2.7981 2.4204 2.0748 5.3677 7.2506 7.5001 7.1185 6.759 2.8485 2.8514 2.6292 2.5845 2.5664 2.5533 9.5408 9.5975 11.3191 4.7172 4.8947 4.896 13.0673 12.9857 12.9751 12.6873 2.6534 8.5857 8.3338 
20.307 20.3246 20.3446 20.0969 20.122 20.1503 24.0667 24.1623 24.2735 24.4026 31.1904 31.3071 31.4423 34.156 34.2386 35.7188 36.1308 35.9016 36.2229 36.2197 36.2163 36.7789 36.7747 36.8024 37.3218 37.6323 38.2621 38.8051 38.8264 38.7989 38.3571 38.1832 35.9255 32.8032 28.0764 15.481 15.9666 5.6923 4.0708 2.9639 2.7951 2.3832 3.1524 6.6574 7.3462 7.2883 7.1981 7.0128 2.8591 2.8585 2.6197 2.5736 2.5618 2.5528 9.4843 11.166 11.3319 4.7151 4.8875 4.8886 13.0818 12.979 12.971 12.499 2.6542 8.5941 
20.3256 20.3434 20.3634 20.1149 20.1395 24.0786 24.1628 24.2598 24.3713 31.1958 31.2955 31.41 34.1435 34.2125 35.7131 36.1309 35.8992 36.2234 36.2214 36.784 36.7922 36.7831 36.8034 37.1589 37.7629 38.2635 38.4601 38.8215 38.7813 38.3408 38.2657 35.2318 32.0676 27.8657 24.4042 14.2861 6.2481 3.7018 3.9426 2.4766 2.9328 3.945 3.4251 3.67 6.77 7.267 7.2454 7.2311 7.1219 2.8627 2.8615 2.6139 2.5672 2.5589 2.5524 9.4794 11.1752 11.3431 4.7132 4.8821 4.8831 13.0929 12.9751 12.9691 12.495 8.7287 
20.3422 20.36 20.1088 24.0231 24.0883 24.1629 24.2482 24.3454 28.0541 31.2865 31.3846 34.1339 34.1924 34.2577 36.1307 35.8968 36.2235 36.2221 36.7945 36.8015 36.7891 36.8045 37.1558 37.7632 37.799 38.5482 38.6526 38.3834 38.3378 36.0964 33.2971 32.092 31.1847 18.67 14.7845 5.2451 3.752 3.3222 2.694 2.2617 2.4132 3.6807 3.6586 3.2862 3.7184 6.7877 7.2416 7.2322 7.2512 7.1939 2.8641 2.8628 2.8621 2.563 2.5569 2.5519 9.4788 11.7005 11.3529 4.6509 4.8779 4.8788 13.1018 12.9731 12.9684 12.4929 
20.3571 20.1036 24.0375 24.0962 24.1628 24.2383 27.801 27.9174 31.2794 31.598 34.1265 34.1766 34.2323 36.1304 35.8944 36.2233 36.7979 36.8022 36.8083 36.8165 36.8056 37.1545 37.7643 37.7908 38.5469 38.6473 38.3742 38.3519 36.0226 33.1852 32.1426 26.3025 17.0037 15.446 9.6657 5.4728 5.0755 7.5531 5.1591 2.6332 2.3443 2.3414 3.6458 3.5644 3.7891 3.7307 6.7927 7.232 7.2274 7.2653 7.2228 2.8646 2.8635 2.5557 2.5601 2.5554 2.5516 9.4805 11.7041 11.3614 4.6482 4.6588 4.8754 13.109 12.9723 12.9686 
20.3703 24.0496 24.1026 24.1624 24.2297 27.7983 27.9014 31.2736 31.5867 34.1206 34.1639 34.212 36.13 35.8922 36.223 36.8043 36.8082 36.8134 36.8203 36.8066 37.2336 37.7657 37.7859 38.5464 38.6442 38.3693 38.3531 33.2929 33.147 26.7899 20.0599 19.1941 12.9876 11.4456 6.6101 6.9985 8.7286 13.0628 8.1625 5.8914 2.4444 2.3255 3.6574 3.6258 3.5282 3.7705 3.7345 6.7947 7.2281 7.326 7.2757 7.2429 2.8647 2.8637 2.5529 2.5511 2.5544 2.5512 9.4832 11.7079 11.3689 4.646 4.6551 4.8726 12.9783 12.9723 
24.0598 24.108 24.1619 24.2222 27.7959 27.8878 31.5022 31.5773 34.1159 34.1537 34.6957 36.1295 36.223 36.8067 36.8093 36.8128 36.8174 36.8232 37.1406 37.2353 37.2563 37.9 38.5464 38.6424 38.3664 38.3542 33.2434 33.1342 26.6176 19.8489 13.4608 12.9416 12.0996 10.1441 7.1906 7.808 8.7713 9.5169 8.3008 7.1101 5.8566 2.4239 2.3188 3.6873 3.6143 3.6563 3.7599 3.7357 7.167 7.2265 7.3211 7.2836 3.3458 3.3417 2.8638 2.5509 2.5495 2.5535 2.6278 9.4863 11.7116 11.3755 4.6442 4.652 4.8703 12.9754 
24.1124 24.1613 24.2157 27.7937 27.8762 31.5024 31.5694 31.6435 34.1453 34.6856 34.7326 36.2225 36.8109 36.8134 36.8165 36.8205 36.8255 37.1435 37.2369 37.2541 37.8989 38.5465 38.5557 38.211 36.04 33.2155 26.7319 26.5247 19.7502 13.2898 12.9358 12.4127 10.6368 7.2056 7.4814 7.9523 8.2017 8.4425 7.8742 7.2458 6.3844 5.8665 2.4132 3.6379 3.6995 3.6407 3.6441 3.7533 3.7359 7.1638 7.226 7.3189 7.29 3.3474 3.344 2.8638 2.5493 2.5482 2.5529 2.6276 9.4897 5.0379 11.3814 4.6427 4.6495 12.9458 
24.1607 24.2099 27.7918 27.8661 31.5026 31.5626 31.6287 34.1383 34.6772 34.7188 36.8126 36.8144 36.8167 36.8196 36.8231 36.8274 36.8326 37.2383 37.2526 37.8984 37.9144 38.2841 38.21 36.027 33.248 26.6388 26.4721 19.7016 13.1997 12.9439 11.085 10.8935 10.6819 7.353 7.5851 7.6135 7.8499 7.9609 7.759 7.1913 6.5812 6.1766 5.8834 2.7455 3.6646 3.7052 3.6338 3.6366 3.7488 3.7357 8.5178 7.2259 7.3181 7.2951 3.3486 3.3458 2.8638 2.5481 2.5472 2.5523 2.6274 9.493 4.4643 11.3866 4.6415 4.6475 
24.2048 27.79 27.8573 31.5027 31.5568 31.6161 34.6363 34.6702 34.7072 36.8157 36.8174 36.8195 36.8221 36.8252 36.8289 36.8334 37.2396 37.2517 37.8982 37.9115 38.2828 38.2093 36.0184 33.2398 26.5777 26.4413 19.6774 13.1491 12.9559 11.1743 11.044 10.8973 7.2888 7.4243 7.6036 7.4966 7.6284 7.6908 7.6621 7.0986 6.8675 6.3554 6.0855 5.8988 3.6431 3.6795 3.7081 3.6294 3.6316 3.7455 3.7353 8.5193 7.2261 7.3181 7.2994 3.3495 3.3471 2.8637 2.5472 2.5464 2.5519 2.6272 9.4962 4.4662 4.6344 4.6405 
27.7884 27.8496 31.5028 31.5517 31.6052 34.6338 34.6643 34.6975 36.8183 36.8199 36.8218 36.8241 36.8269 36.8302 36.8341 37.2407 37.2511 37.8982 37.9094 38.2818 38.2089 33.2464 33.2349 26.5362 19.9745 13.236 13.1192 12.9685 11.2343 11.1403 11.0342 10.9221 7.3393 7.4523 7.5883 7.3981 7.4791 7.5186 7.5073 7.0092 6.8468 6.411 6.2173 6.0403 5.9114 3.6621 3.6885 3.7097 3.6262 3.628 3.7431 3.7349 8.5208 7.2264 7.3185 7.303 3.3502 3.3482 2.8636 2.5464 2.5458 2.5515 2.6271 9.4993 4.4677 4.6342 
27.8428 31.5028 31.5473 31.5957 34.6318 34.6593 34.6891 36.8205 36.822 36.8238 36.8259 36.8284 36.8313 36.8348 37.2417 37.2508 37.2611 37.9079 38.2811 38.2086 33.2372 26.5849 26.5074 19.9447 13.1977 13.1012 12.9804 11.2769 11.2061 11.1264 11.0404 7.2885 7.3654 7.4575 7.586 7.3189 7.3725 7.3996 7.3957 6.9319 6.8135 6.4357 6.2837 6.1401 6.0158 5.9218 3.6743 3.6942 3.7105 3.624 3.6255 3.7412 3.7345 8.5224 7.2267 7.3192 7.3061 3.3508 3.349 2.8635 2.5458 2.5452 2.5512 2.627 4.7691 4.4689 
31.5027 31.5434 31.5875 34.6301 34.655 34.682 36.8224 36.8238 36.8255 36.8274 36.8297 36.8323 36.8353 37.2427 37.2506 37.2595 37.9068 38.2806 38.2084 33.2305 26.5544 26.487 19.9244 13.1711 13.0902 12.9913 11.3085 11.2534 11.1916 11.1243 7.2554 7.3107 7.3764 7.4513 7.2056 7.2553 7.2928 7.3125 7.312 6.8667 6.7776 6.6859 6.3147 6.2086 6.0935 6.0018 5.9302 3.6825 3.698 3.711 3.6222 3.6235 3.7397 3.7342 8.5239 7.3328 7.3199 7.3087 3.3512 3.3496 2.8634 2.5453 2.5448 2.5509 2.6269 4.772 