ncols 77 
nrows 74 
xllcorner 158351.483994
yllcorner 383879.285004
cellsize 0.25
nodata_value -9999 
18.5065 20.2353 21.3899 23.7114 23.7356 24.1014 23.4958 27.2675 26.8732 26.8806 31.2157 31.2518 32.6108 39.4845 40.9676 40.944 40.9153 41.1114 41.0812 40.4854 40.486 40.4899 40.4977 40.5094 40.5245 40.5417 40.5596 40.5766 40.5917 40.6044 40.6145 39.4468 34.5698 36.1444 36.0955 36.0566 34.8389 34.8302 34.8236 34.8185 34.8147 34.8117 31.3693 31.3351 31.3042 27.6801 32.4365 32.3626 22.4024 22.3419 22.2869 22.2373 16.2393 16.203 16.17 16.14 16.113 16.0886 12.0845 12.0684 12.0538 6.8097 6.0879 6.0765 6.0003 5.9875 4.2023 4.1946 3.0201 3.018 2.3987 2.3986 2.3985 2.3721 2.3328 2.3362 2.3364 
18.502 18.507 20.235 21.3898 23.7084 23.7364 24.102 23.4981 27.267 26.8747 26.8836 31.2165 31.2608 32.6318 39.4869 40.9633 40.933 41.1193 41.0841 40.4705 40.4694 40.4724 40.4808 40.495 40.5144 40.5369 40.5599 40.5811 40.5991 40.6134 39.4561 34.6156 36.1564 36.0942 36.0462 34.8328 34.8231 34.8161 34.811 34.8073 34.8046 31.3841 31.3441 31.308 32.5213 32.4259 32.3427 22.4267 22.3578 22.2956 22.2396 16.2509 16.2101 16.1733 16.1401 16.1102 16.0834 12.0838 12.0662 12.0503 6.8117 6.0901 6.0777 6.001 5.9872 4.2021 4.1939 3.0197 3.0175 2.3987 2.3985 2.3984 2.372 2.3361 2.3363 2.3364 2.2069 
17.9147 18.5019 18.5077 20.2347 21.3898 23.7048 23.7375 24.1027 23.5008 27.2662 26.8763 26.8871 31.2176 31.2733 32.6615 39.4903 40.9579 40.9176 41.0926 41.0442 40.4487 40.4496 40.4581 40.4756 40.5014 40.5318 40.5624 40.5892 40.6105 39.4685 39.4694 34.5437 36.0919 36.0313 34.8236 34.8129 34.8058 34.8009 34.7977 34.7956 31.4028 31.3553 31.3127 32.5223 32.4133 32.3191 24.2185 22.3778 22.3067 22.243 16.2645 16.2186 16.1772 16.1401 16.107 16.0774 12.083 12.0637 12.0462 6.8139 6.0926 6.079 6.0665 5.9868 4.202 4.193 3.0194 3.0169 2.3986 2.3985 2.3983 2.3328 2.3361 2.3363 2.3364 2.207 2.2069 
18.2611 17.9144 18.5017 18.5085 20.2344 21.3899 23.7001 23.7389 24.1035 23.5042 27.2648 26.8781 26.8915 31.2191 31.2912 37.8779 40.9921 40.9507 40.8945 41.0521 40.9824 40.4194 40.4264 40.4481 40.4839 40.5274 40.5694 40.6035 40.628 39.4876 34.5923 36.0878 36.0088 34.8093 34.7979 34.7912 34.7874 34.7853 34.7842 31.4268 31.3696 31.5669 32.5238 32.3982 32.2907 24.2456 22.403 22.3211 22.2481 16.2809 16.2286 16.1819 16.1402 16.1032 16.0704 12.0822 12.0608 12.0416 6.8164 6.8063 6.0804 6.0667 5.9863 4.2018 4.1921 3.0189 2.3987 2.3985 2.3984 2.3982 2.3328 2.3361 2.3363 2.3364 2.2071 2.207 2.2069 
18.456 18.2611 17.9139 18.5015 18.5095 20.234 21.3902 23.6942 23.7407 24.1044 23.5086 27.2625 26.88 26.8971 31.2213 31.3184 37.9174 40.9985 40.9407 41.0742 40.9856 40.3791 40.3802 40.4063 40.4594 40.5259 40.5858 40.6285 39.5154 34.6718 36.0802 35.9731 34.786 34.7752 34.7704 34.7688 34.7688 33.2134 31.4583 31.3883 31.5876 32.526 32.3798 32.2562 24.2804 22.4351 22.3398 22.2554 16.3005 16.2407 16.1874 16.1403 16.0987 16.0621 12.0814 12.0575 9.2998 6.8192 6.808 6.0819 6.0669 5.9856 4.2016 4.191 3.0185 2.3986 2.3984 2.3983 2.3718 2.3327 2.3361 2.3363 2.3364 2.2071 2.207 1.9853 1.9848 
17.9299 18.455 18.261 17.9134 18.5013 18.5108 20.2337 21.3906 23.6863 23.7432 24.1052 23.5144 23.5192 26.8819 26.9046 31.2249 31.3624 37.9873 41.0122 40.9258 41.0128 40.8633 40.3098 40.3363 40.4228 40.5353 40.6228 39.5622 34.8152 36.0658 35.9121 34.7461 34.7392 34.7398 34.7431 33.219 33.2381 31.5006 30.8368 31.6153 32.5289 32.3572 29.1488 26.9346 24.2226 22.3643 22.2656 22.1795 16.2553 16.1941 16.1404 16.0933 16.0523 12.0804 12.0537 9.3 6.8223 6.8099 6.0835 6.067 5.9848 4.2014 3.0213 3.0179 2.3985 2.3983 2.3982 2.3718 2.3327 2.3362 2.3363 2.3365 2.2072 2.2071 1.9854 1.9849 1.8281 
18.4664 17.9298 18.4537 17.9158 17.9126 18.501 18.5125 20.2334 21.3914 23.6757 24.5252 24.106 23.5223 23.5282 26.8836 26.915 31.2312 34.0016 38.1213 41.0437 40.902 40.8886 40.2005 40.2011 40.3639 40.584 40.7052 35.1132 36.0362 35.7965 34.6723 34.6798 34.6939 33.2216 33.2543 33.2745 33.2864 30.8915 31.6528 32.5327 32.3289 26.9802 26.9407 24.2615 22.3968 22.2801 22.1789 16.2733 16.2023 16.1405 16.0869 16.0406 12.0794 12.0493 9.3001 6.8258 6.8119 6.0853 6.067 5.9838 4.2011 3.0211 3.0173 2.3984 2.3982 2.398 2.3326 2.336 2.3362 2.3363 2.2075 2.2073 2.2072 1.9855 1.985 1.8463 1.826 
18.4686 18.4663 17.9296 18.4521 17.9155 17.9115 18.5007 18.5148 20.2332 21.3929 23.6608 24.5205 24.1066 23.5339 23.5414 26.8842 26.9305 31.2441 34.1158 42.3377 41.1286 40.861 40.5618 39.8795 40.272 40.79 39.8275 35.9724 35.5421 34.5213 34.577 33.2091 33.2754 33.3115 33.33 33.3381 30.9678 31.704 33.4667 32.2931 26.9988 26.9499 26.9083 22.4406 22.3005 22.1802 16.2958 16.2125 16.1406 16.079 16.0264 12.0782 12.0441 9.3003 6.8298 6.8142 6.0873 6.0668 5.9826 4.2008 3.0208 3.0166 2.3983 2.3981 2.3979 2.3326 2.336 2.3362 2.3364 2.2076 2.2074 2.2073 1.9857 1.8783 1.8463 1.8259 1.8237 
19.8836 18.4689 18.4661 17.9293 18.4499 17.9148 18.486 18.5001 18.5181 20.2332 21.3954 23.6391 24.5125 24.1064 23.5519 23.5621 26.8808 26.9565 31.0586 34.4281 42.4426 41.4344 41.0363 39.3145 40.7832 40.6931 32.7767 31.2328 34.1632 33.1131 33.2981 33.3789 33.4105 33.4188 33.4159 31.0761 33.5983 33.4029 29.2667 27.0566 26.9638 26.9118 24.2248 22.3296 22.1843 16.3242 16.2253 16.1408 16.0692 16.0089 12.0769 12.038 9.3004 6.8345 6.8167 6.0894 6.0665 4.2887 4.2759 3.0204 2.3985 2.3982 2.398 2.3977 2.3326 2.336 2.3362 2.3364 2.2077 2.2075 2.2074 1.9858 1.8784 1.8464 1.8258 1.5449 1.5429 
20.4385 19.8818 18.4692 18.4658 17.9288 18.4469 17.9139 18.4816 18.4994 18.5228 20.2336 21.4 23.606 24.4978 24.1039 23.2698 23.5992 26.8628 27.0109 31.2252 35.4809 42.7142 43.4997 42.2542 41.7296 33.8461 29.3072 30.0845 33.2532 33.5439 33.6028 33.5947 33.5675 33.5366 31.233 33.5545 33.3092 29.2636 27.0914 26.9855 26.9185 24.2844 22.3714 22.1929 16.361 16.2416 16.141 16.057 15.9872 12.0755 12.0305 9.3005 6.8398 6.8195 6.2019 6.0659 4.289 4.2746 3.02 2.3984 2.3981 2.3978 2.3325 2.3325 2.336 2.3362 2.3364 2.2078 2.2077 1.9867 1.9859 1.8785 1.8463 1.8256 1.5449 1.5428 1.342 
20.4496 20.437 19.8792 18.4695 18.4654 18.3863 18.4425 17.9122 18.4751 18.4983 20.183 20.2349 21.4088 23.5525 24.4674 24.0941 23.345 23.6807 26.7748 27.1334 32.0796 39.519 42.8336 42.1161 25.4842 25.2212 26.0187 34.6875 34.4159 34.1479 33.9588 33.8249 31.4964 33.0387 33.4816 30.1445 27.2286 27.1441 27.0196 26.931 26.8601 22.4326 22.2088 18.3883 16.2629 16.1413 16.0413 15.9597 12.0739 12.0215 9.3007 7.5179 6.8227 6.2033 6.0649 4.3148 4.273 3.0195 2.3983 2.3979 2.3976 2.3324 2.3357 2.336 2.3363 2.3365 2.208 2.2078 1.9868 1.9861 1.8786 1.8463 1.8254 1.5449 1.5426 1.3418 1.0908 
20.8284 20.4505 20.435 19.8756 18.47 18.8471 18.3815 18.4361 17.9095 18.4652 18.4966 20.1624 20.2385 21.4275 23.4609 24.3934 24.055 23.5382 23.9504 26.0376 32.2736 33.1581 34.4947 31.027 26.5302 27.2083 36.3588 36.7088 35.3576 34.6411 34.2528 31.8442 33.0116 30.1437 27.9394 28.0411 27.2262 27.0754 26.9537 26.8579 24.2167 22.2365 18.4094 16.2913 16.1416 16.0208 13.0219 12.072 9.9462 9.4211 7.5217 6.8262 6.2047 6.0634 4.3142 3.0616 3.0189 2.3982 2.3978 2.3974 2.3323 2.3357 2.336 2.3363 2.2084 2.2082 2.208 1.987 2.0998 1.8786 1.8462 1.8252 1.5449 1.5424 1.3416 1.0909 1.0901 
21.892 20.8307 20.4515 20.432 19.4062 18.4705 18.8444 18.3743 18.4259 17.9046 18.449 18.4936 20.1264 20.2481 20.2909 20.7783 23.1269 22.5559 24.5332 26.3365 28.5342 23.5056 19.8133 20.4295 21.9308 31.8888 35.0527 35.5546 35.3962 33.2405 32.1513 32.5158 27.302 27.8705 28.0298 28.2707 27.1938 26.9957 26.8601 26.7603 22.284 18.4399 17.5539 16.1419 15.9935 13.0183 12.0699 9.9486 9.4196 7.526 6.8302 6.8026 6.0612 4.3133 3.0614 3.0183 2.398 2.3976 2.3972 2.3323 2.3357 2.3361 2.3364 2.2086 2.2083 2.2081 1.9872 1.8161 1.8787 1.8461 1.8249 1.5449 1.5422 1.3413 1.091 1.0902 1.0363 
22.8829 20.8464 20.8337 20.4527 20.4273 19.4057 18.4712 18.8402 18.363 18.4088 17.895 18.4202 18.4877 20.0546 20.2775 20.6055 21.1745 21.1965 20.5519 23.4381 16.1449 16.1441 17.1828 18.5903 20.2485 29.4483 32.9286 33.7256 33.2734 32.946 29.0606 26.9172 27.7092 27.9892 28.2973 27.342 27.0755 26.8731 26.7282 22.3656 18.4858 17.56 16.1422 15.9561 13.0135 12.0674 9.952 9.4176 7.531 6.8348 6.8021 6.1694 4.312 3.0612 2.3984 2.3978 2.3973 2.3321 2.3322 2.3357 2.3361 2.3365 2.2088 2.2085 2.2083 2.1007 1.8162 1.8787 1.7078 1.8245 1.5448 1.5419 1.1571 1.1558 1.0902 1.0362 1.0363 
22.8885 22.8802 20.8539 20.8379 20.4541 20.1977 19.405 18.4721 18.8334 18.3439 17.8899 17.5678 17.6407 18.4731 19.8808 20.3997 21.9011 22.4929 17.2403 15.0668 14.8145 15.4654 15.2813 17.0538 19.2677 20.9529 28.8217 31.3691 31.238 27.7396 26.5999 27.2823 27.8557 28.6856 28.3512 27.2337 26.9122 26.6865 25.5343 18.5581 17.5675 16.1423 13.1052 13.0068 12.6401 9.9567 8.1752 7.5369 6.84 6.8008 6.163 4.3101 3.0609 2.3983 2.3976 2.397 2.332 2.3321 2.3358 2.3362 2.3365 2.2091 2.2088 1.9889 2.1007 1.8163 1.7523 1.7074 1.4917 1.5447 1.5416 1.1574 1.156 1.0903 1.0361 1.0362 1.0244 
22.8957 22.8871 21.8723 20.8645 20.8438 20.4557 20.1895 19.4044 18.8534 18.4114 17.5809 17.839 17.2914 17.642 18.4195 18.8186 21.4038 22.1011 16.7148 18.2836 13.6598 15.976 15.0929 16.0036 18.7011 20.4197 21.369 26.6207 24.5233 25.1691 26.1689 27.3134 28.1837 28.76 28.2304 27.016 26.6338 25.4258 18.6775 17.5774 17.311 14.0309 12.9971 12.6119 9.9637 8.1851 7.5439 6.846 6.7981 4.3388 4.3073 3.0606 2.3982 2.3974 2.3967 2.3319 2.3352 2.3358 2.3363 2.2098 2.2094 2.209 2.1021 2.1006 1.8163 1.7522 1.7069 1.4915 1.4893 1.5412 1.1578 1.1562 1.0904 1.036 1.0361 1.0243 1.0249 
22.9051 22.8965 22.8851 21.8751 20.8806 20.8528 20.4575 20.1742 19.404 18.8531 18.4142 17.5841 17.2295 17.2184 17.4584 18.3661 17.1093 16.9595 12.0345 13.5142 17.1365 12.7536 14.6533 17.2114 18.1847 21.9788 25.0235 26.65 24.8995 24.1258 27.1652 27.3842 29.1264 28.4683 27.2375 26.5803 25.2278 21.0867 17.5927 17.2085 14.0569 12.9823 10.899 9.9743 8.1984 7.5523 6.8528 6.7931 5.0495 4.3031 3.0601 3.0485 2.397 2.3962 2.3317 2.3352 2.3358 2.3364 2.2102 2.2098 2.2093 2.1021 1.8192 1.8163 1.7519 1.7062 1.4912 1.4888 1.5407 1.1582 1.1565 1.0906 1.0895 1.036 1.0241 1.0248 1.0254 
21.5844 22.9089 22.8975 22.882 21.8776 20.9067 20.868 20.4586 20.1419 19.405 18.8539 18.4071 17.5809 17.0658 16.5154 17.1225 15.4765 12.6821 10.4488 10.0477 17.6342 11.838 24.0782 18.583 22.679 25.9673 27.6575 27.5072 25.1861 24.3384 25.7466 28.5242 32.0152 26.6175 26.5902 22.9084 21.0632 18.3373 16.1183 14.3966 12.9579 10.9077 10.0852 8.217 7.5624 7.5108 6.7843 5.0488 4.2966 3.0593 3.0452 2.3966 2.3957 2.3315 2.3352 2.3359 2.3366 2.2107 2.2102 2.1043 2.1021 1.8194 1.8162 1.7514 1.4472 1.4909 1.4882 1.54 1.1587 1.1568 1.0907 1.0895 1.0358 1.0239 1.0246 1.0253 1.9982 
21.6052 21.6032 21.5968 22.8992 22.8764 21.8785 20.7219 20.2245 20.7514 20.0616 19.4139 18.863 18.2891 18.1215 18.6323 14.5618 11.2948 10.431 9.9446 9.2007 11.5334 16.6285 20.7131 33.8838 36.1845 26.2677 31.8049 30.5713 24.3053 24.2569 30.214 36.167 32.2106 27.1666 22.6814 21.7821 17.8988 16.2224 14.3848 12.9136 10.9246 10.085 8.2447 7.5743 7.5042 6.7685 5.0466 4.2866 3.0582 3.0406 2.3961 2.331 2.3312 2.3352 2.3361 2.3368 2.2113 2.2106 2.1044 2.102 1.8195 1.816 1.7508 1.4469 1.4903 1.4874 1.5393 1.1593 1.1571 1.0909 1.0896 1.0357 1.0358 1.0245 1.0252 1.997 2.0016 
21.6285 21.6314 21.6308 21.6235 22.0477 21.8771 21.8738 20.7929 20.3276 20.6804 19.8161 19.5094 18.9025 17.1866 14.853 13.8134 10.7261 9.8792 8.9545 8.36 8.9217 13.0583 25.7327 20.0223 19.6287 16.8881 34.2326 29.2734 22.8352 24.9216 27.8922 28.0881 25.2534 24.4765 20.0998 18.7422 16.3446 14.3764 12.253 10.9631 10.7828 8.2889 7.5877 7.4879 5.1192 5.0415 3.6913 3.0564 3.0339 2.3954 2.3306 2.3308 2.3353 2.3363 2.3371 2.212 2.2112 2.1045 2.1017 1.8196 1.8155 1.7499 1.4464 1.4896 1.4865 1.218 1.1601 1.1576 1.0912 1.0896 1.0355 1.0356 1.0243 1.0251 1.9956 2.0007 2.0054 
21.6533 21.6628 21.6708 21.6743 21.6672 21.6368 21.8616 20.7324 20.9117 20.6497 20.2412 18.8401 19.3646 14.5586 10.8067 10.1769 10.4822 9.2368 8.5222 7.8531 7.8723 9.379 11.9306 12.4763 12.7409 13.8478 23.2515 21.0217 21.237 32.6283 26.7006 24.5813 22.2855 20.5099 19.0041 17.1593 15.3796 12.4681 11.0688 9.3236 8.3646 7.5992 7.4493 5.144 5.0305 3.6897 3.0534 2.4056 2.3944 2.33 2.3338 2.3354 2.3366 2.2139 2.2128 2.1084 2.1045 2.1013 1.8194 1.8148 1.4179 1.4456 1.4426 1.4852 1.2183 1.161 1.1581 1.1556 1.0898 1.0353 1.0354 1.024 1.0249 1.994 1.9997 2.0049 2.9936 
22.0067 21.6951 21.7143 21.7342 21.7506 21.7501 21.6955 21.7816 20.8037 21.1276 21.2854 15.6731 12.154 9.8903 9.4322 9.2143 9.2721 7.4072 7.6893 7.3798 6.9439 6.9702 8.0939 9.4466 12.1666 15.2313 16.628 24.2706 27.9286 29.6068 25.8112 22.6861 21.0488 19.8086 16.9546 15.4035 14.1784 11.2389 9.6316 9.0724 8.1255 6.393 5.1843 5.0059 3.687 3.0478 2.4046 2.402 2.3291 2.3336 2.3356 2.3372 2.2153 2.2139 2.109 2.1044 1.8252 1.8189 1.8136 1.4174 1.4445 1.4411 1.4835 1.2187 1.2189 1.1588 1.1559 1.0899 1.0882 1.0352 1.0237 1.0248 1.992 1.9984 2.0042 2.9925 2.9975 
22.004 22.0255 22.0545 22.0948 21.8454 21.9053 21.9511 21.8268 20.7304 20.4169 17.5094 13.1765 12.2142 9.436 8.9623 9.5404 9.4007 7.9937 7.914 7.4149 6.5967 6.3915 6.6701 8.55 10.2466 15.5446 25.6119 34.8798 25.0256 23.7527 22.9941 19.9283 18.3678 15.716 14.2446 11.8041 10.6204 9.5888 8.6958 7.4077 6.4273 5.6804 4.949 3.6815 3.0321 2.4029 2.3993 2.3278 2.3334 2.3361 2.338 2.2172 2.2153 2.1094 2.1039 1.8253 1.8179 1.4845 1.4165 1.4429 1.4392 1.1316 1.2191 1.2194 1.1597 1.1563 1.0901 1.0881 1.0349 1.0234 1.0246 1.0256 1.9968 2.0033 2.9913 2.9969 3.0019 
21.9957 22.0162 22.0448 22.0871 22.1539 22.2691 22.2774 22.7035 21.9293 18.3604 14.7652 13.9461 11.3835 10.4019 9.1547 9.5175 9.8514 9.8456 8.9498 8.4373 7.1061 5.44 4.7642 5.5236 10.2524 21.6426 20.623 29.7341 22.9704 22.5487 20.497 18.7502 15.7952 13.0872 12.5514 10.0356 9.6863 8.1931 7.1245 6.312 5.6545 4.4208 3.6633 2.9946 2.3996 2.3942 2.3255 2.3335 2.3371 2.3394 2.2197 2.1184 2.1098 2.103 1.8249 1.8162 1.3213 1.4151 1.2393 1.4365 1.1318 1.2197 1.22 1.1608 1.1569 1.0904 1.0881 1.0345 1.0229 1.0243 1.0255 1.995 2.0023 2.9898 2.9961 3.0017 3.0068 
21.0214 21.0586 21.1079 21.1763 21.2779 21.4446 21.7669 22.5825 19.9196 15.2605 14.0969 13.2326 12.3336 11.6857 11.2116 11.6555 10.2338 10.3398 9.8202 8.585 7.6648 5.7626 3.9884 4.0285 9.1605 26.2932 23.005 22.2425 20.2127 19.7153 18.1446 14.5725 12.1081 12.0115 9.1874 8.4917 7.607 5.2944 5.5208 5.6268 4.687 3.5502 2.8491 2.3913 2.3832 2.3245 2.334 2.3391 2.3419 2.2234 2.1209 2.1096 2.1012 1.8237 1.8133 1.3202 1.4127 1.2357 1.0826 1.1319 1.2205 1.2208 1.1622 1.1576 1.0907 1.088 1.0341 1.0344 1.0239 1.0253 1.9927 2.001 2.9881 2.9951 3.0015 3.0072 3.0122 
20.9833 21.0085 21.0391 21.0763 21.1201 21.1634 21.1594 20.8534 18.4657 15.3033 14.9356 14.6673 14.495 13.8454 12.4929 11.5662 11.2948 10.091 9.127 8.5002 8.9595 5.6028 2.4237 7.7318 8.4972 15.6159 19.053 19.0371 17.9965 16.8782 15.8652 12.7759 10.8004 8.5212 8.1652 6.8459 5.2706 4.7991 4.4197 4.7292 2.85 2.4737 2.3212 2.3511 2.3186 2.3362 2.3435 2.2369 2.229 2.1238 2.1086 1.8379 1.8209 1.526 1.3179 1.4089 1.2302 1.0823 1.132 1.1362 1.2218 1.1641 1.1586 1.0912 1.088 1.0336 1.0339 1.0235 1.0251 1.9898 1.9994 2.986 2.994 3.0012 3.0075 3.0132 3.974 
20.941 20.953 20.9637 20.9693 20.9602 20.9121 19.9572 19.5043 18.8493 16.3094 15.2154 15.4164 15.6399 15.0853 13.806 11.8166 11.631 11.0708 8.4848 8.1317 6.9112 5.0538 7.0754 24.3333 27.78 19.1785 17.5316 16.0379 15.2089 11.6119 11.1425 9.1535 8.4059 7.0328 6.32 4.8654 4.4901 3.937 3.4727 3.1477 2.1099 2.215 2.1929 2.3072 2.3459 2.3539 2.3132 2.1583 2.1269 2.1054 1.8369 1.6662 1.5231 1.3133 1.299 0.9448 1.0818 1.132 1.1372 1.2231 1.1666 1.16 1.1542 1.0881 1.0329 1.0333 1.0229 1.0248 1.9863 1.9974 2.9834 2.9926 3.0008 3.008 3.0143 3.974 3.9803 
20.8985 21.3447 21.3261 21.2903 21.2218 19.749 19.0023 17.9453 17.686 17.8398 15.966 15.0792 16.4044 15.5854 15.3574 14.8147 13.0992 12.1393 10.8635 8.6088 9.5048 13.7734 17.084 22.9591 20.6296 17.9029 15.1787 13.0558 12.0895 11.5316 9.7156 8.1346 6.9707 5.3407 4.1387 4.0173 3.5514 3.4135 2.6007 2.2304 1.9524 2.1788 2.3343 2.392 2.3802 2.3237 2.1809 2.1295 2.0972 1.6896 1.664 1.5164 1.3047 0.9421 0.9444 1.0809 1.1318 1.1385 1.2248 1.2249 1.1618 1.1548 1.0882 1.0844 1.0325 1.0222 1.0244 1.9818 1.9947 2.9802 2.9908 3.0002 3.0085 3.0157 3.9741 3.981 3.9872 
21.2903 21.2664 21.2285 19.7059 19.6665 18.8826 18.6335 18.5307 18.3672 18.1148 18.5386 17.3816 17.6921 18.2166 18.0208 16.1713 15.0276 13.2534 14.3534 20.3903 20.8598 20.7408 21.5061 23.1746 17.5329 14.908 13.3316 10.2818 9.9379 8.1119 7.5579 5.6326 4.5841 3.8338 3.4585 3.3894 2.3361 2.0879 1.5886 1.9634 1.937 2.0601 2.3766 2.4711 2.3352 2.2535 2.129 1.9666 1.6911 1.6553 1.4732 0.9498 0.9403 0.9437 1.0794 1.1314 1.14 1.2271 1.2271 1.1645 1.1558 1.0885 1.0838 1.0315 1.0212 1.0239 1.0262 1.9913 2.0047 2.9886 2.9995 3.009 3.0173 3.9742 3.982 3.9889 3.9949 
21.2338 21.1994 19.6622 19.6304 19.9922 18.5768 18.5466 18.4989 18.2482 18.4274 19.3868 21.6566 21.0826 21.8449 24.2916 20.5156 19.1912 16.7652 17.8373 26.6278 30.813 21.7494 23.1999 20.1061 16.3559 13.8233 11.8491 8.4035 8.503 7.5188 6.0442 3.2099 3.124 2.2694 2.0516 2.3781 1.7855 1.7195 1.5942 1.6892 1.7713 1.8375 2.0856 2.2565 2.1819 2.0319 1.831 1.674 1.6293 1.4444 0.9508 0.9371 0.9422 1.0765 1.1571 1.1421 1.3173 1.367 1.1683 1.1572 1.0889 1.0831 1.0302 1.0198 1.0231 1.026 1.9868 2.0028 2.9858 2.9986 3.0097 3.0192 3.9743 3.9833 3.991 3.9976 4.9824 
21.1863 20.1966 20.0484 19.9767 18.5471 18.5364 18.5186 20.0211 20.3913 20.4634 21.9895 26.3311 25.6328 26.4727 28.3421 24.4798 19.7796 17.9753 21.823 21.393 21.6119 22.9893 20.1093 18.1515 16.3844 11.2525 9.2742 7.3398 5.1216 3.8489 3.237 2.2538 2.1923 1.7248 1.5886 1.2837 1.5243 1.4798 1.5008 1.3779 1.474 1.4772 1.7502 1.931 1.7547 1.7087 1.6856 1.3521 1.1451 0.9518 0.9306 0.9389 0.946 1.1566 1.145 1.32 1.369 1.174 1.1595 1.0897 1.0823 1.0284 1.0179 1.0221 1.0256 1.9807 2.0001 2.9821 2.9974 3.0105 3.0215 3.9746 3.9848 3.9936 4.001 4.9845 4.9907 
20.0724 20.0303 19.9743 18.5273 18.5231 20.9219 20.9746 20.6875 20.9551 21.6417 25.7381 29.1875 31.9162 36.705 36.5662 31.9378 20.547 19.2111 21.6666 24.1387 23.1605 19.7776 16.4209 15.2993 9.4388 8.0126 5.4771 4.3603 2.8674 2.7053 2.4847 1.6412 1.2847 0.9925 0.7594 0.7554 0.7028 1.072 1.2222 1.1203 1.199 1.2823 1.4445 1.5762 1.7233 1.4298 1.38 1.1631 0.953 0.9167 0.9307 0.9445 1.1553 1.1759 1.3242 1.3725 1.343 1.1632 1.0911 1.0813 1.0259 1.0272 1.0205 1.025 1.9725 1.9963 2.9772 2.9958 3.0114 3.0243 3.975 3.9869 3.9968 4.0052 4.9871 4.9941 6.5422 
20.0219 19.9773 18.5126 21.0492 21.0782 21.1377 20.81 20.9934 24.5779 25.3583 26.4609 30.0986 35.4648 39.2035 44.388 35.1003 27.8084 39.079 24.6865 22.6673 20.6275 16.9831 13.8886 9.9785 6.9264 5.9078 3.9971 3.5469 2.5586 2.383 2.0222 1.3064 1.0476 0.7102 0.4735 0.6071 0.5212 0.6566 0.981 1.0932 1.0661 1.1985 1.2826 1.2567 1.4156 1.5493 1.1701 0.9949 0.9051 0.9053 0.9391 1.1524 1.1862 1.3317 1.4389 1.3457 1.1695 1.0937 1.0801 1.0705 1.024 1.0182 1.0241 1.9608 1.9908 2.9705 2.9935 3.0125 3.9591 3.9757 3.9895 4.001 4.9812 4.9905 4.9982 6.5423 6.5505 
19.9825 21.1257 21.1435 21.1757 21.2301 20.8663 24.381 24.8709 25.2496 25.8608 34.0047 34.8119 38.7856 36.5277 34.7177 25.7339 38.4534 26.4286 23.6537 19.341 18.3014 14.5856 13.0207 8.9531 6.8285 4.8217 3.818 2.6213 2.2588 2.0122 1.621 0.8048 0.5996 0.4804 0.4884 0.5181 0.4998 0.4542 0.6212 1.01 1.1328 1.1901 1.2235 1.2718 1.2528 1.1867 0.9799 0.8452 0.8046 0.9583 1.1476 1.2075 1.3464 1.4414 1.3509 1.1807 1.0429 1.0786 1.0655 1.0191 1.0146 1.0225 1.944 1.9826 2.9611 2.9902 3.0138 3.9567 3.9767 3.9931 4.0064 4.9843 4.9948 5.0035 6.5427 6.552 8.1452 
21.1887 21.2084 21.2394 21.2864 20.8946 24.5354 24.8101 25.2039 25.5709 34.0919 35.1613 38.6933 36.0735 33.5964 32.231 29.4399 26.2435 25.3647 22.7048 17.8733 16.2412 14.1853 10.3542 9.0972 6.0544 5.3858 3.6409 3.3046 2.0726 1.9469 1.4544 0.9175 0.7362 0.6582 0.6138 0.6776 0.6416 0.594 0.6794 0.7603 0.9927 1.1802 1.0892 1.1201 1.1196 1.029 0.9553 0.6433 0.7877 1.1827 1.2624 1.457 1.4477 1.3622 1.2355 1.0542 1.0772 1.0579 1.0114 1.0086 1.0199 1.9189 1.9701 2.9474 2.9853 3.0154 3.9536 3.9783 3.998 4.0136 4.9885 5.0005 6.531 6.5434 6.554 8.1436 8.7828 
21.2546 21.2828 21.3229 24.4878 24.6329 24.8389 25.1796 28.6231 34.0932 35.014 38.6617 35.8782 33.179 32.6058 30.83 26.3989 24.2702 23.0651 20.4328 18.2706 15.6468 13.5035 10.3533 8.6368 6.2673 4.404 3.6111 2.434 2.0297 1.6596 1.235 1.022 0.9936 0.9823 0.8793 0.8694 0.9056 0.875 0.7857 0.6178 0.5881 0.8358 0.8879 0.8563 0.7167 0.8096 0.9974 1.0098 1.1665 1.4168 1.4563 1.4717 1.4441 1.2514 1.076 1.0259 1.0459 0.9982 0.9982 1.0152 1.0281 1.9501 2.9265 2.9778 3.0175 3.9497 3.9808 4.0048 4.0233 4.9943 5.0081 6.5299 6.5444 6.5567 8.1415 8.7826 9.4493 
21.3136 21.3477 24.5803 24.6982 24.8576 25.1647 28.572 34.0329 34.9404 38.6466 35.7946 33.0 32.6936 32.167 28.4308 24.2445 22.8407 20.4953 19.1114 18.0517 16.1435 12.738 9.7301 8.3813 6.1606 3.7245 2.9327 2.1972 1.9744 1.6515 1.4613 1.3873 1.2296 1.325 1.2287 1.0109 0.9205 0.7598 0.6491 0.4991 0.4444 0.4558 0.6145 0.6334 0.5753 0.6346 0.9489 1.0297 1.2375 1.4325 1.568 1.4574 1.285 1.2208 1.0349 0.9202 0.8326 0.9783 1.006 1.0265 1.9168 2.8926 2.9655 3.0201 3.9446 3.9848 4.0148 4.0369 5.0024 5.0183 6.5289 6.5461 6.5604 8.7397 8.7822 10.0361 12.2228 
21.3653 24.6468 24.744 24.8708 25.1546 28.5469 34.0038 34.8994 37.5186 35.7501 35.6386 32.7187 32.4248 28.0887 23.1482 22.8564 20.3654 19.0483 18.7796 17.1807 13.8887 12.9105 8.7251 6.6316 4.9376 3.9244 2.6285 2.1372 1.9212 1.8657 1.9578 1.8242 1.6061 1.445 1.4115 1.1983 0.8596 0.7113 0.6357 0.4311 0.3802 0.3901 0.3312 0.3717 0.4265 0.5785 0.6787 0.7637 1.0174 1.2844 1.3469 1.2948 1.23 0.9802 0.8318 0.8142 0.9403 0.9858 1.0222 1.8581 2.8335 2.9436 3.0234 3.9377 3.9915 4.0298 4.0565 5.0142 5.0325 6.5279 6.5487 6.5656 8.7309 8.7814 10.0358 12.2187 14.745 
24.6962 24.7775 24.8805 25.1474 28.5347 30.5653 34.8748 37.4939 35.7231 35.6448 32.7256 32.5406 28.1746 28.5304 22.6137 20.3277 20.1678 17.7021 16.4226 14.8167 13.4611 11.5695 6.8914 6.2972 4.2882 3.2481 2.8612 2.1027 2.191 2.1266 2.1537 2.0692 1.8586 1.589 1.4386 1.3618 1.2902 0.7686 0.7748 0.6452 0.5023 0.3707 0.3175 0.2869 0.3611 0.4513 0.6096 0.602 0.7001 1.03 1.1354 0.8366 0.9385 0.9281 0.7078 0.7023 0.9343 1.0101 1.7502 2.7201 2.9007 3.027 3.9282 4.0036 4.0537 4.0861 5.0316 5.0526 6.5272 6.5527 7.2613 8.7192 8.7801 10.035 12.213 14.7383 15.4909 
24.8027 24.888 24.9927 30.3354 30.531 31.4913 37.4792 35.7051 35.6474 32.7263 32.5999 32.4322 28.6976 22.5964 20.314 20.2257 16.4163 16.2515 15.8504 11.7662 11.4466 7.6187 6.8407 5.174 4.5945 3.1906 2.9388 2.6092 2.414 2.4255 2.2879 2.1413 2.1118 2.0831 1.7215 1.5889 1.6094 1.2923 0.943 0.9338 0.7295 0.5174 0.4168 0.256 0.2541 0.3498 0.4252 0.579 0.6919 0.5912 0.6841 0.6857 0.5106 0.684 0.4917 0.7104 0.9639 1.0924 1.8279 2.8024 3.0286 3.9157 4.0275 4.0943 5.0225 5.0585 6.4865 6.5271 6.559 7.2856 7.3017 8.7779 10.0333 12.2051 14.7291 14.7847 15.4967 
24.894 24.9804 30.3512 30.5092 31.4504 37.47 35.6925 35.6481 32.7249 32.6333 32.5154 28.119 22.7336 20.9575 18.9516 16.3203 16.2164 14.4084 12.107 10.8168 9.2225 7.4204 6.6395 5.2431 4.2895 3.2011 2.9224 2.85 2.7825 2.499 2.6129 2.3543 2.2221 2.1569 2.1185 1.8127 1.6014 1.5431 1.2875 1.0362 0.9033 0.6271 0.5224 0.4764 0.3231 0.2467 0.2926 0.3669 0.5498 0.3667 0.3488 0.3195 0.2291 0.3966 0.5776 0.9435 1.1001 1.5919 2.5228 3.0092 3.9049 4.0808 4.1695 5.0593 5.1015 6.4744 6.5282 7.2417 7.2887 7.3088 8.7744 10.0304 10.0945 14.7165 14.7839 15.4955 15.5037 
24.9713 30.365 30.4952 31.4219 37.4642 35.6831 35.648 32.7226 32.6533 32.5663 28.1542 22.7269 20.9633 18.9283 16.869 16.2092 14.3085 12.0463 9.7414 9.3667 7.4863 6.2479 5.7406 4.8812 3.5766 3.3192 3.1903 3.0581 2.9011 2.8109 2.7609 2.7259 2.328 2.1992 2.0271 1.8945 1.66 1.4752 1.2155 1.0841 0.81 0.6662 0.5575 0.5728 0.4916 0.2951 0.0854 0.2477 0.3253 0.2913 0.2014 0.1367 0.3457 0.7611 0.8683 1.0954 1.2209 1.659 2.7963 3.9504 4.2256 4.3233 5.1282 5.8647 5.9175 6.5317 7.2575 7.2941 7.3197 8.7688 10.0252 10.1061 14.6987 14.7819 15.4938 15.504 15.512 
30.377 30.486 31.4016 37.4603 37.4912 35.6475 32.7201 32.6659 32.5993 28.1749 27.3336 19.5623 18.9178 17.468 14.4105 12.2448 12.0411 9.6165 9.4039 7.5118 5.8502 5.5995 4.7861 4.2274 3.7304 3.4569 3.183 3.0597 2.8946 2.7841 2.5425 2.3841 2.3455 2.0923 1.9064 1.7515 1.6524 1.3928 1.2698 1.0727 0.9097 0.6818 0.6433 0.5654 0.5404 0.5279 0.3838 0.3257 0.3315 0.3968 0.3589 0.2621 0.4473 0.7561 1.0662 1.2672 1.2467 1.9192 4.3765 4.7306 5.2393 5.8418 5.8688 5.9259 6.5523 7.2522 7.3038 7.3374 8.7533 10.0162 10.1212 14.673 14.7779 15.491 15.5043 15.5144 15.6411 
30.4801 31.3868 37.4578 37.4832 35.6468 32.7177 32.6742 32.6216 28.1874 27.3765 19.5447 19.4554 17.4766 14.357 12.1946 12.0478 9.5572 7.7042 7.5277 5.7439 5.6099 4.8601 4.2009 3.7736 3.5718 3.6036 3.1242 2.8936 2.776 2.6007 2.1824 2.0666 1.9659 1.8283 1.8172 1.6423 1.496 1.4522 1.2708 1.1361 1.0421 0.8902 0.7378 0.7725 0.7703 0.7349 0.7285 0.5901 0.6034 0.6728 0.5263 0.5799 0.7179 0.9647 1.2124 1.2364 1.1037 3.9555 5.4198 5.7699 5.8477 5.8813 5.919 6.5905 7.2445 7.3225 7.3679 8.7177 10.0001 10.1409 14.6347 14.7703 15.4865 15.5045 15.5175 15.6464 15.6352 
31.3759 37.4561 37.4774 35.646 32.7154 32.6797 32.6372 32.5872 27.4051 20.2228 19.4618 14.3903 14.3257 12.1664 12.0564 9.2301 7.6624 7.5411 5.7007 4.9929 4.8788 4.1847 4.0693 3.7012 3.4838 3.4685 2.9846 2.8275 2.4152 2.2266 1.9909 1.863 1.6994 1.6829 1.6337 1.6406 1.5097 1.4824 1.4811 1.2988 1.2786 1.0835 1.0873 1.0115 0.9276 0.951 0.9523 0.981 0.8248 0.6795 0.7477 0.8852 0.9165 1.1652 1.2514 1.3102 1.4383 4.7067 6.0149 5.9432 5.9253 5.9603 6.531 7.23 7.3611 7.4247 8.6608 9.9708 10.1669 14.5755 14.7558 15.4783 15.5041 15.5218 15.6541 15.6396 15.6272 
37.4549 37.4731 35.6452 35.6255 32.6835 32.6484 32.6077 27.2797 20.2169 19.4671 14.3606 14.3069 12.1496 12.0646 9.1954 7.6396 7.5519 5.6805 4.9645 4.8901 4.1836 4.1189 3.6303 3.5714 3.2121 3.0468 2.778 2.5295 2.3944 2.2383 2.0157 1.9963 1.8871 1.7399 1.6665 1.6726 1.6422 1.5745 1.6229 1.6105 1.46 1.4158 1.2863 1.4129 1.4285 1.2401 1.1833 1.1259 0.9774 0.904 0.985 1.0831 1.2004 1.3383 1.4303 2.2921 3.821 5.3687 6.0437 5.8963 6.0396 6.3852 7.1688 7.4478 7.543 8.5786 9.9153 10.2002 14.4808 14.7279 15.4626 15.5021 15.5279 15.5437 15.6462 15.6298 15.6165 
37.4698 35.6444 35.6276 32.6861 32.6567 32.6229 27.2898 20.213 19.4715 14.3405 14.2953 12.1394 9.2291 9.175 7.6265 7.5606 5.6252 4.9503 4.8985 4.186 4.1456 3.6194 3.5816 3.2352 2.963 2.8032 2.4883 2.3857 2.4002 2.3922 2.3518 2.1669 2.1089 1.9897 1.9067 2.0286 1.8207 1.8183 1.7911 1.7444 1.7875 1.7789 1.8802 1.6408 1.5394 1.5224 1.337 1.1879 1.1576 1.1844 1.1694 1.1229 1.1278 1.5609 1.0945 3.1195 4.7954 6.0407 6.1707 5.8902 6.2175 6.6926 7.6575 7.8374 11.1931 9.8089 10.2365 12.5049 14.6716 15.4291 15.4957 15.5366 15.5592 15.6567 15.634 15.6159 15.6021 
35.6437 35.6291 32.6879 32.6629 32.6344 27.2972 20.2104 19.4753 14.3265 12.1777 12.1329 9.2077 7.6589 7.6188 7.5675 4.9708 4.9429 4.9049 4.1888 4.1614 3.6129 3.5881 2.9971 2.9513 2.8684 2.6244 2.4595 2.4472 2.442 2.6143 2.6462 2.5148 2.3023 2.2323 2.2218 2.2559 2.265 2.0351 2.1117 2.069 1.8888 1.8672 1.8285 1.7641 1.5958 1.4569 1.3701 1.196 1.1756 1.15 1.224 1.24 1.5631 2.875 3.8023 6.4339 6.9192 6.7561 6.2637 6.2478 6.4466 8.246 9.5607 10.7668 8.6695 10.2482 12.4271 14.5519 15.3485 15.4753 15.5492 15.5847 15.6746 15.6409 15.6151 15.5964 15.5833 
35.6303 32.6891 32.6677 32.6433 27.3025 25.3838 16.2941 14.3167 12.1666 12.1288 9.1932 7.647 7.614 7.5731 4.961 4.9389 4.91 4.1914 3.6211 3.6092 3.3492 2.9762 2.9469 2.8996 2.6666 2.5306 2.5154 2.4884 2.6128 2.8439 2.8138 2.7306 2.4509 2.3957 2.3994 2.2788 2.2732 2.3165 2.1356 2.0969 1.9772 1.8378 1.7396 1.647 1.5096 1.3494 1.1817 0.9936 0.9269 1.1978 1.3988 1.7498 3.1666 3.9026 5.3508 7.0711 8.4871 8.047 6.4507 6.8771 7.3911 10.6596 10.7397 12.2376 14.3904 11.8735 14.2946 15.1295 15.4044 15.5655 15.6312 15.7076 15.6531 15.6135 15.5869 15.5698 15.5592 
32.69 32.6713 32.6503 27.3066 25.3955 17.3651 14.3096 12.1584 12.1261 9.183 7.6386 7.6111 6.8711 4.9546 4.9367 4.914 4.1936 3.6162 3.607 3.3456 2.9656 2.9453 2.9154 2.6887 2.5492 2.5438 2.5446 2.6005 2.7085 2.8111 2.9203 2.8926 2.5551 2.5585 2.2678 2.0703 2.0784 2.0625 2.0163 1.8534 1.7708 1.6111 1.4863 1.3984 1.3879 1.1605 1.038 0.8064 1.0206 1.3885 1.6618 2.4147 3.8255 5.0611 7.1472 8.1936 9.8627 9.8046 8.1865 9.5876 14.2231 26.8341 18.4545 16.8769 11.9865 14.3926 14.6712 15.1198 15.5677 15.7292 15.7778 15.6764 15.6091 15.569 15.5466 15.5349 15.5297 
32.6742 32.6559 27.3096 25.4048 16.9727 14.3046 12.1524 10.2789 9.1759 7.6325 7.6093 6.8678 4.9503 4.9355 4.9173 4.1955 3.6129 3.6057 3.3437 2.9596 2.9449 2.6956 2.6748 2.5587 2.5566 2.557 2.6008 2.6411 2.8114 2.8637 2.8803 2.8188 2.9532 2.5786 2.1592 1.7909 1.6915 1.7922 1.7247 1.3889 1.3667 1.4095 1.2951 1.1677 1.0587 0.9813 1.2824 1.5602 1.4443 1.7713 2.4554 3.6402 4.5991 5.3959 7.3809 9.3624 10.4217 9.6846 9.7268 13.4031 26.828 34.7011 24.3062 18.7806 15.7598 13.5916 14.0539 15.3689 15.9874 15.9608 15.7247 15.5927 15.5296 15.5025 15.493 15.4921 15.4952 
32.6604 27.3118 25.4123 16.9699 14.3009 12.1478 10.2704 9.1708 7.6281 6.9008 6.866 4.9474 4.9349 4.4959 4.4775 3.6106 3.3546 3.3427 2.956 2.9448 2.6976 2.6829 2.564 2.5632 2.5636 2.6028 2.6254 2.7418 2.8055 2.8567 2.7087 2.688 2.472 1.8836 2.0312 1.8368 1.6464 1.4852 1.3568 1.323 1.1842 1.1708 1.115 1.0854 1.0631 1.0395 1.7328 2.1529 2.1968 2.1781 3.638 3.9247 5.5452 6.9173 8.8352 9.2814 9.3246 9.4283 8.272 12.7966 20.8619 25.4239 21.2813 16.8047 14.4309 12.525 14.186 16.965 16.6333 15.8299 15.5157 15.4243 15.4074 15.4144 15.4283 15.4434 15.4577 
27.3136 25.4184 16.968 12.163 11.5913 10.264 7.6395 7.6247 6.8952 6.8652 4.9453 4.9347 4.4967 4.4815 3.609 3.3519 3.3422 2.9538 2.945 2.6989 2.688 2.5674 2.567 2.5674 2.6045 2.6187 2.7307 2.7899 2.7143 2.6987 2.6297 2.5628 2.2372 2.0724 2.0093 1.9944 1.8611 1.5707 1.3818 1.2585 1.1401 1.1045 1.0724 1.098 1.1686 1.5355 2.302 2.6484 3.0067 3.4368 4.0923 5.2096 6.8238 8.5776 10.9458 10.0628 8.9034 8.0993 8.5095 12.2579 16.4901 21.4514 17.1031 15.4617 15.2254 15.1913 17.9547 19.6576 15.9986 15.0689 15.0843 15.1785 15.2569 15.3156 15.3597 15.3936 15.4202 
25.4235 16.9666 11.6098 11.5834 10.2592 7.6353 7.1584 6.8912 6.8649 4.9438 4.9347 4.4974 3.6111 3.6078 3.3499 3.3419 2.9523 2.9453 2.6998 2.6914 2.5696 2.5695 2.5698 2.6059 2.6155 2.7256 2.7442 2.793 2.6799 2.6144 2.496 2.2822 2.2016 2.0247 2.0112 2.0213 2.1507 1.8217 1.5776 1.3395 1.2421 1.1906 1.1277 1.343 1.3684 1.9416 2.6848 3.246 4.1491 4.6 4.9099 6.4406 8.7488 10.8623 10.8954 9.479 9.0808 8.1242 8.1989 15.6546 20.3769 16.5044 15.2066 13.9135 14.5932 16.2635 17.1478 15.8953 13.0521 14.0168 14.6347 14.9456 15.1193 15.2266 15.2982 15.3489 15.3865 
16.9656 11.6012 10.2821 10.2555 7.6319 6.9083 6.8881 6.8651 4.9427 4.9348 4.4981 3.6097 3.6069 3.3486 3.3418 2.9513 2.9455 2.7004 2.6937 2.5712 2.5712 2.5714 2.6069 2.6139 2.6232 2.736 2.6563 2.6701 2.6648 2.4947 2.2889 2.2491 1.9949 2.0094 2.0454 2.0573 2.0475 1.9319 1.7983 1.6857 1.4136 1.2646 1.3808 1.3139 2.0632 2.406 3.5078 4.2104 4.9072 5.3765 6.7111 7.3459 10.5987 11.3682 10.8191 13.2593 10.9837 10.5352 16.9855 24.2058 24.7388 13.0225 11.1233 14.5529 14.6658 16.3158 16.0298 14.5258 13.4674 13.945 14.4938 14.8335 15.0379 15.1673 15.254 15.3151 15.36 
11.5942 10.2767 10.2527 7.1646 6.904 6.8859 4.948 4.942 4.5069 4.4987 3.6087 3.3524 3.3475 3.3417 2.9506 2.9458 2.7009 2.6955 2.5723 2.5724 2.5726 2.6077 2.613 2.6198 2.7312 2.647 2.6757 2.6641 2.493 2.2902 2.2676 2.0003 2.0082 2.0442 2.0356 2.0307 2.0004 1.9432 1.9093 1.8168 1.6561 1.3939 1.4064 2.0137 2.4152 3.2589 5.2392 5.9472 6.6049 7.1011 8.6563 10.2674 12.6111 12.3829 12.7677 19.3102 15.4791 19.8924 24.9647 32.3814 36.4657 21.5254 15.0943 15.8416 17.5485 15.9697 15.5975 14.786 14.3242 14.3678 14.6193 14.8524 15.0242 15.1456 15.2321 15.2954 15.3428 
10.2723 10.2506 7.1598 6.9005 6.8843 4.9468 4.9414 4.5064 4.4992 3.5371 3.351 3.3468 3.3418 2.9501 2.946 2.7012 2.6968 2.5732 2.5733 2.5735 2.6084 2.6125 2.6176 2.7283 2.6409 2.6381 2.6635 2.4915 2.3596 2.2761 2.1323 2.008 2.0436 2.0453 2.0253 2.0159 1.9935 1.9477 1.962 1.8031 1.7277 1.5651 2.2686 3.2504 3.919 6.6798 6.8969 10.1235 11.5868 13.0 9.5633 8.8049 8.841 11.0612 13.2049 15.6475 17.0194 20.8773 23.0023 28.8737 32.4773 26.1843 20.566 18.6175 17.6119 13.793 15.5343 15.1742 14.7733 14.7244 14.8121 14.9401 15.059 15.1557 15.2312 15.2897 15.3354 
10.249 7.1559 6.8977 6.8831 4.9458 4.941 4.506 4.4997 3.5359 3.3499 3.3462 2.9528 2.9498 2.9463 2.7015 2.6978 2.5739 2.5739 2.5741 2.609 2.6122 2.6163 2.7263 2.733 2.6344 2.6629 2.4902 2.3627 2.1536 2.1405 2.0082 2.0434 2.0443 2.0236 2.019 2.0058 1.8983 1.8885 1.7785 1.6316 1.6646 1.5906 2.4599 4.7411 6.4052 9.3549 10.6701 13.4447 14.409 13.8438 12.8463 8.3002 7.6127 8.9206 12.1278 16.5456 18.0988 19.6528 19.7002 20.9245 24.1865 23.7636 22.1028 20.5103 17.6797 13.66 14.7179 15.3506 15.1902 14.9595 14.9802 15.0426 15.1164 15.1859 15.2458 15.2956 15.3364 
7.1527 6.8955 6.8822 4.9451 4.9408 4.5058 4.5001 3.5349 3.349 3.3457 2.9521 2.9495 2.7045 2.7017 2.6985 2.6949 2.5745 2.5746 2.6094 2.6121 2.6153 2.7251 2.7303 2.6318 2.6624 2.5394 2.3643 2.1545 2.1451 2.0084 2.0434 2.0406 2.0229 2.0202 1.8836 1.8775 1.8617 1.6942 1.6141 1.5109 1.4315 1.5604 2.0012 3.86 8.7094 9.7282 11.6934 13.0603 15.5893 15.2351 11.9424 9.7804 10.2248 10.6406 11.858 16.2873 15.74 19.3241 19.2853 19.6503 20.8124 21.5036 21.0928 21.1107 18.9506 17.1418 14.6307 14.733 15.3628 15.1128 15.1083 15.1354 15.1781 15.2249 15.2696 15.3095 15.3441 
6.8937 6.8816 4.9445 4.9406 4.5056 4.5005 3.5342 3.3483 3.3454 2.9517 2.9493 2.7043 2.7019 2.6992 2.6961 2.5749 2.5751 2.6098 2.612 2.6147 2.7242 2.7284 2.6298 2.6274 2.5397 2.3651 2.1549 2.1479 2.0086 2.0073 2.0402 2.0226 2.0208 1.8806 1.8699 1.8592 1.6623 1.6203 1.5063 1.289 1.0821 1.3551 2.2753 6.4757 9.8009 12.0669 13.9324 15.2244 16.7419 14.4136 14.9839 17.138 13.457 14.5939 15.1845 16.8708 8.1199 14.8902 18.7289 19.6359 20.8641 20.1305 20.2499 21.2305 20.3413 17.9189 14.5841 14.6991 14.7629 15.433 15.203 15.2121 15.2354 15.2656 15.2974 15.3281 15.3563 
6.8812 4.944 4.5096 4.5055 4.5009 3.3501 3.3478 3.3451 2.9513 2.9492 2.7041 2.702 2.6997 2.697 2.5753 2.5754 2.6101 2.612 2.6142 2.7236 2.7271 2.6284 2.6264 2.5397 2.3655 2.3575 2.1496 1.9522 2.0069 2.0401 2.0396 2.0212 1.8768 1.867 1.7098 1.6871 1.6219 1.4225 1.3001 1.1023 1.0394 0.929 2.9215 8.5267 12.0781 15.6044 15.8999 15.9657 11.6329 17.5421 27.4914 21.4531 16.2301 16.7765 17.3026 20.6862 19.354 15.8447 17.9028 19.242 20.2763 21.2054 19.5242 19.5828 20.4629 18.1951 17.9611 14.673 14.7468 14.7983 15.5069 15.2736 15.2852 15.3039 15.3259 15.3489 15.3711 
4.9437 4.5091 4.5054 3.5347 3.3494 3.3473 3.3449 2.951 2.9491 2.704 2.7022 2.7001 2.6978 2.5756 2.5757 2.6104 2.612 2.6139 2.616 2.726 2.6273 2.6256 2.5397 2.3657 2.3592 2.1507 1.9522 2.0066 2.04 2.0396 1.9482 1.8747 1.8657 1.7014 1.6847 1.4478 1.4175 1.1947 1.0917 2.3608 2.2493 2.5347 1.5957 10.8749 18.6684 19.9665 18.5892 20.1048 15.9611 17.3792 20.5969 19.5755 18.9816 17.3343 17.5516 19.3613 17.9481 17.6292 18.1668 19.0888 19.9475 20.7078 21.3398 19.1424 19.2017 20.061 17.7799 14.6561 14.7302 14.7859 14.83 15.3225 15.3273 15.3383 15.3532 15.3698 15.387 
4.5088 4.5053 3.5341 3.3489 3.3469 3.3447 2.9507 2.9491 2.7039 2.7023 2.7004 2.6984 2.5758 2.5759 2.6106 2.612 2.6136 2.6155 2.7253 2.6264 2.6249 2.5396 2.5341 2.3604 2.1515 1.9522 2.0065 2.04 2.0396 1.9467 1.8735 1.7077 1.6969 1.6844 1.4384 1.2276 1.1929 2.7674 2.8232 5.0885 5.283 6.1422 10.96 18.1795 19.3214 19.4634 16.0838 17.7703 16.9695 17.1835 16.5937 17.2531 18.4806 17.5475 17.2213 18.9546 18.3777 18.3116 18.5964 19.1775 19.824 20.4366 20.9726 21.4108 18.9108 20.1605 17.9784 17.5442 14.7169 14.7725 14.8175 14.8554 15.3624 15.3684 15.3781 15.39 15.403 
4.5053 3.5337 3.3484 3.3466 3.3446 2.9505 2.949 2.7038 2.7023 2.7007 2.6989 2.576 2.5761 2.6108 2.6121 2.6134 2.615 2.7247 2.6256 2.6244 2.5394 2.5348 2.3612 2.152 2.1448 2.0064 2.04 2.0397 1.9457 1.8728 1.7036 1.6945 1.4917 1.2374 1.2193 1.1939 2.9704 3.0497 5.8143 6.1106 6.7787 10.1672 12.6551 16.9085 21.6025 20.5376 18.7973 15.9739 13.8639 11.5142 13.9003 15.2313 16.8983 16.705 16.8561 19.0925 18.6097 18.3005 18.9411 19.3436 19.8236 20.3079 20.754 21.1393 21.4553 18.7666 19.9228 17.7443 14.7075 14.7607 14.805 14.8426 14.875 15.3944 15.4005 15.4089 15.4185 
3.3494 3.3479 3.3463 3.0809 3.0783 2.949 2.7038 2.7024 2.701 2.6993 2.5762 2.5763 2.5764 2.6121 2.6133 2.6147 2.7243 2.7263 2.624 2.5392 2.5353 2.3473 2.1523 2.1457 2.0064 2.04 1.9475 1.9452 1.7106 1.701 1.4982 1.4874 1.2291 1.2147 3.0433 3.0877 3.1621 6.1645 6.4021 6.8304 10.371 11.5292 13.3933 19.0629 20.6286 19.2422 15.8283 12.8636 10.5854 9.6773 11.616 13.126 14.9272 15.8342 16.2448 18.0191 16.5492 18.6193 19.2133 19.5159 19.8811 20.2641 20.6319 20.9638 21.2494 21.4861 20.0095 14.9671 14.4261 14.7514 14.7939 14.8304 14.8621 14.8899 15.4204 15.4261 15.4332 
3.3476 3.3461 3.0807 3.0783 2.949 2.7037 2.7025 2.7012 2.6997 2.5764 2.5764 2.5765 2.6121 2.6132 2.6144 2.7239 2.7257 2.6236 2.6225 2.5357 2.3476 2.1526 2.1463 1.9492 2.04 1.9468 1.9448 1.7082 1.6993 1.4937 1.4846 1.2237 1.2122 3.1162 3.1582 3.2217 6.3514 6.5311 6.8164 10.5453 11.1852 12.1889 15.6698 17.5986 17.6822 16.316 11.3952 8.493 9.6401 9.563 10.4561 12.5986 14.0447 14.7426 15.4799 17.7205 16.1911 16.4111 16.5469 19.675 19.9612 20.2677 20.5711 20.8544 21.1075 21.3257 21.5088 20.3589 14.9055 14.4439 14.7847 14.8197 14.8503 14.8773 15.4379 15.4416 15.4467 
3.3459 3.0805 3.0782 2.7046 2.7036 2.7025 2.7014 2.7 2.5765 2.5766 2.5767 2.6122 2.6131 2.6142 2.7236 2.7252 2.6233 2.6223 2.5359 2.3478 2.3441 2.1468 1.9492 2.04 1.9463 1.9446 1.7066 1.7023 1.4905 1.4829 1.2202 1.2108 3.165 3.2024 3.2553 6.4605 6.5977 6.7981 10.6564 11.0559 11.6476 12.4617 16.7551 16.6983 16.0376 13.3376 10.0847 8.1684 9.4504 10.1539 10.7361 12.2673 12.4081 14.062 14.8394 15.3361 15.8754 16.1558 16.3412 16.4706 20.0475 20.2967 20.5485 20.7899 21.0119 21.2095 21.3808 14.2573 20.18 14.4676 16.0956 14.8105 14.8399 14.866 14.8892 15.4556 15.4592 
3.0803 3.0782 2.7045 2.7036 2.7026 2.7015 2.7003 2.5766 2.5767 2.5768 2.6122 2.6131 2.614 2.7234 2.7248 2.623 2.6221 2.5361 2.3479 2.3447 2.1472 1.9492 2.0401 1.946 1.9444 1.7054 1.4936 1.4883 1.2241 1.2178 1.21 3.1986 3.2313 3.2753 6.5288 6.6359 6.7833 10.7281 10.9994 11.3808 11.8913 13.3499 16.3196 16.0003 14.7741 12.854 11.0739 10.0816 10.302 10.7842 11.0644 11.5358 13.1777 13.6651 14.3886 14.9069 15.2473 15.927 16.1435 16.2988 16.4128 20.3385 20.5493 20.7555 20.9495 21.1266 21.2843 16.7335 14.2003 14.9525 16.1293 16.1068 14.831 14.856 14.8784 14.8985 15.4705 
3.0782 2.7044 2.7036 2.7026 2.7016 2.7006 2.5768 2.5768 2.5769 2.6123 2.6131 2.6139 2.6148 2.7245 2.6228 2.622 2.5363 2.5337 2.3452 2.1475 1.9492 1.8925 1.8915 1.7072 1.7044 1.4913 1.4866 1.2216 1.2161 1.2095 3.2223 3.2508 6.5103 6.5741 6.6595 6.7721 10.7768 10.9724 11.2359 11.5788 12.9884 13.1588 15.9724 15.5857 14.3644 12.9588 11.9483 11.3179 11.2048 11.3736 11.6297 11.7423 13.2069 14.8072 14.097 14.5908 14.9483 14.1826 15.9674 16.1389 16.2678 16.3655 20.5642 20.7412 20.9108 21.0688 21.2126 21.3409 14.1884 14.1598 16.7727 16.1364 16.1196 14.8473 14.8689 14.8883 14.9058 
2.7043 2.7035 2.7027 2.7018 2.7008 2.5769 2.5769 2.577 2.6123 2.613 2.6138 2.6146 2.7242 2.6226 2.6219 2.5363 2.5341 2.3456 2.1477 1.9492 1.8922 1.8913 1.7062 1.7038 1.4895 1.4854 1.2197 1.215 3.2199 3.2396 3.2644 6.5516 6.6055 6.675 6.7636 10.8115 10.9589 11.1507 11.3943 12.7815 12.8994 15.9579 15.7415 15.3822 14.2435 13.1638 12.5238 12.079 11.8945 11.9096 12.0363 12.2191 12.2184 15.1509 13.9237 14.3722 14.72 13.8991 15.8189 15.9975 16.1355 16.2426 20.5875 20.7403 20.8889 21.0296 21.1599 21.2784 16.7114 14.1538 14.1306 16.7565 16.1455 16.1328 14.8606 14.8793 14.8963 
2.7035 2.7027 2.7019 2.701 2.5769 2.577 2.577 2.6124 2.613 2.6137 2.6145 2.724 2.725 2.6217 2.5364 2.5344 2.3459 2.1479 1.9492 1.8919 1.8912 1.7054 1.7032 1.4881 1.4845 1.2183 1.2141 3.2347 3.2523 3.274 6.5822 6.628 6.6855 6.757 10.8371 10.952 11.0975 11.2783 12.6544 12.7385 12.8095 15.8149 15.6051 14.7506 14.2397 13.355 12.9136 12.583 12.3999 12.3504 12.3965 12.5021 12.6403 13.3477 13.8332 14.2302 14.5541 13.6782 13.9925 15.8772 16.019 16.1316 16.2211 20.7482 20.8788 21.0042 21.122 21.2309 16.732 14.1464 14.1284 16.8114 16.1681 16.1555 16.1458 14.8713 14.8877 
2.7028 2.702 2.7011 2.577 2.5771 2.5771 2.6124 2.613 2.6136 2.6143 2.7238 2.7248 2.6216 2.5364 2.5346 2.3461 2.148 1.9492 1.8917 1.8911 1.7048 1.7029 1.487 1.2203 1.2172 1.2135 3.2462 3.262 3.281 6.6052 6.6447 6.693 6.7519 10.8567 10.9487 11.0627 11.2016 12.5717 12.6336 12.6904 15.8561 15.7205 15.5329 14.677 14.2806 13.5156 13.1926 12.9381 12.7746 12.7015 12.7023 12.7561 12.8442 13.4303 12.283 14.1452 14.4394 14.6807 13.8062 13.2047 15.919 16.0338 16.1269 16.2023 20.8771 20.989 21.0955 21.1952 16.748 16.698 14.1246 14.1095 16.7982 16.1755 16.1657 16.1582 14.8802 
2.7021 2.7013 2.5771 2.5771 2.5772 2.6125 2.613 2.6136 2.6142 2.7236 2.7245 2.6215 2.621 2.5348 2.3574 2.1482 1.9492 1.8916 1.7059 1.7043 1.4888 1.4862 1.2192 1.2164 1.2131 3.2552 3.2693 3.2862 6.6231 6.6573 6.6985 6.7477 10.872 10.9474 11.039 11.1488 12.5153 12.5622 12.6074 12.6451 15.7879 15.6622 14.9363 14.6502 14.3367 13.6484 13.4018 13.2005 13.059 12.9801 12.957 12.9779 13.0305 13.1037 13.8631 12.5119 14.3647 14.5882 13.6595 13.8971 15.8352 15.9492 16.0436 16.1216 16.1858 20.9815 21.0778 21.1689 16.7605 16.7154 16.6714 14.1081 14.0954 16.1933 16.1835 16.1758 16.1699 
2.7014 2.5772 2.5772 2.5772 2.6125 2.613 2.6135 2.6141 2.7235 2.7243 2.6215 2.6209 2.535 2.3575 2.1483 1.9492 1.8915 1.7053 1.7039 1.4878 1.4855 1.2182 1.2157 3.2514 3.2623 3.2751 3.29 6.6372 6.6671 6.7026 6.7444 10.8844 10.9472 11.0223 11.1112 12.4755 12.5119 12.548 12.5807 15.8312 15.7417 15.6292 14.8859 14.6486 14.396 13.7588 13.5644 13.4016 13.2801 13.2032 13.1682 13.1688 13.197 13.2451 13.9081 12.5129 14.3203 14.5242 13.5455 13.7686 13.1009 15.8773 15.9711 16.05 16.116 16.171 21.0667 21.15 21.2287 16.7295 16.6894 14.8126 14.0955 16.8302 16.1994 16.1916 16.1855 