ncols 54 
nrows 64 
xllcorner 159152.51001
yllcorner 384392.724976
cellsize 0.25
nodata_value -9999 
48.6514 48.6537 48.6568 47.9802 47.9907 48.6802 48.6975 49.161 49.162 49.1625 49.1346 49.1196 49.1025 48.5173 48.4957 47.9035 47.8836 47.8597 47.8321 47.8017 47.8791 48.5397 48.5819 48.7822 48.8379 49.097 49.1324 49.1612 49.3332 47.9246 47.8991 47.8691 47.8368 47.804 47.7721 47.742 47.714 47.6885 45.0179 44.2683 44.1689 44.0808 44.0029 43.9342 43.8738 43.8206 43.7739 42.1155 42.0683 42.0267 41.99 38.8471 38.7752 38.7113 
48.6479 48.65 48.6529 47.9789 47.9904 48.0029 48.6898 48.7105 49.1644 49.1654 49.1453 49.1291 49.1102 49.0888 48.5112 48.4835 47.904 47.8768 47.8446 47.8084 47.8663 47.8905 48.5671 48.7769 48.8463 49.1114 49.1539 49.3435 49.3448 47.9699 47.9361 47.8975 47.8572 47.8176 47.7801 47.7455 47.7142 45.0815 44.3268 44.21 44.1074 44.0179 43.9399 43.8721 43.8132 42.1553 42.0973 42.0468 42.0028 38.8798 38.7942 38.7188 38.6524 38.5939 
48.1256 48.6458 48.6484 48.652 47.9892 48.0031 48.6799 48.7025 49.1669 49.1687 49.1695 49.1414 49.1207 49.0966 48.5311 48.5008 47.9301 47.8995 47.8616 47.8178 47.8493 47.8736 48.5451 48.7681 49.0674 49.1307 49.1823 49.3584 48.0582 48.0226 47.977 47.9268 47.8764 47.8285 47.7847 47.7454 45.1567 44.3947 44.2554 44.1348 44.031 43.9418 43.8654 42.2068 42.1338 42.0712 42.0174 41.9712 38.8178 38.7276 38.649 31.4444 25.2774 25.2254 
48.1196 48.1294 48.6432 48.6465 48.6512 48.0021 48.019 48.6919 48.7198 49.1724 49.1742 49.1744 49.1347 49.1077 49.0765 48.5238 47.964 47.9298 47.8853 47.8317 47.6787 47.8486 48.5117 48.7531 49.0751 49.1573 49.2206 49.3775 48.135 48.0836 48.0208 47.9551 47.8921 47.8347 47.7841 45.2469 44.4738 44.3053 44.1617 44.0401 43.9376 43.8512 42.181 42.1014 42.0343 41.9776 38.8476 38.7378 38.6434 31.4402 25.2687 25.208 25.1557 25.1106 
48.1125 48.1225 48.1341 48.6399 48.6442 47.9995 48.0184 48.0395 48.7089 48.7436 49.1799 49.1814 49.1534 49.1235 49.0877 48.5545 48.5098 47.9713 47.9191 47.8527 47.6864 47.6509 48.4708 48.7513 49.0849 49.195 49.3966 49.403 48.2298 48.1529 48.0651 47.9788 47.9007 47.8331 45.3565 45.1837 44.359 44.1856 44.0419 43.9232 42.2442 42.1399 42.0539 41.9827 41.9238 38.7499 38.6345 31.4336 25.2562 25.1846 25.1238 25.0721 17.3742 17.3558 
48.104 48.1141 48.126 48.14 48.6357 48.6415 48.0158 48.0399 48.0667 48.7332 49.1863 49.19 49.1902 49.1456 49.1051 48.5954 48.5472 48.0289 47.9687 47.886 47.6999 47.6453 48.4031 48.7122 49.0972 49.2502 49.4323 48.4302 48.3464 48.2274 48.1035 47.9914 47.8968 45.4914 45.2687 44.4143 44.2016 44.03 42.3329 42.1903 42.0762 41.9845 41.9106 38.7639 38.6201 31.4234 25.2381 25.1524 25.081 20.2515 17.3806 17.3586 17.3395 17.3229 
48.0941 48.104 48.116 48.1304 48.6258 48.6304 48.0103 48.0377 48.0691 48.1041 48.7691 49.2004 49.2035 49.1761 49.1311 49.0758 48.5996 48.1098 48.0433 47.9414 47.8052 47.6356 47.7243 48.5292 49.1109 49.4444 49.4874 48.6377 48.4839 48.2955 48.1227 47.9819 45.6586 45.3627 44.4648 44.1996 43.9932 42.2591 42.1008 41.9784 41.8835 41.8097 38.5963 32.3032 25.2112 25.1071 20.2701 20.2488 20.2312 17.3621 17.3391 17.3193 17.3024 17.2879 
48.0825 48.092 48.1038 48.1182 48.1359 48.6168 48.6233 48.0314 48.0681 48.1106 48.1574 48.7449 49.2206 49.2204 49.1688 49.1071 48.6725 48.2238 48.1569 48.0369 47.8551 47.6205 47.6409 48.4175 49.1198 49.4976 49.5845 48.919 48.619 48.3255 46.8115 45.8626 45.4561 44.494 44.1585 42.3575 42.1245 41.9539 41.8286 41.7361 35.0574 32.2478 25.1703 20.3078 20.2738 20.2463 20.2239 17.3668 17.3385 17.3147 17.2945 17.2775 17.2631 17.251 
46.5809 48.078 48.0892 48.1032 48.1208 48.4516 48.4517 48.4252 48.0613 48.1128 48.1727 48.2369 48.7891 49.2477 48.7204 49.1556 48.5634 48.6363 48.3267 48.2035 47.9825 47.6181 47.4177 47.7639 48.8374 49.5328 49.6693 49.2014 48.6556 47.1724 46.606 45.512 44.4582 42.5066 42.1346 41.8833 41.7131 41.5977 36.6641 23.9493 20.3876 20.3283 20.2814 20.2443 20.215 17.3733 17.3377 17.3083 17.2839 17.2638 17.2471 11.9508 11.9244 11.9012 
46.5625 46.5936 48.0719 48.0851 48.1019 48.1233 48.4389 48.4403 48.0452 48.1069 48.184 48.2722 48.3594 48.851 48.7567 48.7431 48.6291 48.8098 48.5556 48.4939 48.199 47.7258 46.7524 47.8685 48.8492 49.2909 49.3639 49.0764 47.4972 46.6407 45.3984 44.907 42.0783 41.6827 41.4496 36.6046 36.4467 24.0172 20.4544 20.3648 20.2962 20.2438 20.2038 20.1733 17.3364 17.2993 17.2693 17.2451 17.2255 11.9671 11.9347 11.9067 11.8824 8.7193 
46.5388 46.5707 46.6095 47.1658 48.0793 48.0991 48.4244 48.4177 48.3832 48.086 48.1845 48.3098 48.4422 48.3338 48.4497 48.7598 48.8071 48.9947 49.1201 48.5624 47.98 46.7944 46.5427 48.454 49.4016 46.6495 45.3726 45.9941 45.7744 44.6262 40.0928 39.4769 37.4158 32.679 27.0039 24.156 23.9715 20.4345 20.3263 20.2472 20.1895 20.1476 17.3342 17.2861 17.2484 17.2189 17.1958 11.9886 11.948 11.9134 11.8838 8.7269 8.7017 8.6798 
45.5024 46.5408 46.5806 46.63 47.1795 48.0705 48.0927 48.3912 48.3803 47.6891 48.1586 48.3403 48.5684 48.5743 48.5884 48.5753 47.9916 48.5996 49.3813 48.0636 46.897 44.8166 43.7952 44.6894 45.0241 42.5228 40.3038 38.541 38.0477 33.1678 32.7922 30.1123 27.2478 26.9808 24.1235 20.5825 20.3917 20.2607 20.1709 20.1097 17.3302 17.2657 17.2172 17.1807 17.1534 12.0178 11.9656 11.9219 11.8851 8.7358 8.7051 8.6789 8.6566 8.6375 
44.8305 44.8687 46.2905 46.593 46.658 47.1976 47.214 48.3679 48.3273 47.6406 47.7887 48.3167 48.7682 49.0288 48.7172 49.1285 47.6153 46.1715 45.4051 44.1642 39.9798 39.4322 40.2505 39.4965 40.379 38.1898 36.4507 34.4675 32.0728 30.1203 29.7989 27.306 26.9063 24.0313 20.5524 20.3028 20.1464 20.0492 19.9897 17.232 17.1678 17.1221 14.3081 14.2912 11.9898 11.9328 11.8859 8.7462 8.7081 8.6762 8.6495 8.6271 8.6083 5.6545 
44.8171 44.858 44.9088 44.9712 46.3617 47.2036 47.223 47.2395 48.2816 48.1932 47.6858 47.7796 48.3872 49.8582 48.1047 47.9919 45.4013 43.2156 41.4912 39.8324 40.1137 38.3361 38.3681 36.3472 36.1971 33.249 33.6008 31.5549 29.2169 28.4351 27.3117 26.6893 21.026 20.4398 20.1162 19.9411 19.8496 17.1712 17.084 14.3446 14.3131 14.2896 12.0245 11.9474 8.8182 8.7583 8.7098 8.6702 8.6379 8.6114 5.6595 5.6428 5.6289 5.6173 
44.796 44.8378 44.8919 44.9622 45.053 45.1679 47.2409 47.263 47.5444 47.4788 47.4869 48.0164 47.8513 47.2514 45.8586 44.7507 44.2334 41.6417 41.3101 39.2687 37.8266 37.389 35.3523 33.6724 32.4424 30.9739 29.2781 28.9643 27.636 26.4112 24.2769 20.9441 20.098 19.7149 19.5601 17.0498 14.4424 14.3698 14.3197 14.2849 14.2606 11.9677 8.8538 8.7724 8.7086 8.6582 8.6185 5.6687 5.6447 5.6254 5.6097 4.3662 4.6021 4.1835 
43.183 44.8058 44.8594 44.9333 45.0362 45.1795 45.375 46.3581 47.3394 47.4655 46.6702 46.3054 46.0784 44.2472 43.8832 41.5219 40.6177 39.9005 39.8472 36.9851 36.1778 34.692 32.439 30.5456 30.8038 28.7159 26.8788 25.8312 24.7524 23.6053 20.189 19.2015 17.0047 14.7949 14.5644 14.4193 14.3287 14.2722 14.2368 11.9976 8.9046 8.788 8.7007 8.635 5.6866 5.6496 5.6209 5.5987 5.5814 4.356 4.169 4.1825 4.1939 5.8051 
43.1118 43.2075 43.3349 44.8774 44.9817 45.1428 45.3965 45.8034 46.6708 47.011 46.45 46.4454 44.5618 42.3714 40.9198 39.6902 39.0081 37.7275 35.143 34.472 33.197 31.4852 28.8405 29.2198 26.8133 25.5942 24.6254 22.2757 21.0431 18.7864 17.3642 15.9009 14.8964 14.54 14.341 14.2352 14.1806 12.3519 8.9818 8.8026 8.677 8.5885 5.6619 5.6153 5.5813 5.5563 4.3379 4.3413 4.1646 4.1817 5.7911 5.808 5.822 5.8337 
43.0186 43.0994 43.2105 43.3685 43.6011 45.0275 45.3014 45.8074 47.2535 47.8432 44.9097 44.8458 41.2605 40.6691 38.2326 37.6964 35.2824 33.575 33.0667 30.5644 29.5948 27.7639 26.5589 24.5404 23.5127 22.3824 20.6883 19.9525 18.6083 16.9212 15.9128 14.8733 14.3571 13.2233 13.0668 12.3481 10.1286 8.8053 8.6124 5.697 5.6092 5.5507 5.5117 4.3057 4.3126 4.1314 4.159 4.1812 5.7916 5.8127 5.8297 5.8436 5.855 5.8642 
42.9055 42.9617 43.0408 43.1573 43.3395 43.6478 44.2315 45.6242 45.858 45.4022 42.7488 40.6126 39.7017 37.4157 36.0673 35.5144 33.5757 30.4136 29.6625 28.5836 27.1308 24.6988 24.206 23.534 20.4545 19.3369 19.4615 18.4433 15.5186 14.9204 13.2318 13.3363 12.8348 12.1652 12.1 7.4035 7.1154 5.6107 5.4884 5.4193 5.381 4.2555 4.2704 4.113 4.1517 4.1817 5.7937 5.8205 5.8416 5.8583 5.8714 5.8818 5.89 5.8964 
39.0033 39.1359 42.8347 42.8833 42.9603 43.0949 43.3562 43.706 41.7588 40.1184 40.0279 38.4124 36.0795 36.0862 32.9611 30.5429 28.5652 28.0277 26.7929 24.7688 23.8789 23.1349 21.0509 20.0745 18.8052 16.5874 16.0663 14.7513 13.7674 11.9168 12.1926 10.1914 10.7179 7.6506 6.9588 4.5068 4.3358 4.2624 4.2336 4.1583 4.1938 4.0837 4.1417 4.1844 5.7989 5.8343 5.8608 5.8808 5.8959 5.9072 5.9157 8.7027 8.721 8.7361 
38.7469 38.81 38.8954 39.0146 39.1855 39.4281 40.4529 40.0348 37.6387 35.8944 34.7587 32.4783 32.7535 29.1135 28.7911 27.9996 25.8172 25.4797 24.9763 22.2813 21.4219 21.1689 18.7485 17.2281 16.0248 14.8153 13.6955 12.6918 11.0647 10.4333 9.135 8.3668 6.2776 4.9866 4.0222 3.3583 3.3629 3.4817 3.2141 4.0315 4.1274 4.1927 5.8112 5.8595 5.8934 5.9173 5.9341 5.9457 8.6996 8.7255 8.7463 11.7147 11.7319 11.7464 
35.8026 35.8072 35.8012 35.7719 35.6911 35.7718 32.0243 33.1295 33.5831 33.7263 31.2578 29.4102 27.2704 28.0094 25.7256 24.3935 23.332 22.9651 21.451 19.6287 17.636 17.2493 16.5513 14.5724 14.0871 12.0368 11.8985 9.7231 8.8125 7.9259 7.0095 5.0942 2.6754 1.7267 1.7225 1.8536 3.0638 3.2392 4.106 4.2172 5.8417 5.9101 5.9533 5.9804 5.9971 6.0068 8.7315 8.7615 11.6863 11.712 11.7332 11.7506 11.7651 11.7771 
34.0782 33.9657 33.79 31.4648 31.2617 30.9158 28.381 28.2759 28.1899 27.4104 27.0247 26.0337 25.2762 23.0492 23.7516 21.3991 20.0599 18.0001 18.1632 16.1714 15.4742 14.2391 13.0097 12.4324 10.5526 9.8125 7.547 7.8425 5.9256 4.1442 4.0104 3.3056 1.1056 1.4306 1.7965 3.1058 4.5283 4.7395 5.9262 6.0249 6.7826 6.8009 6.8081 9.5096 9.5508 9.5817 11.6779 11.7112 11.7377 11.7589 11.7759 11.7897 14.0395 15.2899 
32.4164 31.4073 28.3059 28.2653 28.199 28.0868 27.8942 26.746 26.5365 24.8323 23.4967 22.354 22.4855 20.739 18.4992 18.8586 17.7279 16.8591 14.5606 14.3868 12.6136 12.6029 10.196 7.853 6.3391 6.5791 5.2222 3.1984 2.3558 2.8528 2.2128 1.2148 1.8347 2.5681 3.9611 5.0221 6.8837 6.9979 7.034 7.0364 7.0249 9.5073 9.5673 11.6114 11.6705 11.7151 11.7489 11.7748 11.7947 14.0286 14.053 15.3014 16.7725 17.9558 
28.2743 28.241 28.1937 25.9889 26.0249 26.0629 26.0845 26.0056 25.4685 22.8467 20.9691 19.9737 18.1321 17.8606 16.199 14.9661 13.4935 13.5566 11.8138 8.8855 8.5052 6.6261 5.7381 4.314 4.52 2.5127 3.0506 2.6645 3.2144 3.3593 3.0955 3.4721 4.8512 5.8789 7.4407 7.7942 7.8754 7.8625 7.8255 9.5091 9.6026 11.5806 11.6687 11.7306 11.7744 11.8057 14.0097 14.0474 14.0765 16.7419 16.7822 17.9701 18.0066 20.1097 
25.8593 25.8676 25.874 25.8756 25.8649 25.8248 25.7105 25.401 22.1784 20.4828 18.7006 16.9419 16.1181 14.9424 14.568 13.1582 10.5177 8.6582 8.597 6.069 5.2142 4.6202 1.7681 1.6956 1.472 0.8881 3.0467 3.844 4.1713 4.4526 6.1948 6.0994 5.696 7.7736 8.5066 8.4683 8.2641 9.5344 11.3185 11.5466 11.6887 11.7775 11.8335 13.9733 14.0381 14.0849 14.1188 16.7458 16.7979 19.0831 20.0956 20.1149 20.1303 21.2565 
25.8081 25.8036 25.7925 25.7693 25.7236 23.3915 23.1302 20.6348 19.0776 17.2288 15.8858 15.5473 14.4534 12.7493 11.143 9.4823 8.0922 4.7311 3.4726 3.1507 2.9431 1.2984 2.565 2.926 4.5103 4.1178 6.1447 5.7879 6.8174 6.9219 7.4411 8.7133 9.5662 9.6587 10.4879 10.1358 10.6536 11.545 11.7969 11.9223 11.9828 14.0227 14.1067 14.162 14.1983 16.7552 16.8244 19.0789 20.0865 20.1228 21.2543 21.2589 21.2624 21.265 
25.7597 25.7449 25.7206 23.25 23.1179 22.884 20.3856 18.0293 16.1354 15.2544 14.6613 12.567 12.0069 10.9265 8.3848 6.3589 3.9573 2.2979 1.0058 1.5926 2.7857 2.9185 4.8306 5.9463 6.528 7.4389 7.3494 8.7537 8.508 9.3903 9.5056 9.5848 10.4749 11.7495 11.5179 11.8994 12.9425 13.1241 13.1622 14.1877 14.2797 16.1303 16.1976 16.7763 18.8419 18.9047 20.0897 21.2473 21.2557 21.262 21.2666 21.2699 21.2724 21.9219 
23.2392 23.1886 23.1105 22.9896 21.3268 18.3094 15.1793 15.0015 12.0211 13.1783 11.0574 9.9872 8.326 6.1242 4.3629 3.174 2.2296 3.5034 3.2637 5.1998 5.3962 7.2676 8.0169 8.2402 8.4025 9.3209 9.8916 9.4924 10.118 9.8787 10.7811 10.9474 11.6397 12.5461 13.884 14.5246 14.421 15.1183 15.7677 16.2605 16.3388 18.1896 18.7997 18.9011 20.0954 21.2444 21.2573 21.2663 21.2726 21.2769 21.2799 21.9235 21.9251 21.9263 
23.1065 23.034 21.4471 21.2805 13.9227 13.796 11.4022 11.2636 10.2803 9.8043 7.8761 6.0963 5.7781 3.3265 3.0703 3.1543 3.2487 5.4149 6.0198 7.9645 7.0899 8.4819 10.2858 10.9418 10.0153 10.6056 10.9567 11.6665 10.9169 11.6799 11.9007 13.4409 13.1094 14.2807 15.2638 15.6292 16.3029 17.0867 17.3453 18.1341 18.2671 18.8936 21.2022 21.2364 21.2586 21.2728 21.282 21.2877 21.2912 21.9256 21.9277 21.9293 21.9304 22.1108 
21.4978 16.5995 16.4473 13.6916 11.2469 11.1462 10.977 9.9955 9.6059 8.2913 6.3467 4.2122 4.4544 4.8958 4.6196 6.3365 6.2273 7.7987 8.389 9.8606 10.3396 11.0546 11.7772 12.5473 13.0499 12.2995 11.9703 12.9709 13.3827 13.0298 14.0986 14.5511 15.1472 15.9572 16.3514 16.4462 17.3279 17.6371 18.3528 19.352 20.6738 21.2127 21.2579 21.2835 21.2979 21.3057 21.7675 21.9285 21.9314 21.9334 22.1121 22.1131 22.1137 22.1141 
16.436 13.658 12.1852 11.1339 9.4384 9.3397 9.1829 9.3441 8.4515 8.2872 7.9279 8.1274 9.392 7.9685 6.8697 8.0729 9.2086 9.6642 11.0533 11.8703 13.2091 13.1854 13.8126 13.3257 14.0811 14.5722 14.3914 14.2507 15.2029 15.4763 15.7217 16.5609 16.574 17.4022 17.4123 18.8064 18.9068 19.9484 20.371 20.6867 21.2455 21.3031 21.329 21.7771 21.7772 21.7762 21.9372 21.9397 22.1153 22.1164 22.1171 22.1174 22.1176 21.3875 
12.1949 9.4623 9.8241 9.7805 9.7208 9.6394 8.841 8.8477 8.6814 9.0252 9.3502 10.1976 8.99 9.3994 10.6644 10.4769 12.0696 13.5729 14.1115 14.8114 14.6683 15.5358 15.117 15.4047 15.3144 15.928 16.3705 16.5915 16.7012 16.8823 17.2 17.7121 18.1428 18.7725 19.0289 19.5247 19.6432 20.2933 21.0909 21.7556 21.7877 21.7963 21.7961 21.793 22.0152 22.018 22.1204 22.1216 22.1222 22.1224 22.1223 21.4033 21.3765 21.3544 
9.8531 9.8281 9.7962 10.0651 8.9635 8.9872 9.0274 9.1002 9.2313 9.4628 11.1105 10.9816 11.6533 12.3781 12.639 14.3689 14.4757 15.8408 15.8287 16.465 16.5523 16.3257 17.1746 17.0417 17.7286 17.3606 17.5485 18.2098 18.5551 18.2545 18.9932 18.449 19.6652 19.6323 19.8329 20.3707 21.071 21.3494 21.7634 21.8469 21.8464 21.8328 22.0287 22.0318 22.1295 22.1305 22.3591 22.3594 22.3597 21.9277 21.3899 21.3597 20.4573 19.6363 
10.1491 10.1243 9.8958 9.9122 9.9391 9.9824 10.0513 10.16 11.7611 11.7793 11.8399 12.0291 12.4055 13.9983 17.0416 16.9841 17.6602 17.9949 18.4038 17.9811 18.6042 19.3609 18.6086 19.1961 19.294 19.8257 19.4901 19.816 19.7477 20.3938 20.3305 20.7423 20.4566 20.7978 20.9958 21.3864 21.4249 21.6788 22.1176 21.9905 22.0698 22.0634 22.3581 22.3593 22.3598 22.3601 22.3602 21.9354 21.9214 21.0111 20.4624 19.5909 19.5638 19.5431 
9.9495 9.9653 9.9878 10.0199 10.0657 10.131 11.8074 11.8217 11.8494 11.9036 12.0124 13.2789 15.5022 16.1549 18.2282 19.6657 19.9972 20.0513 19.6869 21.8902 20.4176 21.6481 21.8306 20.8396 21.42 21.4933 21.5004 21.1985 22.0193 22.0828 22.2538 21.9608 21.8655 21.6317 21.6647 21.9378 21.9497 22.0817 22.256 22.2964 22.3629 22.364 22.3633 22.3625 22.3619 21.9466 21.9252 21.0301 19.6501 19.597 19.5584 19.158 19.1425 19.0525 
10.0122 10.0365 10.0688 11.8177 11.824 11.8339 11.8495 11.8743 11.9146 13.1756 13.3139 16.9099 17.3027 18.8929 21.3236 21.4512 22.5262 22.8188 22.637 23.2612 23.8818 22.536 23.8112 23.9976 23.4148 22.8043 22.8543 24.12 23.4893 24.5587 24.0877 23.0437 22.7628 22.4454 22.4199 22.3657 22.6537 22.5793 22.4816 22.4608 22.3812 22.3719 22.3672 21.8556 21.8158 21.1934 20.1918 19.6084 19.1748 19.1444 19.1237 19.1097 18.6056 18.5553 
10.0682 11.8264 11.8314 11.8383 11.8483 11.8624 11.8829 14.141 14.2557 16.3648 17.2597 17.5797 19.5179 23.1971 23.466 23.7981 25.0016 24.633 25.8848 25.6808 25.9659 26.8284 25.84 25.7977 26.1676 25.8932 25.7183 26.5764 26.6659 25.4113 24.6549 24.5116 23.6198 23.3573 22.8123 22.6571 22.6429 22.5493 22.4513 22.4356 22.3082 21.9597 21.5128 21.2495 20.266 20.1386 19.1663 19.1195 19.0909 18.4567 18.5898 18.5978 18.557 18.5693 
11.8351 11.8402 11.8471 11.8562 14.1667 14.2142 14.2871 14.399 16.4983 20.2311 20.4447 22.1205 23.6587 24.7585 25.2585 26.6918 26.6328 27.8084 28.0355 28.4046 28.2589 28.1436 28.2532 27.6978 27.058 27.4747 28.4822 27.8758 27.2503 25.6968 25.2106 24.4881 23.7413 23.2979 23.0237 22.6992 22.4916 22.2353 22.203 22.176 21.8069 21.4903 21.1927 20.4849 19.1482 18.4687 18.4502 18.4411 18.4371 18.5764 18.5423 18.5608 18.575 18.586 
11.846 11.8524 14.217 14.2523 14.302 14.3722 14.4719 18.4826 20.4328 20.6261 22.2647 25.6114 27.3848 27.4706 27.728 27.9794 29.2035 29.0906 29.7653 30.0641 30.1072 30.328 30.1106 29.309 28.7105 28.6391 28.4641 28.8372 27.5815 25.9025 25.3211 24.1073 23.3518 22.6581 22.3295 22.0791 22.185 21.9489 21.4099 21.4892 21.2017 20.55 19.0568 18.4868 18.4345 18.4136 18.407 18.3419 18.3197 18.546 18.5684 18.5847 19.1065 19.1202 
14.2474 14.2744 14.3102 14.3579 17.4137 18.4685 19.351 20.5301 24.6265 27.7047 27.7386 27.8138 27.9683 30.4654 30.4876 30.8279 31.0079 31.1326 31.6456 31.8929 31.77 31.1036 31.3223 31.1855 29.6198 29.9289 29.6861 28.9576 27.9114 25.9993 25.1442 24.0539 23.4005 22.9002 21.8759 21.2978 21.0705 20.9863 20.8746 20.2783 19.6639 19.3214 18.4351 18.3553 18.3416 18.1256 18.2809 18.5163 18.556 18.5828 19.1054 19.1251 19.1389 19.1486 
14.3151 14.3496 17.414 18.4569 18.5554 22.0929 25.5284 25.6834 27.8603 29.2761 29.3593 29.5015 30.7496 30.8567 31.1243 32.5922 32.9356 33.6369 34.0675 33.6468 33.4934 32.509 31.7918 31.9371 31.5696 30.436 29.9436 29.6719 28.2214 27.2869 24.9365 23.897 23.4245 22.9008 21.9602 21.2154 20.7093 20.4272 20.0368 19.5938 19.1861 18.1082 18.0051 17.9017 18.0203 18.2712 18.5286 18.5801 19.1057 19.1361 19.1552 19.1673 19.1749 19.9252 
17.4136 17.4915 18.5178 22.5316 25.5628 25.6704 29.3146 29.3506 29.4053 29.4879 31.9793 32.0305 32.1309 33.7513 34.5017 34.5927 35.2501 35.407 34.9724 34.4876 34.1224 33.8278 32.7152 32.6002 32.2185 31.353 30.5939 30.6955 28.5797 28.1896 26.3613 24.2679 23.4288 22.5018 22.0651 21.5556 20.3119 19.9491 19.4843 18.9345 18.0335 17.5889 17.7726 17.9893 18.2752 18.6585 19.113 19.1643 19.191 19.2046 20.1205 20.127 20.1314 20.1343 
17.5446 22.5295 25.5818 25.6603 29.3585 29.3857 29.4237 32.0286 32.0512 32.0874 32.1455 32.239 34.6119 34.6477 34.7379 35.3297 35.9741 35.7171 35.4619 34.7257 34.2797 33.1898 32.9975 33.7436 34.7788 33.9457 33.2957 31.5058 30.0993 26.8589 26.4474 25.0606 23.6184 22.4466 21.7555 21.5789 20.4536 20.0908 19.5765 18.9001 17.8024 17.9418 18.0709 18.4516 18.7971 19.4439 19.4704 20.1081 20.1253 20.1353 20.1412 20.1445 23.4343 23.5772 
25.593 25.6525 29.3835 29.4045 30.6702 32.064 32.0821 32.108 32.1451 33.3382 34.6352 35.0715 35.3427 35.393 35.9659 35.9955 35.95 36.2512 35.5734 34.3514 33.3622 34.0654 34.5317 33.5369 34.6108 33.8645 32.69 32.2854 31.1066 28.4254 26.7619 25.3691 23.7405 23.039 21.9463 21.4734 21.1602 20.291 19.3993 18.8402 18.8273 18.8085 19.1245 19.6432 19.7253 20.0997 20.1366 20.1538 20.1613 20.164 23.2771 23.4994 23.6673 27.2362 
30.6389 30.6619 30.6912 32.0828 32.0971 32.1162 33.3573 33.3969 35.077 35.093 35.352 35.3778 35.419 35.9678 35.9929 35.9095 35.9728 36.6729 36.6111 35.5613 32.3072 34.0701 33.5427 33.9215 33.5967 33.7353 33.0684 32.7443 31.469 31.6226 29.5023 26.1679 24.9673 23.1471 22.5786 22.0024 21.0942 20.529 19.6581 18.9783 19.1786 19.1376 19.8908 20.0065 20.1661 20.2061 20.2123 20.2083 21.674 23.3597 23.6337 27.229 27.4507 34.5152 
30.7033 30.7324 32.105 33.3515 33.374 33.4033 35.0893 35.1009 34.7484 35.3697 35.392 35.4243 35.9627 35.5442 36.0322 36.7638 36.7775 36.8345 37.0841 36.534 31.4932 32.2429 33.9803 34.1307 33.3806 33.2323 33.7159 32.1119 32.3008 35.2262 30.1753 30.2736 25.7943 24.8286 24.0122 23.3664 21.5702 20.6312 19.9751 19.6562 19.5279 19.9546 20.4507 20.5652 20.4865 20.4615 21.5981 21.7705 23.5755 26.69 30.5285 36.9626 36.997 37.0197 
33.3505 33.3649 33.3828 33.4053 33.4335 35.104 34.7445 35.3645 35.3783 35.397 35.9479 35.4986 37.4892 37.5018 36.7796 36.7934 36.8227 36.8861 36.1152 35.3539 33.7286 32.1168 32.2539 33.9605 34.1057 33.1853 32.9074 33.7282 33.9735 34.5169 34.2317 30.6753 28.102 27.6816 26.3879 24.8905 23.496 22.0595 21.214 20.215 21.032 20.9381 21.301 21.3133 22.1259 22.485 24.2221 27.8588 32.8266 36.9192 36.9893 37.0326 37.0584 37.0729 
33.3876 33.4053 33.4268 35.1051 34.7408 35.3609 35.3703 35.3823 35.2712 35.4756 37.5112 37.5191 36.777 36.7833 36.7933 36.8098 36.837 35.9471 35.7857 35.2094 34.6343 33.6283 32.2111 32.287 33.0009 33.3049 33.2695 33.1114 34.4485 33.6882 33.4673 29.5447 32.1272 30.3703 27.8935 26.4452 25.2419 23.434 23.0465 22.0509 21.5897 22.5943 23.7024 24.5387 26.0572 28.5773 33.9738 34.2673 36.9364 37.0388 37.0931 37.1197 37.1307 37.1329 
33.4214 35.1053 34.7377 35.3583 35.365 35.3734 35.256 35.1639 37.5237 37.5289 37.5368 36.7784 36.7834 36.7906 36.801 36.8159 36.8362 35.8121 35.6723 35.2646 34.9699 34.6175 32.2017 32.2547 32.9404 33.373 33.2971 33.3346 33.3887 32.0556 31.7977 31.1504 34.8624 35.124 30.8355 29.2937 26.8063 25.8409 24.8608 25.6188 24.5603 24.1982 26.0847 27.5984 29.7216 33.8661 34.5125 36.9821 37.1412 37.2049 37.2234 37.2217 37.2113 37.1976 
34.7349 35.3563 35.3614 35.3675 35.3749 35.1491 37.5317 37.5353 37.5405 36.7755 36.7785 36.7825 36.7878 36.7948 36.8042 36.8162 35.8044 35.7398 35.6364 35.3106 35.1328 35.0134 33.9454 32.2399 32.9079 35.1531 33.2122 33.2478 34.4367 33.5201 35.1586 36.8648 37.0097 35.7002 35.0373 33.131 30.2067 26.9996 27.1178 26.7033 27.6661 28.456 27.9072 29.5921 33.191 36.3727 37.1192 37.3884 37.4362 37.4126 37.3723 37.3317 37.295 37.2631 
35.3587 35.3634 35.3689 34.8951 37.5373 37.5399 37.5436 37.5485 36.7755 36.778 36.7812 36.7853 36.7904 36.7968 36.8047 35.7939 35.7578 35.7024 35.627 35.3448 35.2262 35.1371 34.0591 32.2333 32.2568 35.9257 35.9978 34.8029 36.4774 39.5821 41.8337 42.1291 42.2088 40.8217 35.6537 34.5093 33.1897 31.8085 29.273 32.0778 30.5298 33.1837 35.5984 34.0344 35.489 37.261 38.1435 38.0027 37.7898 37.6331 37.5206 37.4375 37.3741 37.3242 
35.3646 36.6823 37.5414 37.5434 37.5461 37.5496 36.7735 36.7753 36.7774 36.78 36.7831 36.787 36.7917 36.7972 35.7847 35.7619 35.7285 35.6831 35.627 35.3705 35.2859 35.2179 34.1381 32.2307 35.0432 36.1091 37.7027 39.4714 41.8804 41.2032 42.8839 42.8318 43.1378 41.8707 40.5729 36.0155 34.5271 34.6051 34.2636 33.417 35.0216 36.5769 36.8452 39.039 39.1732 42.1546 40.3828 39.5454 39.306 39.2081 39.1594 39.132 39.1152 39.1042 
36.6916 37.5461 37.5482 37.5508 37.5541 36.7734 36.7749 36.7767 36.7788 36.7813 36.7844 36.7879 36.792 36.7968 35.7614 35.7394 35.7101 35.6732 35.4572 35.3903 35.327 35.2738 35.0315 34.1313 37.3552 39.4042 41.7837 41.9191 42.9978 42.9997 43.0208 43.1119 43.3773 43.6729 43.6623 40.6378 38.3583 36.7508 37.0226 39.3679 38.1468 39.5994 40.341 42.2144 42.849 40.7502 40.3353 39.8045 39.5139 39.3604 39.2728 39.2189 39.1836 39.1593 
37.5499 37.552 37.5545 36.772 36.7731 36.7744 36.776 36.7777 36.7798 36.7822 36.785 36.7882 36.7918 35.7594 35.744 35.7238 35.6985 35.6684 35.4578 35.406 35.3568 35.3143 35.2812 34.1097 39.7709 41.8161 43.0243 43.0278 43.0362 43.0554 43.0976 43.5211 43.6261 43.9297 44.1355 42.2463 40.2871 40.4381 40.738 41.0775 42.6042 41.8458 42.3253 44.1318 43.0797 42.6113 41.417 41.1357 39.6204 39.4633 39.3603 39.2911 39.2432 39.2089 
37.555 37.5573 36.7718 36.7728 36.774 36.7753 36.7768 36.7785 36.7805 36.7828 36.7853 36.7881 35.7569 35.7456 35.731 35.7129 35.6912 35.6664 35.46 35.4187 35.3794 35.3447 35.3165 38.7278 43.0344 43.0371 43.0418 43.0501 43.0643 43.5463 43.5963 43.576 44.0229 43.9091 43.5016 44.0286 42.5046 42.292 44.0086 43.5821 44.3859 43.3082 43.4086 43.6712 43.0771 42.922 42.5261 41.3737 41.184 41.0695 39.4199 39.3456 39.2912 39.2507 
36.7708 36.7716 36.7725 36.7735 36.7746 36.7759 36.7774 36.7791 36.7809 36.783 36.7853 36.7878 35.7458 35.7348 35.7214 35.7052 35.6867 35.666 35.4628 35.4292 35.3971 35.3683 38.3856 40.6433 43.0444 43.1646 43.1737 43.5393 43.5585 43.5895 43.9776 44.0076 43.8711 43.4017 43.5268 43.553 43.088 43.2662 44.2279 44.2277 44.3647 43.7508 43.9635 43.5955 43.5196 43.1718 42.6598 42.4694 41.3359 41.204 41.1162 41.0579 41.0191 39.2838 
36.7714 36.7722 36.7731 36.7741 36.7752 36.7764 36.7778 36.7794 36.7811 36.783 36.785 35.7453 35.7368 35.7264 35.7141 35.6999 35.6839 35.6665 35.4659 35.438 35.4112 35.3869 38.7504 43.1683 43.174 43.1821 43.55 43.5641 43.585 43.9821 44.0008 43.8542 43.8571 43.7541 43.3391 43.4235 43.5633 43.6524 43.9256 44.3544 44.214 44.1789 43.9546 43.7528 43.4432 43.1219 43.0587 42.5487 42.4314 41.3031 41.2077 41.1395 41.0908 41.0559 
36.7718 36.7726 36.7735 36.7745 36.7756 36.7768 36.7781 36.7796 36.7811 36.7828 35.7444 35.7376 35.7295 35.7199 35.7088 35.6962 35.6823 35.4925 35.469 35.4454 35.4228 38.4688 41.0937 43.1796 43.5484 43.5561 43.5669 43.5819 43.9841 43.9967 43.843 43.8441 43.7147 43.7184 43.3467 43.3229 43.5986 43.6433 43.8109 44.3039 44.1567 44.5734 43.9387 43.9204 44.0793 43.3689 43.0349 43.0001 42.4838 42.4052 42.3462 41.2043 41.1505 41.1099 
36.7722 36.773 36.7739 36.7748 36.7759 36.777 36.7782 36.7796 36.781 36.7826 35.7379 35.7313 35.7237 35.7148 35.7047 35.6936 35.6815 35.4921 35.4719 35.4518 35.4325 38.7669 43.5488 43.5535 43.5599 43.5684 43.5796 43.9848 43.9938 43.8351 43.8356 43.694 43.6949 43.2991 43.2717 43.5965 43.6019 43.6268 43.7541 44.2761 44.3155 44.5656 44.149 43.9044 44.0871 44.0469 43.644 42.9862 42.5125 42.4424 42.3863 42.3425 41.1982 41.1548 
36.7726 36.7733 36.7742 36.7751 36.7761 36.7771 36.7783 36.7795 36.7808 35.7377 35.7324 35.7261 35.7189 35.7108 35.7017 35.6918 35.6812 35.4923 35.4748 35.4574 38.5263 41.0983 43.557 43.5623 43.5691 43.7026 43.985 43.9918 44.0005 43.8295 43.8293 43.6814 43.6796 43.2525 43.784 43.5878 43.5962 43.6116 44.222 44.2609 44.2912 44.5614 44.5767 43.8915 44.0905 44.058 43.3172 43.6156 42.9555 42.4651 42.4141 42.3722 42.3384 41.1912 
36.7728 36.7736 36.7744 36.7752 36.7762 36.7772 36.7782 36.7794 35.7374 35.7329 35.7278 35.7218 35.7151 35.7076 35.6994 35.6906 35.6813 35.4928 35.4775 35.4623 38.7783 43.5594 43.5639 43.5695 43.703 43.9849 43.9902 43.9968 43.8249 43.8247 43.6722 43.6712 43.2347 43.7856 43.7881 43.5807 43.5886 44.2025 44.2232 44.2523 44.2758 44.5592 44.5713 44.1315 43.871 44.0645 44.0413 43.6247 43.599 42.9344 42.4324 42.3936 42.3612 42.3344 
36.773 36.7738 36.7745 36.7753 36.7762 36.7772 36.7781 36.7792 35.7331 35.7288 35.7238 35.7182 35.712 35.7052 35.6977 35.6898 35.5068 35.4935 35.48 38.5663 41.1014 43.565 43.6948 43.703 43.9848 43.989 43.9941 43.8214 43.8212 43.6656 43.6649 43.6631 43.7822 43.7849 43.7905 43.5744 43.581 44.2092 44.2244 44.2471 44.2656 44.5581 44.5677 44.5766 43.8633 44.068 44.0484 44.0314 43.6079 43.5888 42.4438 42.4087 42.3783 42.3525 
36.7732 36.7739 36.7746 36.7754 36.7762 36.7771 36.778 35.7331 35.7294 35.7253 35.7205 35.7153 35.7095 35.7032 35.6965 35.6894 35.5062 35.4943 35.4823 41.0156 43.5657 43.696 43.7029 43.9846 43.988 43.992 43.8185 43.8183 43.6606 43.6601 43.6589 43.7797 43.7819 43.778 43.7916 43.5687 43.5741 44.2137 44.2255 44.2438 44.2587 44.2712 44.5654 44.5727 44.3378 44.0695 44.0529 44.038 43.6138 43.5969 43.5822 42.4188 42.3908 42.3664 