ncols 78 
nrows 78 
xllcorner 158368.867996
yllcorner 383895.332001
cellsize 0.25
nodata_value -9999 
11.8908 11.8848 11.878 10.3456 10.3386 10.129 9.9812 7.9693 7.9618 6.9697 8.2084 8.2291 9.4857 12.683 16.2997 16.387 16.4931 18.3816 18.4499 18.5318 18.627 18.7335 19.9085 19.9923 20.2659 20.3078 20.5723 20.5399 20.8544 20.8108 20.7675 20.7271 20.6912 20.6604 19.9918 19.955 19.9249 19.9008 19.2665 19.2487 19.2346 19.2233 19.2145 21.9067 22.046 23.9533 24.0677 27.265 27.3636 23.8206 27.4118 27.4211 21.4979 25.0809 25.0171 18.3174 18.2384 18.1659 18.0995 18.0389 17.9837 17.9334 17.8878 17.8463 10.4061 10.3781 5.4255 1.9527 1.9903 0.8926 0.6105 0.6102 0.6099 0.5411 0.5408 0.5405 0.5403 0.54 
13.9636 11.8906 11.8837 11.8759 10.3461 10.3381 9.9886 8.7623 7.9694 7.9604 6.9732 8.209 8.2338 9.4913 12.6768 16.2895 16.3985 16.5333 18.4024 18.4933 18.6036 18.7318 18.8729 20.0303 20.3178 20.3707 20.6245 20.5825 20.8742 20.8187 20.7648 20.7163 20.6748 20.0095 19.9616 19.9233 19.2861 19.2593 19.2386 19.2225 19.2102 19.2008 21.8677 22.0296 23.9428 24.0748 27.2721 27.3836 27.4227 27.4362 27.4453 25.1805 25.1016 25.0298 24.9648 18.263 18.1824 18.109 18.0423 17.9817 17.9269 17.8774 17.8327 10.4012 10.371 5.4232 1.9524 0.8825 0.8925 0.6106 0.6102 0.6099 0.5411 0.5408 0.5405 0.5403 0.54 0.5398 
13.9823 13.9592 11.8904 11.8824 11.8733 10.3467 10.3374 9.987 8.7619 7.9692 7.9583 6.9773 8.2095 8.2396 9.499 12.6691 16.2768 16.4163 18.3356 18.434 18.5601 18.7149 18.8932 20.0734 20.3831 20.4521 20.6918 20.6349 20.8961 20.8233 20.7556 20.6973 20.6502 19.9718 19.9215 19.2816 19.249 19.2245 19.2063 19.1929 19.1832 21.818 22.0081 23.9297 24.0835 27.2823 27.4092 27.4525 27.4664 27.4751 25.2161 25.1264 25.0451 24.9719 18.291 18.201 18.1193 18.0455 17.9789 17.9189 17.865 17.8166 10.3953 10.3627 5.4204 1.9521 0.8825 0.7021 0.7017 0.6103 0.6099 0.5412 0.5408 0.5405 0.5402 0.54 0.5397 0.5395 
15.2269 13.9804 13.9538 11.89 11.8807 11.87 10.3474 10.3363 9.9848 9.0952 7.9682 6.9791 6.9824 8.2096 8.2471 9.5099 12.6597 16.2608 16.4444 18.3451 18.4852 18.6701 18.898 19.1522 20.4673 20.562 20.7817 20.7006 20.9183 20.8206 20.7348 20.6658 19.9884 19.9197 19.2743 19.2337 19.2047 19.1842 19.1699 17.1665 21.7536 21.2021 21.3793 27.1221 27.2968 27.4424 27.4901 27.5043 27.512 25.2592 25.1563 25.0636 24.9804 18.3233 18.2219 18.1306 18.0485 17.9748 17.9089 17.85 10.4275 10.3882 10.3529 5.4171 1.9517 0.9309 0.7022 0.7017 0.6104 0.61 0.5412 0.5409 0.5405 0.5402 0.5399 0.5396 0.5394 0.539 
15.2472 15.2245 13.9781 13.9471 11.8894 11.8784 11.8657 10.3481 10.3348 9.9818 9.0926 7.9662 6.9845 6.9886 8.2092 8.1098 9.9233 10.078 16.2394 16.4892 18.3618 18.5756 18.8665 19.2195 20.5786 20.7184 20.9083 20.7831 20.9359 20.802 20.6941 20.0165 19.9182 19.2617 19.2102 19.1757 19.153 17.1992 17.175 17.1547 21.1509 21.3656 27.1115 27.3174 27.4859 27.5384 27.5524 27.5582 25.3118 25.1929 25.0861 24.9909 18.3606 18.2458 18.143 18.0511 17.9692 17.8965 17.832 10.4225 10.3796 10.3412 5.4131 1.9512 0.9308 0.6909 0.7018 0.6104 0.61 0.5413 0.5409 0.5405 0.5402 0.5399 0.5396 0.5393 0.5388 0.5391 
18.2381 15.2478 14.865 13.9751 13.9387 11.8886 11.8754 11.8601 10.3489 10.3326 10.0127 7.9809 7.9625 6.9912 6.9967 8.2076 8.122 9.9309 10.1135 16.2087 18.1663 18.3941 18.7539 19.2535 20.7269 20.9596 21.1009 20.8833 20.934 20.7501 20.6197 19.9174 19.2397 19.1729 19.1321 17.2483 17.2127 17.1835 16.4004 21.0785 21.3425 27.1007 27.3466 27.5438 27.6012 27.6143 27.6169 28.9145 25.2381 25.1139 25.0039 18.4043 18.2732 18.1566 18.0531 17.9617 17.881 17.8101 10.4162 10.369 5.4625 5.4373 1.9801 0.9308 0.6909 0.7018 0.6105 0.6101 0.5414 0.541 0.5405 0.5402 0.5398 0.5395 0.5392 0.5387 0.539 0.5392 
17.5607 18.2381 15.2487 14.863 13.9713 11.9009 11.8874 11.8713 11.8525 10.3497 10.3293 9.1051 7.98 7.9558 6.9999 7.0075 8.2037 8.1385 9.9428 10.1741 16.1568 18.0684 18.4673 19.1606 20.9043 21.378 21.4304 20.9761 20.8721 20.6327 19.3561 19.1989 19.1107 19.0637 17.2715 17.2268 17.1914 16.4035 20.9743 19.5881 22.5154 27.3886 27.6218 27.6842 27.6952 29.0175 28.9402 25.2947 25.1487 25.0203 18.4559 18.3049 18.1716 18.0543 17.9514 17.8616 17.7832 10.4081 10.3561 5.4586 5.431 1.9791 0.9307 0.691 0.7019 0.6106 0.6101 0.5415 0.541 0.5406 0.5401 0.5398 0.5394 0.5391 0.5388 0.5388 0.5391 0.5394 
18.6665 17.5618 18.2383 15.2498 14.8604 13.9663 11.9022 11.8857 11.8657 11.8419 10.3505 10.3243 9.1026 7.9766 7.0023 7.0113 7.0226 8.0517 8.1615 9.9638 10.5102 15.5984 17.8388 18.6723 20.2074 22.1936 22.0487 20.8968 20.666 19.5457 19.1182 19.002 17.3729 17.2974 17.2406 16.4847 16.4 19.4586 19.52 19.8459 27.4496 27.7289 27.7961 27.8026 29.0679 28.9736 25.3669 25.193 25.0411 18.5176 18.3419 18.1881 18.0541 17.9377 17.837 17.7501 10.3978 10.3402 5.4537 1.9866 1.9779 0.9305 0.691 0.702 0.6108 0.6102 0.6097 0.5411 0.5406 0.5401 0.5397 0.5393 0.539 0.5387 0.5387 0.539 0.5393 0.5396 
18.5243 18.6661 17.5633 18.2385 15.2512 14.7388 13.9597 11.9037 11.883 11.8576 11.8269 10.3511 10.3163 9.0973 7.9684 7.0137 7.0272 7.0459 8.0315 8.6329 8.8003 10.6992 15.0452 17.1885 19.3232 21.3268 21.0487 20.3623 19.4601 18.4433 17.5742 17.4264 17.3256 17.2526 16.4902 16.3846 14.6992 19.4015 19.8309 26.1845 26.504 31.4571 27.9483 29.1354 29.0182 28.9171 25.2502 25.0681 22.7972 18.3857 18.2064 18.0518 17.9191 17.8057 10.4584 10.3845 10.3205 5.4474 1.9861 1.9764 0.9304 0.6911 0.702 0.6109 0.6103 0.6097 0.5411 0.5406 0.5401 0.5397 0.5392 0.5389 0.5385 0.5385 0.5388 0.5392 0.5395 0.6339 
18.5252 18.5237 18.6655 18.2448 17.1877 14.8962 14.7349 13.9505 11.9056 11.8789 11.8455 10.3856 10.3515 10.3032 9.0863 7.9498 7.0285 7.0503 7.0872 6.807 8.6 10.3372 11.2479 13.2209 14.9255 19.8347 19.7229 19.3841 18.3371 17.7188 17.4946 17.3622 16.684 16.4849 14.934 14.728 19.1975 19.7757 26.2008 26.6198 31.5953 29.3981 29.2283 29.0793 28.9519 25.3257 25.1037 22.8251 18.4381 18.2266 18.0465 17.894 17.7653 10.4508 10.3672 10.2957 5.4394 1.9854 1.9746 0.9302 0.6911 0.7021 0.7014 0.6104 0.6098 0.5412 0.5406 0.5401 0.5396 0.5391 0.5387 0.5384 0.5383 0.5387 0.539 0.5394 0.6337 0.635 
18.5263 18.5248 18.523 18.5269 18.2467 17.1896 14.9016 14.7296 13.9374 11.9079 11.8723 11.8267 10.398 10.351 9.1257 9.0624 7.9077 7.0463 7.0865 7.0718 7.06 8.4026 10.0787 12.3492 12.9977 11.7506 15.6188 16.2456 18.1425 17.5888 16.9777 16.4265 16.0062 15.0241 14.7328 18.8461 19.638 23.7602 26.775 31.8034 33.0205 29.3603 29.1658 29.0008 25.4277 25.1518 22.86 18.5017 18.2488 18.0366 17.8596 17.7127 10.4398 10.3446 5.3849 5.429 1.9844 1.9723 0.93 0.6912 0.7023 0.7015 0.6106 0.6098 0.5414 0.5407 0.5401 0.5395 0.539 0.5386 0.5382 0.5381 0.5385 0.5389 0.5392 0.6335 0.6349 0.6362 
18.2124 18.5262 18.5243 18.5221 18.5271 18.2494 17.1923 14.9093 14.7219 13.9178 11.9106 11.8611 11.796 10.4168 10.3488 9.1402 8.1931 7.8085 7.0557 7.1388 7.4011 7.777 7.0652 7.7979 9.1487 9.9652 10.4745 13.3544 14.6924 17.4745 17.038 15.5995 15.0665 14.6545 13.9006 18.0551 23.2119 26.9814 30.5415 33.13 29.5552 29.2932 29.0724 28.8926 25.2182 22.9045 18.58 18.273 18.0197 17.8122 17.6432 10.4239 10.3148 5.3766 5.4155 1.9831 1.9694 0.9298 0.6912 0.7024 0.7015 0.6107 0.6099 0.5415 0.5407 0.5401 0.5394 0.5389 0.5384 0.538 0.5378 0.5383 0.5387 0.5391 0.6332 0.6348 0.6362 0.6899 
18.1671 18.2139 18.526 18.5237 18.5209 18.5276 18.2535 17.8684 14.9212 14.7103 13.887 11.9139 11.8407 11.7421 10.7047 10.0539 9.1592 8.8474 7.2933 6.9542 6.738 6.7563 6.1404 6.5552 7.4922 8.4483 8.3686 9.7858 12.4348 13.4161 14.7655 13.5287 12.5561 12.5304 12.3274 18.1681 27.6382 30.7301 33.3106 33.0808 29.49 29.182 28.9357 23.291 22.9626 18.6782 18.2986 17.9917 17.7457 17.55 10.4011 10.2749 5.365 1.9342 1.9195 0.9608 0.9294 0.6913 0.7027 0.7016 0.611 0.61 0.5417 0.5408 0.54 0.5394 0.5388 0.5382 0.5377 0.5375 0.538 0.5385 0.539 0.6329 0.6346 0.6362 0.6899 0.6696 
19.1378 18.1693 18.2158 18.5258 18.5229 18.5192 18.5286 18.1696 16.7184 14.8218 14.6917 12.669 11.917 11.8001 10.7435 10.696 10.0775 9.1683 7.8054 7.3288 6.426 5.2218 5.0004 4.9958 5.6211 6.6344 7.0284 8.0478 9.4244 11.4122 11.5873 11.6489 11.9474 10.4396 15.6679 22.5869 30.9532 31.1745 33.2825 29.8129 29.3601 29.0049 23.4797 23.0408 21.0423 18.3244 17.9462 17.651 10.5516 10.3679 5.4295 5.3486 1.9333 1.9163 0.9605 0.929 0.7391 0.7815 0.7017 0.6112 0.6102 0.5419 0.5409 0.54 0.5393 0.5386 0.538 0.5375 0.5372 0.5378 0.5383 0.5388 0.6326 0.6344 0.6362 0.6898 0.6697 0.6962 
19.9121 19.1344 18.1723 18.2186 18.5257 18.5218 18.5168 18.5305 18.1741 16.7264 15.5779 14.6594 12.677 11.9156 11.7103 10.7597 10.6568 9.9764 9.3738 7.7854 7.3643 6.3473 4.6816 4.7924 4.9525 5.7058 6.3939 6.8649 8.6014 9.8024 10.2402 10.4492 10.454 10.0141 16.1834 28.2099 31.7105 34.3591 32.0583 29.6726 29.1238 28.7325 23.1487 21.0705 18.3469 17.8721 17.5133 10.7694 10.3189 5.4211 5.325 1.9318 1.9117 0.9602 0.7387 0.7392 0.7815 0.7019 0.6116 0.6103 0.6092 0.541 0.54 0.5392 0.5384 0.5377 0.5372 0.5368 0.5374 0.538 0.5386 0.6322 0.6343 0.6361 0.6898 0.6698 0.7347 0.6969 
19.8112 19.9135 19.1293 18.1765 18.2227 18.5256 18.5203 18.5132 18.5344 18.1814 16.7387 15.6116 14.5993 12.6894 11.8796 11.5074 10.7464 10.6309 9.6526 8.7274 8.012 7.2273 6.4534 4.467 4.5949 4.7871 5.3958 5.86 7.0334 8.7241 9.7801 10.6092 10.1705 13.8739 26.6629 29.9187 35.0378 32.699 30.2787 29.3447 28.7193 23.301 21.089 20.5995 17.7501 11.6512 10.7255 10.2451 5.6486 5.2906 1.9291 1.9053 0.9598 0.7387 0.7393 0.7815 0.7021 0.7006 0.6106 0.6093 0.5412 0.54 0.5391 0.5382 0.5374 0.5368 0.5363 0.537 0.5377 0.5383 0.6318 0.634 0.6625 0.6898 0.6914 0.7349 0.6971 0.6976 
19.8313 19.8172 19.9152 19.705 18.1825 18.2292 18.5258 18.5181 18.5071 18.1772 18.1948 16.7602 15.6781 14.4952 12.8323 11.5744 11.127 10.66 9.7135 8.9398 8.647 7.4832 6.5056 5.0538 4.8391 4.74 4.909 5.8614 6.7123 7.1495 9.3305 10.534 9.8327 17.2821 28.2395 34.6744 35.589 32.7173 29.7854 28.683 23.5145 21.0777 20.411 12.0632 11.6287 11.3251 5.7752 5.6172 5.2393 1.9245 1.8959 0.9592 0.7388 0.7395 0.7816 0.7023 0.7006 0.6109 0.6094 0.5414 0.5401 0.5389 0.5379 0.5371 0.5364 0.5358 0.5366 0.5374 0.5381 0.6312 0.6338 0.6624 0.6642 0.6916 0.735 0.6973 0.6979 0.7652 
18.7953 19.8433 19.825 19.917 19.6871 18.1918 18.2399 18.2204 18.5144 18.4955 18.1869 17.7645 16.5033 15.7823 14.0006 12.3763 11.2512 11.3729 10.8504 9.1229 8.6866 8.1901 7.1015 6.351 5.4786 5.1655 4.9361 5.2883 5.6376 6.531 7.3261 9.4654 9.0593 20.3362 32.1307 37.2566 35.6841 31.658 26.784 25.74 20.9907 20.0576 12.1791 11.5665 11.1685 5.7663 5.5635 2.1173 1.9168 0.9007 0.9583 0.7389 0.7397 0.7816 0.7027 0.7007 0.6113 0.6095 0.5417 0.5401 0.5388 0.5376 0.5367 0.5359 0.5352 0.5361 0.5369 0.5377 0.6306 0.6335 0.6622 0.6642 0.6918 0.7351 0.6976 0.7655 0.7653 0.8411 
18.8083 18.8192 19.8601 19.8353 19.9186 19.6573 18.2071 18.2599 18.2316 18.5073 18.468 18.2076 17.8516 16.6647 15.4311 13.9134 11.4904 11.2524 11.2271 10.4787 8.9322 8.5394 7.9163 6.9192 5.9277 5.3561 4.8808 4.9989 5.3931 5.7728 6.3991 7.4757 19.0713 32.6124 36.8308 34.7843 30.6912 26.1801 25.1137 18.3945 17.1972 14.3717 11.4157 6.9117 5.734 5.4689 2.1135 1.9036 0.8999 0.9568 0.6786 0.7401 0.7818 0.7803 0.7008 0.6118 0.6097 0.5421 0.5402 0.5386 0.5373 0.5362 0.5353 0.5344 0.5354 0.5364 0.5117 0.6299 0.6331 0.662 0.6642 0.692 0.7353 0.6979 0.7656 0.7654 0.8411 0.8411 
18.8208 18.8364 18.8522 18.8657 19.8495 19.7892 19.6036 18.2422 18.3021 18.2617 18.4893 18.3756 18.2643 19.7748 14.901 13.0947 12.4572 11.4875 11.5004 11.0255 10.5463 9.4457 8.0645 7.9176 6.3765 5.7886 4.6817 4.5852 4.926 5.477 8.1944 23.7408 30.7814 31.8943 30.4611 28.7558 25.0551 24.2813 20.3855 17.3026 14.1293 9.5937 6.8868 6.4899 2.2046 2.1031 1.88 0.8984 0.8927 0.6792 0.7406 0.782 0.7801 0.7009 0.6126 0.6099 0.5426 0.5403 0.5384 0.5369 0.5356 0.5346 0.4587 0.5346 0.5358 0.4773 0.5127 0.6327 0.6618 0.6643 0.6923 0.7355 0.6982 0.7657 0.7655 0.7653 0.8411 0.8411 
18.8316 18.8526 18.8762 18.9006 18.9214 19.87 19.7639 19.4953 18.2954 18.4096 18.3849 18.403 17.989 17.8873 15.3449 14.0299 13.0427 14.4988 11.7458 11.4934 11.0032 10.3749 9.0775 8.064 8.2104 7.2325 6.1323 4.4341 7.498 10.9033 17.6299 33.9554 31.6678 28.3359 25.2697 25.151 22.069 19.6263 17.9817 12.4889 9.5153 6.7161 6.1571 2.2322 2.077 1.0625 0.8952 0.6759 0.6801 0.7414 0.8006 0.7523 0.6737 0.6715 0.6104 0.6076 0.5405 0.5382 0.5364 0.5349 0.5337 0.4585 0.5337 0.5351 0.477 0.5125 0.6367 0.6615 0.6644 0.7299 0.7358 0.737 0.769 0.7657 0.7655 0.8411 0.8411 0.9031 
18.8387 18.8651 18.8973 18.9358 18.9783 19.0139 19.8991 19.6743 19.2471 18.4204 18.7753 19.6153 17.8636 17.6951 15.7277 14.6142 15.2882 14.9373 12.3812 11.7939 11.8042 10.6654 10.1495 9.4048 9.0638 8.6416 7.9771 6.6747 9.8405 26.1288 27.7752 31.1481 27.5428 24.7232 22.6038 19.441 19.327 16.5358 12.584 7.7972 6.1423 3.7071 2.2572 2.0105 1.0583 0.8881 0.6754 0.6817 0.7427 0.8004 0.7523 0.6746 0.6717 0.611 0.6075 0.5409 0.538 0.5358 0.534 0.5326 0.4583 0.5325 0.5341 0.4767 0.5123 0.6359 0.6612 0.6644 0.73 0.7361 0.7374 0.7691 0.7658 0.7656 0.8412 0.8412 0.9031 0.9034 
18.8402 18.8703 18.9097 18.9625 19.0328 19.1201 19.1949 19.9209 19.2738 18.6836 18.81 18.7861 18.022 17.248 16.9467 15.1019 14.8758 14.5782 13.5604 12.5171 12.2308 11.9437 10.4784 10.0023 9.562 9.6563 10.0894 13.423 30.6206 33.9524 29.5741 27.1733 24.3217 21.7127 19.4734 17.7853 15.748 13.6138 8.8484 5.7076 3.5554 2.7138 1.8452 1.0447 0.8698 0.6745 0.6846 0.7451 0.8001 0.7523 0.6762 0.6722 0.612 0.6074 0.5414 0.5378 0.535 0.5328 0.4715 0.458 0.4569 0.4743 0.4762 0.512 0.635 0.6608 0.6645 0.7301 0.7321 0.7379 0.7693 0.766 0.7657 0.8412 0.8412 0.9031 0.9035 1.4003 
18.2848 18.3355 18.4039 18.9669 19.0588 19.2065 19.4409 19.665 18.9806 17.1901 17.7621 18.0913 17.5 17.3503 17.1937 16.7977 15.9846 15.6223 14.3061 14.0336 13.6949 12.5284 11.7562 10.3118 9.894 10.3671 19.2109 41.9745 35.679 31.6768 28.0554 25.6476 21.3804 18.8837 16.5744 14.5417 12.4739 11.0545 5.4702 3.2465 1.9196 1.508 0.9732 0.8128 0.6726 0.6911 0.8045 0.7996 0.7525 0.7065 0.673 0.6523 0.6074 0.5422 0.5375 0.5339 0.5313 0.4711 0.4576 0.4563 0.4733 0.4756 0.5117 0.5395 0.6604 0.6647 0.7302 0.7325 0.7699 0.7696 0.7662 0.7659 0.8412 0.8412 0.9031 0.9035 1.4 1.4036 
18.2501 18.293 18.3512 18.4342 18.5615 18.7796 19.2243 20.5057 21.0563 17.802 15.8322 16.451 16.8168 17.2729 17.6103 18.19 19.1357 17.7031 16.7387 16.0161 16.7005 14.0535 12.9155 12.2834 11.7334 11.7918 31.6352 33.8859 31.9843 28.2359 23.6435 21.2443 19.3779 15.3257 12.6442 10.9823 9.3152 5.7845 4.3981 2.4673 1.67 0.6495 0.6006 0.6703 0.7107 0.7609 0.7986 0.7942 0.7074 0.6583 0.6524 0.5915 0.5436 0.5372 0.5325 0.5292 0.4705 0.4569 0.4555 0.3974 0.4747 0.4816 0.5393 0.6381 0.6802 0.7304 0.733 0.7702 0.7698 0.7665 0.7661 0.8413 0.8413 0.8413 0.9035 1.3995 1.4036 1.3713 
18.2053 18.2352 18.2738 18.3252 18.3964 18.4998 18.651 18.6704 16.6546 14.2544 15.2221 15.5067 16.0684 17.1147 18.4575 18.8965 19.2933 19.2378 20.7216 21.7229 17.2449 15.2336 14.5267 13.3314 13.345 26.9022 31.9188 29.6537 28.3496 23.153 19.7133 17.6995 15.529 12.9968 10.0134 7.6281 6.6626 5.0914 2.4509 1.4067 0.8121 0.5303 0.6976 0.7995 0.7874 0.7956 0.7885 0.7094 0.7049 0.653 0.5936 0.5716 0.5369 0.5306 0.4719 0.4696 0.456 0.4543 0.3975 0.4735 0.481 0.4838 0.5418 0.6799 0.7306 0.7337 0.7706 0.7702 0.7667 0.7663 0.766 0.8413 0.8413 0.9036 1.399 1.4037 1.3717 1.375 
18.1541 18.1684 18.1828 18.1944 18.1942 18.1517 17.9544 17.1952 14.2958 15.1916 14.278 15.9715 16.4062 16.8772 18.8679 20.8601 22.5468 23.9451 26.2448 28.0469 22.4531 15.6796 15.368 18.2074 22.1859 31.3874 28.0164 25.9059 23.7752 21.0102 16.616 14.5163 12.6377 10.9399 8.2633 5.9715 3.8573 2.3803 1.3816 1.0959 0.6402 0.7876 0.8648 0.851 0.7755 0.7739 0.7144 0.7052 0.6549 0.6175 0.5717 0.5367 0.5005 0.4714 0.4683 0.4546 0.3991 0.3975 0.4717 0.4801 0.4836 0.5421 0.6794 0.7308 0.7345 0.7711 0.7706 0.7671 0.7666 0.7662 0.8413 0.8413 0.9039 1.3984 1.3678 1.3721 1.3758 1.268 
18.1013 18.1003 18.0924 18.0704 18.0186 17.9025 17.6523 15.8302 14.0937 14.3263 13.9136 15.5489 17.0299 18.5921 19.1042 21.0411 24.3231 26.4432 28.8004 28.512 23.4596 19.5072 20.4809 18.4748 29.2738 27.7221 24.0328 22.2439 19.8602 16.8269 13.761 12.8406 10.3941 7.6288 6.553 3.7415 2.4749 1.5114 1.0499 0.6749 0.6046 0.7925 0.8183 0.7593 0.7408 0.7266 0.7094 0.6397 0.6189 0.5724 0.5599 0.5002 0.4703 0.4662 0.4124 0.3995 0.3975 0.396 0.4788 0.4833 0.5425 0.6788 0.7312 0.7355 0.7672 0.7711 0.7705 0.7669 0.7664 0.8414 0.8414 0.9038 1.3975 1.3677 1.3725 1.3767 1.2692 1.271 
18.0512 18.0378 18.0137 17.9711 17.8968 17.7699 16.0264 14.0072 14.5023 14.5882 15.0513 15.5517 17.8976 19.6497 23.0542 26.5613 23.2787 24.5121 31.672 24.8455 18.906 22.2387 28.1731 28.0849 27.7404 22.9217 20.3428 18.0965 15.5123 13.347 11.8636 7.5441 5.2802 4.5055 3.4167 1.3401 1.1064 0.6683 0.5985 0.6799 0.7176 0.8009 0.7957 0.7438 0.7069 0.7194 0.6676 0.627 0.5896 0.5239 0.4898 0.4683 0.4625 0.4127 0.4106 0.3972 0.3998 0.4767 0.4828 0.5241 0.6779 0.7316 0.737 0.7677 0.7717 0.771 0.7673 0.7667 0.8415 0.8414 0.9037 1.3964 1.3674 1.373 1.3778 1.2705 1.2726 1.2743 
18.0068 17.985 17.9516 17.9005 17.8236 16.0913 14.4294 14.3491 14.7104 15.0068 15.2667 16.4848 18.9688 22.8592 27.2907 29.2727 23.9937 21.5633 18.0444 21.6328 21.6552 30.4862 32.3256 29.6559 24.1326 20.7193 17.7487 14.4291 13.0756 10.2973 6.7567 5.7189 4.3749 2.1912 0.9842 0.3155 0.5487 0.6985 0.8038 0.7877 0.7707 0.7437 0.7355 0.6886 0.6511 0.6556 0.6387 0.5962 0.5203 0.4977 0.475 0.437 0.4129 0.4099 0.3965 0.3993 0.4733 0.4817 0.5242 0.6766 0.7323 0.7581 0.7683 0.7725 0.7717 0.7678 0.7671 0.8416 0.8415 0.9035 1.395 1.3669 1.3735 1.3791 1.2721 1.2744 1.2763 1.6444 
17.9695 17.9432 17.9061 17.8544 15.6572 14.44 14.3389 14.74 15.0405 15.1509 16.5893 17.8731 21.3829 26.1754 31.9705 32.1238 27.7394 19.8893 23.0775 26.83 29.5315 32.9835 30.1923 26.2065 22.6978 19.8666 14.6431 13.1836 10.6605 7.9748 5.4119 3.6304 2.1709 1.2514 0.6715 0.584 0.7309 0.7456 0.7546 0.7534 0.7396 0.6932 0.6541 0.6602 0.6485 0.6018 0.5628 0.5228 0.4861 0.4536 0.4352 0.4125 0.4081 0.3833 0.3982 0.3997 0.4797 0.5242 0.6746 0.7527 0.7581 0.769 0.7735 0.7725 0.7685 0.7675 0.8417 0.8416 0.9033 0.8679 1.3663 1.3741 1.2706 1.2739 1.2766 1.6433 1.6465 1.6491 
17.9397 17.9116 17.8745 15.6616 14.446 14.7047 14.7354 14.7503 15.1196 15.2116 17.0003 20.9669 25.0664 29.314 32.3434 32.0525 30.9789 27.1268 29.4095 35.7851 34.276 27.7943 27.1511 23.9693 20.7037 17.6277 13.5293 11.8762 9.727 6.804 4.5682 2.5764 1.7309 0.6734 0.5521 0.8348 0.7654 0.6726 0.6557 0.7133 0.7372 0.652 0.6487 0.6487 0.6233 0.5946 0.5254 0.4891 0.4617 0.4308 0.4067 0.3975 0.3849 0.3959 0.3986 0.5085 0.5238 0.5343 0.75 0.7577 0.7699 0.775 0.7736 0.7694 0.7681 0.8418 0.8417 0.903 0.8679 1.3653 1.3747 1.2721 1.276 1.2792 1.6453 1.6489 1.6519 2.8276 
17.9165 17.8886 15.6639 15.6194 14.8024 14.7288 14.7531 15.1107 15.1632 16.9237 20.3882 24.0011 27.852 31.8706 30.7751 31.0773 23.896 37.5088 38.5241 37.1735 31.2977 26.8142 22.9644 18.8286 17.8503 15.4418 12.7251 9.8044 8.6479 5.8163 3.0442 1.4653 0.5227 0.215 0.6202 0.8111 0.7669 0.6629 0.6487 0.6569 0.6805 0.6569 0.6487 0.6315 0.5863 0.546 0.488 0.48 0.4186 0.4006 0.3973 0.3893 0.3542 0.3957 0.4323 0.5222 0.5386 0.745 0.7564 0.7709 0.7725 0.7752 0.7706 0.7689 0.7675 0.8814 0.9025 0.868 1.3639 1.3753 1.2739 1.2786 1.2824 1.6479 1.652 1.6553 2.8301 4.4988 
17.8991 15.6652 15.6322 14.8084 14.7256 14.7543 15.1085 15.1417 16.8998 20.4115 23.7705 27.2379 31.6803 30.3903 31.2288 31.563 32.4094 36.9923 37.8931 34.5826 28.8206 23.7042 19.7528 17.6438 14.3787 12.3589 9.7512 8.1603 5.5512 4.4048 1.9605 0.8993 0.517 0.6468 0.8078 0.7913 0.6724 0.6661 0.6487 0.6487 0.6487 0.6485 0.6401 0.5953 0.5621 0.5169 0.4763 0.4366 0.4019 0.359 0.3391 0.343 0.3563 0.3815 0.517 0.5442 0.7354 0.7531 0.7719 0.7747 0.7777 0.7724 0.77 0.7681 0.8809 0.8805 0.8681 1.3617 1.376 1.2759 1.2817 1.2862 1.6511 1.6558 2.8211 2.8334 4.4995 4.5185 
15.666 15.6406 14.8124 14.7242 14.738 15.1085 15.1312 16.8961 17.0041 23.7275 27.0025 31.6146 30.2644 31.4297 31.5535 31.7006 33.7857 36.336 34.1746 31.4174 27.365 21.8575 18.098 14.8042 12.5461 10.9091 8.228 6.348 4.0822 2.4946 0.8594 0.5863 0.5907 0.8088 0.789 0.6612 0.6487 0.6487 0.6487 0.6487 0.6486 0.6477 0.6379 0.6054 0.5327 0.4939 0.4621 0.4175 0.3608 0.2645 0.2624 0.3227 0.3614 0.4829 0.5306 0.6202 0.7451 0.772 0.7778 0.7817 0.7781 0.7717 0.7688 0.8802 0.8797 0.8681 1.3583 1.3766 1.2783 1.2856 1.6483 1.6553 1.6607 2.8238 2.8379 4.4653 5.6275 9.9882 
15.6464 14.8152 14.8166 14.734 15.1093 15.1257 16.9001 16.9743 20.7145 24.0396 28.2265 30.2098 31.5195 31.7956 31.9181 33.4162 35.8772 33.8734 33.7577 28.334 23.6641 20.1251 15.1328 13.5392 11.2872 8.2426 7.9884 5.6757 2.9065 0.5743 0.3589 0.568 0.7453 0.79 0.6675 0.6487 0.6487 0.6487 0.6487 0.6487 0.6481 0.6441 0.6088 0.5734 0.5352 0.4578 0.3522 0.3197 0.2876 0.2624 0.2741 0.3284 0.4544 0.5362 0.6338 0.7279 0.7615 0.7818 0.789 0.7832 0.7744 0.7698 0.8788 0.8784 0.8682 1.3527 1.2685 1.2811 1.2906 1.6524 1.6608 1.6671 2.8278 2.844 4.4682 5.6332 9.6924 10.3444 
14.8172 14.8183 14.7315 14.2596 15.1228 16.9068 16.9605 20.6904 23.9723 28.0784 28.3882 30.4854 31.8971 31.9887 30.7128 30.8083 32.8855 31.1972 29.1084 25.0609 21.803 17.3944 11.2493 9.9239 7.8419 7.2526 4.7466 3.2591 0.8632 0.4572 0.6402 0.8076 0.7594 0.6934 0.6586 0.6487 0.6487 0.6487 0.6487 0.6486 0.6477 0.6274 0.5591 0.5162 0.4428 0.3471 0.3144 0.247 0.2075 0.2122 0.3026 0.3495 0.4953 0.574 0.6702 0.7434 0.7814 0.8017 0.7946 0.7796 0.8058 0.8051 0.8761 0.8683 0.8727 1.2668 1.2844 1.2972 1.6581 1.6684 2.8098 2.8336 4.4406 4.4731 5.6419 9.6908 10.3517 11.001 
14.8197 14.821 14.2526 15.1212 16.9142 16.9547 17.0061 20.8352 28.0061 26.8433 30.5272 31.9434 32.01 30.4748 30.5286 32.6003 26.6482 26.1821 24.4183 23.1315 16.1357 10.6752 9.4614 7.9051 6.7127 5.1002 3.1998 2.5126 0.5085 0.6932 0.8017 0.7669 0.6705 0.6487 0.6487 0.6487 0.6487 0.6484 0.6486 0.6484 0.6409 0.5535 0.4881 0.4413 0.3891 0.3132 0.2429 0.1942 0.1824 0.2432 0.3168 0.4052 0.5102 0.6125 0.6886 0.7542 0.8378 0.8324 0.7924 0.8017 0.8009 0.8717 0.8684 0.8749 1.2623 1.2882 1.3062 1.6665 1.6792 2.8136 2.8425 4.4427 4.4812 5.6551 9.6905 10.3624 11.0196 12.7064 
14.8218 14.7351 15.1203 15.1298 16.9529 16.9922 20.7995 27.9722 30.4435 30.5476 31.966 30.3349 30.3453 30.3444 28.3738 25.5105 25.0919 24.1207 20.3998 16.6839 10.8073 9.4264 7.3796 6.9463 5.5802 3.9432 2.7472 0.7086 0.6412 0.7899 0.7852 0.6683 0.6487 0.6487 0.6485 0.6485 0.6485 0.6474 0.6297 0.6266 0.5784 0.5165 0.442 0.3552 0.3228 0.2383 0.1777 0.1564 0.2401 0.2903 0.3686 0.4181 0.5914 0.6488 0.7207 0.7858 1.0702 0.8348 0.7868 0.7878 0.8621 0.8685 0.8789 1.2512 1.292 1.3193 1.6792 1.6954 2.8208 2.8563 4.4482 5.9689 6.0054 9.6923 10.3782 11.0453 13.7751 13.7942 
14.7334 14.2516 15.1275 16.9534 16.9843 20.7795 27.9583 30.3902 30.557 29.04 29.0391 30.2737 25.5817 28.0266 25.0016 24.6566 21.3129 20.3843 18.7405 13.9296 11.4583 8.4822 6.8124 4.9924 3.9427 2.9513 1.1672 0.5839 0.6854 0.7527 0.6639 0.6487 0.6487 0.6487 0.6482 0.641 0.6333 0.6231 0.5869 0.5758 0.5026 0.4741 0.3999 0.3283 0.2126 0.1593 0.1061 0.1501 0.2059 0.3229 0.4066 0.4914 0.5526 0.6823 0.7924 0.7436 0.564 0.7017 0.7247 0.7806 0.8695 0.7918 1.2232 1.294 1.6624 1.7005 2.7712 2.8341 2.8785 4.4597 5.9726 6.0171 9.6977 10.4019 11.0811 13.7756 13.7978 13.8161 
14.2472 15.126 16.9551 16.9799 19.9128 28.1035 30.3587 30.5606 29.0102 29.0059 24.8156 29.1067 27.86 24.7583 24.4901 21.027 20.473 19.5957 16.2301 13.743 10.6324 6.5585 4.9625 2.966 2.8035 1.6278 0.7113 0.6426 0.6597 0.6752 0.6487 0.6487 0.6487 0.6396 0.6437 0.6334 0.6077 0.5755 0.5658 0.4661 0.4286 0.4163 0.391 0.1845 0.1369 0.0985 0.1096 0.1712 0.21 0.3704 0.5257 0.5421 0.6724 0.9145 1.0276 0.5802 0.6339 0.7054 0.7776 0.8825 0.8195 1.1509 1.2848 1.6786 1.74 2.7741 2.8597 4.54 5.9059 5.9823 7.2408 9.7093 10.4375 12.1273 12.1503 13.8022 13.8233 13.8404 
15.1115 16.9573 16.9777 19.8962 24.0536 28.2707 30.499 28.9878 28.9821 24.6734 24.5949 25.0833 24.6355 24.4278 20.8658 20.5083 19.9809 16.8706 11.4569 10.6326 6.3919 4.2579 2.2129 1.6367 1.2444 0.8728 0.7039 0.6462 0.6485 0.6479 0.6486 0.6452 0.643 0.6119 0.615 0.6087 0.5746 0.4993 0.4699 0.4307 0.3843 0.3041 0.2416 0.1771 0.1327 0.0822 0.1111 0.21 0.3192 0.4212 0.5614 0.7067 0.8593 0.9339 0.8319 0.7664 0.74 0.774 0.9275 0.9113 0.9951 1.2124 1.7072 1.8266 2.792 2.9112 4.5634 5.9024 6.0043 7.2545 9.7317 10.4921 12.1486 12.1758 13.8081 13.8323 13.8518 13.8673 
16.9598 16.9768 19.8859 24.0567 28.2608 28.7306 28.9708 24.6285 24.5749 24.5012 28.679 24.5712 24.4082 20.7633 20.516 20.1699 17.1624 11.2312 10.6542 8.6435 4.3849 2.1456 1.7746 1.1535 1.0378 0.7297 0.6618 0.6406 0.6477 0.646 0.6203 0.6014 0.6037 0.6144 0.5709 0.5633 0.5572 0.4341 0.4091 0.3726 0.303 0.2749 0.2021 0.1777 0.113 0.1171 0.2091 0.2617 0.41 0.5109 0.5935 0.7334 0.9484 0.9033 0.7275 0.7472 0.6558 0.7422 0.8319 0.6278 0.9773 1.6358 2.2426 2.8599 4.413 5.8385 5.9136 7.2172 7.2862 9.7727 11.2636 12.1803 12.2126 13.8162 13.8436 13.8656 13.8831 13.8967 
16.9768 16.9935 24.0601 28.2549 28.6965 25.4461 24.556 24.5051 24.4381 28.6915 24.5371 20.8232 20.6928 20.5123 16.7994 16.3287 11.0573 9.5412 8.8826 4.3722 2.954 1.9449 1.1753 0.8461 0.7509 0.664 0.6284 0.6044 0.6144 0.6122 0.5848 0.5723 0.5689 0.5587 0.538 0.526 0.4461 0.4263 0.3985 0.3503 0.282 0.2125 0.1814 0.1863 0.1837 0.2494 0.3021 0.3684 0.4876 0.6012 0.704 0.8947 1.0241 0.9842 0.7353 0.7582 0.4513 0.3978 0.4797 0.2494 1.0681 2.9669 3.2645 4.6227 5.8119 7.1287 7.2795 7.3552 9.8451 11.3114 12.2304 12.2686 13.8279 13.858 13.8825 13.902 13.9172 13.9285 
20.1833 20.295 25.8929 28.6721 24.506 24.5017 24.4545 24.3946 28.7118 26.021 20.7447 20.6415 20.5042 16.6477 16.2771 15.1978 9.4942 9.0277 4.369 3.1048 2.7064 1.1747 0.8049 0.7788 0.7262 0.6121 0.5892 0.585 0.5804 0.5778 0.5712 0.5406 0.5375 0.5315 0.5037 0.4148 0.4013 0.3905 0.3366 0.3111 0.2773 0.1836 0.21 0.2355 0.2565 0.2985 0.3772 0.489 0.5726 0.7926 0.8822 0.9673 1.0221 0.9418 0.8557 0.5523 0.4454 0.4587 0.4372 0.7607 2.4572 3.214 4.705 6.0366 7.2968 7.4475 7.5006 10.9178 11.3905 12.3163 12.3594 13.8467 13.8763 13.9023 13.9242 13.9414 13.954 13.9627 
20.2954 25.8904 28.6546 24.4473 24.4604 24.4173 24.3638 24.2977 26.0394 20.6862 20.6025 16.764 16.5339 15.6636 15.2546 9.0448 8.0535 4.3642 3.1843 2.9064 1.1785 0.7887 0.7765 0.717 0.6118 0.6046 0.59 0.5817 0.5784 0.5653 0.552 0.5359 0.5233 0.5134 0.5067 0.4084 0.3987 0.3868 0.3139 0.2997 0.2564 0.2414 0.2853 0.2949 0.3535 0.4345 0.4932 0.5543 0.7842 0.8829 1.019 1.1108 1.1852 0.8699 0.5782 0.4661 0.4809 0.7533 1.5854 3.4788 3.6539 5.6522 7.1547 7.7321 7.8177 9.9403 10.7991 11.5283 12.481 12.5211 13.8808 13.8988 13.9232 13.9479 13.9686 13.984 13.994 15.3484 
24.5119 28.6419 24.4022 24.4286 24.3893 24.3417 24.2839 26.0581 20.6412 16.7925 16.6415 16.4482 15.6215 15.2937 8.9704 8.062 7.6601 3.2279 3.0288 1.1833 0.781 0.7738 0.7211 0.7018 0.6078 0.5939 0.5773 0.5746 0.5592 0.5426 0.5331 0.5221 0.5147 0.5074 0.4993 0.4114 0.399 0.3857 0.3205 0.2588 0.2914 0.3092 0.3845 0.3895 0.475 0.5385 0.586 0.7351 0.8552 0.9475 0.9133 0.899 0.7745 0.5724 0.4485 0.4788 0.6609 1.3666 2.4143 5.1881 8.4924 9.0492 8.5819 8.4283 9.2097 10.4433 11.7666 12.8506 12.8495 13.9547 13.9237 13.9369 13.9665 13.9956 15.2255 15.2605 15.2923 15.3206 
24.3552 24.3671 24.3772 24.3681 24.3255 24.2748 25.4759 19.041 16.6788 16.5473 16.383 15.5892 14.2864 8.9169 8.0661 7.7535 3.2528 2.66 0.7796 0.7768 0.772 0.7209 0.6983 0.6087 0.5959 0.5759 0.5743 0.5551 0.5479 0.5338 0.5125 0.5151 0.5009 0.482 0.4557 0.4275 0.4316 0.391 0.3478 0.3403 0.3414 0.4029 0.4306 0.4796 0.5047 0.6366 0.7334 0.807 0.904 0.9496 0.5725 0.577 0.5735 0.5351 0.5454 0.5699 0.599 1.7106 4.2656 8.4005 13.4949 12.1118 8.3681 8.6314 9.5734 13.118 14.5106 13.6652 13.1816 13.9398 14.9366 14.9778 15.0473 15.1157 15.1746 15.2235 15.2642 15.2985 
24.3396 24.3468 24.3518 24.3136 24.2689 21.6368 18.957 16.589 16.4738 16.3327 14.5398 14.2584 13.9196 8.0678 7.8188 3.2168 2.6988 0.7764 0.7742 0.7256 0.7202 0.7013 0.6904 0.5967 0.5754 0.5745 0.553 0.5497 0.5351 0.523 0.5164 0.5106 0.4835 0.454 0.4433 0.4463 0.4765 0.4232 0.4346 0.434 0.4287 0.5045 0.5275 0.5498 0.6235 0.692 0.7876 0.9511 1.0638 1.0455 0.7105 0.3671 0.2691 0.4981 0.6444 0.7466 1.7791 3.1334 4.8466 7.7431 11.9523 10.0696 8.6053 9.6279 12.793 16.7209 16.8935 14.9677 14.6609 14.5325 14.6544 14.8214 14.9617 15.0658 15.1425 15.2007 15.2466 15.2842 
24.3229 24.3391 24.3048 24.265 21.5805 18.8904 16.5171 16.4155 16.2932 14.4788 14.2384 13.9531 8.0682 7.8658 2.8229 2.7245 2.6093 0.7724 0.7234 0.7195 0.7027 0.6952 0.597 0.5752 0.5659 0.5521 0.5503 0.5355 0.5221 0.5075 0.5044 0.4873 0.4461 0.4401 0.4784 0.4859 0.454 0.4753 0.5107 0.5309 0.5139 0.5283 0.5848 0.6468 0.6882 0.7524 0.8957 1.0475 1.0177 0.7771 0.6364 0.2982 0.2757 0.5662 0.7454 1.4234 2.0078 4.2346 4.6039 5.1511 6.3587 8.7256 9.3985 13.3386 17.2628 20.6357 18.7329 13.4877 13.5558 13.9755 14.4244 14.7485 14.9427 15.0608 15.1394 15.1969 15.242 15.279 
24.3059 24.2981 24.2627 21.5359 16.5343 16.4588 16.3688 14.6076 14.4315 14.224 13.981 8.0678 7.4452 7.2192 2.7421 2.6495 0.7712 0.7218 0.7189 0.7033 0.6979 0.5972 0.5873 0.5657 0.5648 0.5505 0.5356 0.522 0.5031 0.4996 0.4779 0.4625 0.439 0.4923 0.5531 0.538 0.562 0.5236 0.5481 0.6052 0.6163 0.592 0.6395 0.7468 0.7979 0.892 0.9295 1.0754 0.7321 0.6235 0.4984 0.4035 0.5411 0.641 1.4582 1.8396 2.3672 4.5132 5.8516 3.1778 5.484 6.909 12.6517 18.5235 17.8978 18.1468 13.294 10.7737 12.5715 13.5717 14.4872 14.8794 15.0341 15.1143 15.1693 15.2132 15.2505 15.2831 
24.2932 24.2613 21.5002 16.4793 16.411 14.6822 14.5496 14.3944 14.2137 14.0044 7.621 7.4576 7.2681 2.7544 2.6786 0.7224 0.7207 0.7184 0.7036 0.6995 0.5972 0.5875 0.5655 0.5649 0.5506 0.5357 0.5077 0.5013 0.4989 0.4859 0.4823 0.4788 0.5053 0.5609 0.5623 0.5782 0.5943 0.6195 0.6121 0.6323 0.6825 0.7146 0.7367 0.7943 0.9466 1.0778 1.0383 1.1614 0.8558 0.5428 0.4844 0.4314 0.4511 0.7523 1.8603 2.6536 4.0923 4.4379 3.1801 4.3863 7.8158 8.1386 12.6902 15.405 18.3348 17.689 14.3517 12.4595 11.5426 14.1121 15.295 15.2869 15.2299 15.2148 15.2245 15.2451 15.2697 15.2948 
21.5706 21.4716 16.4333 16.3714 14.6216 14.5026 14.365 14.2064 14.0243 7.6074 7.4673 7.3064 2.7632 2.7003 0.7212 0.7198 0.7063 0.7037 0.7005 0.6965 0.5876 0.5655 0.565 0.5504 0.5358 0.5067 0.5005 0.4989 0.5057 0.4875 0.4878 0.5008 0.5264 0.5459 0.5923 0.6021 0.6361 0.6495 0.6758 0.7115 0.7356 0.7727 0.8831 0.9419 1.0486 0.9968 0.7751 0.7392 0.3897 0.518 0.4254 0.5974 1.0122 1.5669 2.7054 5.1388 4.0101 2.1138 1.2065 2.5201 6.0604 7.9504 7.9786 10.9102 13.8904 14.6772 14.0436 13.6208 13.7589 16.851 16.4131 15.7117 15.4267 15.3198 15.286 15.2835 15.2947 15.3117 
21.4485 16.3945 14.6648 14.5715 14.4642 14.3414 14.2011 14.0415 7.5965 7.4752 7.3369 2.7697 2.6671 0.7203 0.719 0.7058 0.7037 0.7012 0.6979 0.5877 0.5654 0.5651 0.5504 0.5359 0.5062 0.5002 0.499 0.5075 0.4891 0.4897 0.4998 0.5156 0.5669 0.5828 0.6301 0.6738 0.6819 0.6962 0.7337 0.8038 0.8432 0.9556 1.0063 0.9193 0.8903 0.7355 0.683 0.462 0.2919 0.2505 0.142 0.6841 1.2836 2.9359 4.5225 6.7349 4.505 1.1548 1.2056 2.4982 5.4545 7.8659 7.9268 8.2802 8.9712 10.4532 11.5843 13.3632 15.0919 16.2399 16.2148 15.7759 15.5118 15.3873 15.3354 15.3192 15.3207 15.3309 
16.3616 14.6148 14.5296 14.4326 14.3223 14.1974 14.0564 7.5877 7.4816 7.3616 2.7745 2.6773 2.6203 0.7185 0.7054 0.7036 0.7016 0.6988 0.5878 0.5654 0.5651 0.5503 0.5359 0.5058 0.5 0.509 0.5084 0.4897 0.4901 0.4995 0.5398 0.5722 0.5851 0.6327 0.7 0.7453 0.7579 0.7679 0.8147 1.0019 0.9804 0.9582 0.8095 0.6487 0.6302 0.6647 0.6264 0.5929 0.5121 0.2649 0.3717 0.9052 1.3078 3.1326 4.229 5.6253 4.7749 2.7035 1.7229 2.7553 5.5818 7.6279 7.3791 8.1269 8.5023 9.3456 11.9019 13.0508 14.1428 14.8568 15.7489 15.6319 15.4982 15.4115 15.3662 15.3476 15.3446 15.3503 
14.5725 14.4945 14.4062 14.3068 14.1949 14.0695 7.5805 7.487 7.382 7.2646 2.6853 2.6362 0.718 0.705 0.7036 0.7019 0.6907 0.5878 0.5653 0.5651 0.5503 0.536 0.5057 0.5096 0.5094 0.509 0.4899 0.4903 0.4994 0.5439 0.5755 0.5844 0.6644 0.6942 0.7384 0.8002 0.8234 0.8545 1.011 1.0597 0.8198 0.6165 0.5611 0.6102 0.4917 0.5253 0.6439 1.0129 1.5965 0.8011 1.6449 1.6992 1.818 2.1762 2.1525 2.8663 3.6161 3.177 1.9645 3.2518 5.7138 7.634 7.5724 8.2118 8.609 9.1035 10.9152 12.6346 12.4316 13.1735 14.3921 14.3568 15.459 15.4132 15.3836 15.369 15.3654 15.3688 
14.4646 14.3841 14.294 14.1932 14.081 7.5746 7.4916 7.3989 7.2959 2.6917 2.649 0.7176 0.7047 0.7035 0.7019 0.6911 0.5878 0.5653 0.5651 0.5503 0.52 0.5056 0.5098 0.5097 0.5093 0.5092 0.4903 0.4994 0.5604 0.5516 0.5834 0.6451 0.6911 0.7061 0.8274 0.8396 0.9034 0.9645 1.1732 0.9758 0.4851 0.4814 0.5265 0.5708 0.5083 0.4981 0.8241 2.024 2.0705 2.6017 2.2846 2.4041 2.368 2.4696 1.4495 2.2211 2.5297 2.3777 2.2008 3.6168 6.7507 7.1639 7.7327 8.4483 8.7339 9.0737 10.7567 10.6789 13.0375 12.4689 12.7943 12.8961 13.9807 13.9022 15.3956 15.3864 15.3838 15.3863 
14.3655 14.2834 14.1923 14.0912 7.5697 7.4955 7.4131 7.322 2.6969 2.6594 0.7053 0.7044 0.7034 0.7019 0.6915 0.5878 0.5782 0.5651 0.5503 0.5199 0.5055 0.5099 0.5098 0.5095 0.5095 0.4902 0.5355 0.5387 0.5518 0.6305 0.6437 0.6893 0.7986 0.8396 0.8495 0.8427 0.9071 0.9528 0.9563 0.5941 0.4351 0.4816 0.5195 0.6234 0.6452 0.7108 1.0536 2.0549 2.3989 2.961 3.1256 2.9021 2.2665 2.1516 1.8515 1.8747 2.4943 2.5229 2.2603 2.8741 6.7151 7.0694 7.7935 8.6724 8.8671 9.1082 9.3002 10.4448 11.1078 11.9987 12.2999 12.4534 12.4946 12.4656 13.705 13.6525 15.4009 15.4031 
14.2746 14.1918 14.1004 7.5655 7.4988 7.4252 7.3441 2.7011 2.668 0.705 0.7042 0.7033 0.6932 0.6917 0.6901 0.5783 0.5508 0.5503 0.5198 0.5054 0.51 0.51 0.5097 0.5096 0.4902 0.5368 0.5394 0.5659 0.6318 0.6427 0.6518 0.8021 0.8141 0.8525 0.8296 0.8388 0.8925 0.8473 0.7071 0.5359 0.438 0.4212 0.5684 0.7917 0.7875 0.7346 1.0293 1.7933 2.0622 2.3906 2.9247 3.1869 2.7189 2.3952 2.0783 11.3641 12.7735 20.332 21.766 22.6837 15.5016 12.9608 11.6575 8.8507 8.9896 9.1647 9.312 10.3095 10.8157 11.2568 11.9492 12.1155 12.1979 12.2191 12.201 12.1603 13.5388 13.5048 
14.1916 14.1086 7.562 7.5018 7.4355 7.3629 2.7046 2.6751 2.6429 0.704 0.7032 0.6932 0.6919 0.6905 0.5783 0.5508 0.5506 0.5198 0.5152 0.5101 0.5101 0.5098 0.5098 0.5509 0.5376 0.5398 0.6193 0.6326 0.6419 0.7581 0.8041 0.8134 0.8181 0.8211 0.8247 0.8748 0.7723 0.7004 0.6015 0.5717 0.4686 0.5144 0.6684 0.6515 0.8806 0.8418 0.9018 1.3961 1.9959 2.2718 2.5053 2.7202 2.7256 12.6426 19.3719 25.2734 24.8935 25.474 26.0557 26.4403 25.2067 16.5618 14.1261 12.8379 12.0978 9.2258 9.3334 10.2331 10.6279 10.984 11.2732 11.8601 11.9593 12.0088 12.0221 12.011 11.9849 11.9502 
14.116 7.5591 7.5044 7.4445 7.3791 2.7075 2.6811 2.6524 0.7038 0.7031 0.6931 0.692 0.6908 0.5783 0.5508 0.5506 0.5197 0.5152 0.5102 0.5101 0.5101 0.5099 0.5518 0.5382 0.54 0.6202 0.6331 0.6414 0.7591 0.8054 0.8126 0.7837 0.8157 0.8172 0.7646 0.7574 0.6925 0.7033 0.6229 0.5841 0.525 0.5971 0.6641 0.6999 0.7812 1.2383 1.7073 2.857 2.3309 2.3213 2.3761 2.5089 14.7544 25.4117 33.7655 30.3733 27.1861 32.3723 34.1735 34.5208 31.9653 25.6749 17.2556 15.0429 13.8216 13.0754 9.3578 10.1916 10.5057 10.7961 11.0434 11.2378 11.7699 11.8337 11.8663 11.8757 11.8691 11.8518 
7.5565 7.5067 7.4523 7.3931 2.71 2.6862 2.6604 0.7037 0.694 0.6931 0.6921 0.691 0.5783 0.5508 0.5506 0.5197 0.5153 0.5102 0.5102 0.5102 0.5099 0.5571 0.5386 0.618 0.6209 0.6334 0.7531 0.7598 0.7681 0.7748 0.779 0.8122 0.7584 0.7555 0.7498 0.7395 0.7119 0.6424 0.619 0.5365 0.5716 0.6372 1.031 1.0225 1.7656 3.1899 3.5268 3.5919 2.6116 2.3289 2.2047 6.3196 18.3864 27.7376 39.0205 22.1994 24.9053 36.3774 36.5495 35.6561 35.0784 32.2066 25.6817 17.5286 16.0868 14.5266 15.2734 10.1706 10.425 10.6647 10.8759 11.0505 11.1858 11.6895 11.7331 11.756 11.7634 11.7595 
7.5087 7.4591 7.4053 2.712 2.6905 2.6673 0.7035 0.6939 0.6931 0.6922 0.6912 0.5783 0.5508 0.52 0.5197 0.5153 0.5152 0.5102 0.5102 0.51 0.5576 0.5389 0.619 0.6214 0.6244 0.7548 0.7604 0.7672 0.7726 0.7758 0.7792 0.7525 0.7498 0.7453 0.7381 0.7155 0.7006 0.659 0.5569 0.5674 0.6306 0.6468 1.309 2.0859 3.2946 4.074 4.0603 3.056 1.8471 2.2944 2.6324 8.7419 17.6 21.3723 25.9818 28.9467 34.7888 42.6826 38.5784 36.4936 35.5265 34.9994 32.1151 25.455 17.5408 16.3738 16.421 15.8512 10.3713 10.5713 10.7522 10.9074 11.0337 11.1315 11.6204 11.6517 11.6687 11.6747 
7.4651 7.416 2.7138 2.6943 2.6732 0.7034 0.6938 0.693 0.6923 0.6914 0.5784 0.5508 0.52 0.5197 0.5153 0.5153 0.5103 0.5103 0.5573 0.558 0.5391 0.6197 0.6218 0.6244 0.7561 0.7608 0.7664 0.771 0.7734 0.776 0.7484 0.746 0.7424 0.7372 0.7172 0.7072 0.6684 0.6581 0.5662 0.5758 1.2355 1.3592 2.0838 2.9448 3.4372 3.7786 3.5613 1.9218 2.1783 2.3129 8.9789 10.149 16.0548 16.1297 18.9263 28.3174 34.8553 37.9263 36.6846 35.0288 33.9266 33.205 32.7066 31.9429 24.4091 17.4369 16.5059 16.7413 16.2419 10.5041 10.6598 10.7971 10.9131 11.0071 11.0802 11.5615 11.5849 11.5981 
7.4254 2.7153 2.6975 2.6783 0.7033 0.6936 0.693 0.6923 0.6915 0.5784 0.5508 0.5293 0.5197 0.5154 0.5153 0.5103 0.5103 0.5576 0.5583 0.5591 0.6203 0.6221 0.6243 0.7572 0.7612 0.7659 0.7698 0.7717 0.7737 0.7455 0.7434 0.7405 0.7364 0.7181 0.7109 0.6737 0.6663 0.5659 0.572 1.2628 1.3281 2.0731 2.8932 3.1347 3.2419 3.3133 2.4035 2.0208 7.494 11.4274 12.1769 10.1343 12.4245 15.9317 28.1575 40.9354 33.5702 35.0519 34.8417 34.2001 33.541 33.006 32.5923 32.2713 31.7751 24.2938 17.2954 17.5449 16.9388 16.5061 10.5899 10.7114 10.817 10.9055 10.9773 11.0335 11.5113 11.5294 
2.7166 2.7003 2.6827 0.6941 0.6936 0.693 0.6923 0.6916 0.6906 0.5729 0.5293 0.5245 0.5154 0.5153 0.5103 0.5103 0.5579 0.5585 0.6193 0.6207 0.6223 0.6242 0.758 0.7614 0.7654 0.7688 0.7703 0.772 0.7432 0.7415 0.739 0.7358 0.7185 0.7132 0.6769 0.6715 0.6656 1.1796 1.2779 1.3226 2.0689 2.8807 3.0202 3.0839 3.099 3.0208 6.2062 10.026 15.1515 19.5393 18.3578 10.34 13.0827 33.7517 33.5516 37.3017 35.9927 33.9775 33.3555 32.8472 38.1001 37.8948 37.7438 37.6348 31.9235 31.6286 24.1706 22.8045 17.5624 17.06 16.6864 10.6442 10.7398 10.8223 10.8913 10.9474 11.447 11.4683 
2.7027 2.6866 2.6694 0.6935 0.6929 0.6924 0.6915 0.6908 0.5729 0.5292 0.5246 0.5154 0.5154 0.5104 0.5103 0.5582 0.5587 0.6198 0.6211 0.6225 0.6242 0.7587 0.7617 0.7651 0.7681 0.7693 0.7707 0.7415 0.74 0.738 0.7354 0.7187 0.7146 0.7096 0.6748 0.6703 1.1932 1.2874 1.3193 2.0679 2.8763 2.9729 3.0108 3.0372 7.9974 8.9112 13.2859 19.0873 25.2197 25.0422 20.2456 18.4981 25.0996 40.8692 36.6058 32.8518 35.1688 34.7488 33.0472 32.5768 32.1677 38.0464 37.8892 37.7696 37.6788 37.6099 31.5036 24.0512 22.8213 17.5536 17.1336 16.8106 10.6775 10.7537 10.8192 10.874 10.9189 11.4141 
2.6901 2.6743 0.6934 0.6929 0.6924 0.6916 0.6909 0.5729 0.5292 0.5246 0.5154 0.5154 0.5104 0.558 0.5584 0.5589 0.6203 0.6214 0.6226 0.6241 0.7592 0.7618 0.7648 0.7675 0.7685 0.7696 0.7402 0.7388 0.7371 0.735 0.7323 0.7155 0.7117 0.677 0.6735 1.2029 1.2305 1.3175 2.0682 2.8495 2.9506 2.9744 2.9963 9.0423 9.964 15.8834 20.5026 23.7197 29.656 35.0893 20.304 20.1933 26.6509 35.0205 39.7622 37.1183 36.2723 38.0314 37.8866 32.401 32.0372 31.7185 31.4358 37.8852 37.7857 37.7076 37.646 31.3969 23.9397 24.4492 17.5318 17.1772 16.8968 10.6971 10.7586 10.8114 10.8557 10.8922 
2.6785 0.6933 0.6929 0.6924 0.6916 0.691 0.5729 0.5292 0.5246 0.5154 0.5154 0.5104 0.5582 0.5586 0.559 0.6206 0.6216 0.6228 0.624 0.7597 0.762 0.7646 0.767 0.7679 0.7688 0.7391 0.7379 0.7365 0.7347 0.7325 0.7162 0.7131 0.6786 0.6758 1.2101 1.232 1.3165 2.0 2.8423 2.9389 2.9549 9.1487 9.5976 10.3567 15.7898 19.8462 21.4455 25.536 26.3378 24.1366 18.1915 21.7785 27.6859 34.3054 35.5624 38.4738 38.6108 38.626 41.2383 38.0776 37.9244 38.658 38.3934 31.1648 30.9675 37.7924 37.7245 37.6694 30.5184 23.8375 24.3845 17.504 17.2017 16.957 17.5095 10.7578 10.801 10.8374 
0.6932 0.6928 0.6924 0.6917 0.6911 0.5729 0.5292 0.5246 0.5155 0.5154 0.5154 0.5584 0.5587 0.5591 0.6209 0.6218 0.6228 0.624 0.7601 0.7621 0.7645 0.7666 0.7673 0.7681 0.7382 0.7372 0.7359 0.7344 0.7325 0.7166 0.7141 0.6797 0.6774 1.2157 1.2335 1.3161 1.9955 2.8386 2.9323 2.9436 9.5012 9.8902 10.486 15.821 19.4136 20.3021 24.282 24.3221 24.448 22.7544 21.6146 25.745 32.5665 38.0724 36.4494 35.4885 38.0661 38.1245 38.1541 41.0654 41.0945 41.1109 38.7441 38.5015 38.3068 38.1499 38.0229 37.9196 37.6838 30.4823 25.4145 24.3248 23.8604 17.2138 17.7735 17.558 10.7535 10.7893 
0.6928 0.6924 0.6917 0.6861 0.5729 0.5292 0.5246 0.5245 0.5154 0.5154 0.5585 0.5588 0.5592 0.6212 0.622 0.6229 0.6239 0.7604 0.7622 0.7643 0.7663 0.7669 0.7676 0.7683 0.7366 0.7355 0.7342 0.7326 0.7169 0.7148 0.6805 0.6786 0.6765 1.2348 1.2528 1.993 2.8368 2.9284 2.9367 9.7188 10.046 10.5128 15.7849 16.4578 19.6986 23.8288 24.5954 24.3566 23.859 23.2618 26.0124 28.6566 39.1085 39.7965 36.9358 35.4715 37.7358 37.7602 37.8132 37.8516 40.9387 40.9708 40.9918 41.0036 38.5658 38.3863 38.2388 38.1169 38.016 37.9319 37.8617 25.4197 24.2709 23.8677 17.2179 17.7867 17.5952 17.4333 
0.6922 0.6917 0.6862 0.5729 0.5292 0.5246 0.5245 0.5154 0.5154 0.5586 0.5589 0.5593 0.6214 0.6221 0.623 0.6239 0.7607 0.7623 0.7642 0.766 0.7665 0.7671 0.7678 0.7361 0.7351 0.734 0.7326 0.7172 0.7154 0.6811 0.6796 0.6778 1.236 1.2508 1.9916 2.8361 2.926 2.9323 9.8556 10.1292 10.4995 15.7334 16.218 20.2688 24.4964 24.4379 24.3154 24.1026 23.8175 26.2177 27.6165 30.0613 33.6231 34.9866 33.7363 35.0482 34.5716 37.4735 37.5386 37.5999 37.645 37.6729 40.8779 40.9011 40.9165 40.9255 38.4343 38.2976 38.1828 38.086 38.0041 37.9346 25.3109 24.2226 23.8699 17.9946 17.795 17.6241 
0.6918 0.6862 0.5518 0.5292 0.5246 0.5245 0.5155 0.5585 0.5587 0.559 0.5594 0.6216 0.6223 0.623 0.6239 0.7609 0.7624 0.7641 0.7657 0.7662 0.7667 0.7673 0.7357 0.7348 0.7338 0.7326 0.7173 0.7158 0.7141 0.6803 0.6788 1.2371 1.2495 1.991 2.8359 2.9245 2.9295 9.943 10.1726 13.097 15.6817 16.0467 20.0853 24.4039 24.3624 24.2897 24.1762 24.0231 26.3583 27.0807 28.2346 29.8285 31.4958 32.3654 32.1967 31.5652 34.1957 34.0175 37.311 37.3889 37.4524 37.4997 37.5323 40.8076 40.8315 40.8485 40.86 40.8672 40.871 38.2273 38.1358 38.0574 37.9899 31.7575 24.1794 23.8687 24.336 17.7998 
0.6863 0.5518 0.5249 0.5246 0.5246 0.5155 0.5586 0.5588 0.5591 0.5594 0.6217 0.6224 0.6231 0.6238 0.7612 0.7625 0.764 0.7655 0.766 0.7664 0.7669 0.7353 0.7345 0.7336 0.7326 0.7314 0.7161 0.7146 0.6808 0.6796 1.2381 1.2486 2.071 2.218 2.2286 9.1286 9.9994 10.1935 15.4007 15.6343 19.7308 24.3667 24.3491 24.3188 24.2712 24.2019 24.1099 26.4507 26.8758 27.5131 28.3816 29.4089 30.3685 30.9536 31.0526 30.8168 33.8118 33.7364 33.664 37.2121 37.2883 37.3489 37.3951 37.4288 40.7539 40.7774 40.795 40.8078 40.8167 40.8226 40.826 38.1705 38.0961 39.0534 38.7576 24.1407 24.6305 24.3413 
0.5518 0.5249 0.5246 0.5246 0.5155 0.5587 0.5589 0.5592 0.5595 0.6219 0.6224 0.6231 0.6238 0.7613 0.7626 0.7639 0.7654 0.7657 0.7662 0.7666 0.735 0.7343 0.7335 0.7326 0.7315 0.7164 0.7151 0.6813 0.6802 1.239 1.2481 2.0717 2.0887 2.2263 9.1819 9.3471 10.2016 15.4009 15.5919 19.6847 24.3279 24.3133 24.2905 24.257 24.2107 24.1505 24.0785 26.791 27.184 27.7091 28.3522 29.0474 29.6714 30.0915 30.2504 30.1912 30.0016 33.4739 33.4528 33.4236 37.1499 37.2194 37.2749 37.3182 37.3512 40.7124 40.7349 40.7523 40.7657 40.7756 40.7827 40.7876 40.7907 38.1236 39.0068 38.7415 31.889 24.6042 
0.5249 0.5246 0.5246 0.5155 0.5588 0.559 0.5592 0.5595 0.622 0.6225 0.6231 0.6238 0.7615 0.7626 0.7639 0.7652 0.7656 0.7659 0.7663 0.7347 0.7341 0.7333 0.7325 0.7316 0.7166 0.7154 0.6816 0.6807 1.2398 1.2477 1.2567 2.087 2.2245 9.2201 9.3642 12.8887 15.3955 15.5545 19.6473 24.3004 24.2882 24.2704 24.2457 24.2128 24.1708 24.1202 26.754 27.017 27.3602 27.7832 28.2658 28.7607 29.1994 29.5158 29.6772 29.6953 29.6098 33.245 33.2609 33.2607 33.2509 37.1093 37.1708 37.2207 37.2605 37.2918 37.316 40.7011 40.718 40.7314 40.7417 40.7496 40.7555 40.7596 40.7624 38.9686 38.7298 31.9108 
0.5246 0.5246 0.5155 0.5589 0.5591 0.5593 0.6216 0.6221 0.6226 0.6231 0.6237 0.7616 0.7627 0.7638 0.7651 0.7654 0.7657 0.7661 0.7345 0.7339 0.7332 0.7325 0.7317 0.7167 0.7157 0.6819 0.6811 1.2405 1.2475 1.2553 2.0858 8.3517 9.2477 9.3741 12.8984 15.3871 15.5215 19.6161 24.2799 24.2697 24.2555 24.2366 24.212 24.1812 24.1442 26.738 26.925 27.1636 27.456 27.7964 28.1664 28.5342 28.8597 29.1064 29.2544 29.3055 29.2779 29.1961 33.093 33.1138 33.122 33.1214 37.0817 37.1357 37.1802 37.2164 37.2456 37.2688 40.6741 40.6902 40.7032 40.7137 40.7219 40.7283 40.7332 40.7368 38.9369 38.7214 
0.5246 0.5245 0.5589 0.5591 0.5593 0.6217 0.6222 0.6227 0.6232 0.6237 0.7618 0.7627 0.7638 0.7649 0.7652 0.7655 0.7658 0.7342 0.7337 0.7331 0.7325 0.7317 0.7169 0.716 0.6822 0.6814 0.6806 1.2473 1.2542 2.0849 8.3807 9.2677 9.3794 12.9028 15.3772 15.4923 19.5896 24.2641 24.2555 24.2439 24.2289 24.2099 24.1865 24.1585 30.4304 26.8712 27.0452 27.2564 27.5036 27.7795 28.0697 28.3527 28.604 28.8017 28.9329 28.9965 29.001 28.9601 28.8882 32.9844 33.0057 33.017 33.0209 37.0623 37.1097 37.1493 37.1821 37.2091 37.231 37.2562 40.6673 40.6799 40.6902 40.6985 40.7052 40.7106 40.7147 38.9107 