ncols 66 
nrows 57 
xllcorner 159467.343018
yllcorner 383914.979004
cellsize 0.25
nodata_value -9999 
22.6222 22.6317 22.6423 22.6539 22.6666 22.6803 20.6906 23.3237 21.5396 21.5137 22.2772 22.2759 20.0007 24.666 22.7886 22.0502 22.0899 20.464 20.5214 20.4923 20.4618 20.4305 16.9614 16.9699 18.1278 19.4391 21.0562 20.2804 20.3131 20.3483 20.3849 21.8813 23.8458 26.0553 26.1984 28.0536 28.9429 29.0127 30.1382 33.6317 33.8281 34.0708 34.8293 37.1832 39.898 40.5778 41.0968 41.2129 41.3077 42.7941 42.8134 42.8236 42.8263 42.8231 42.8157 42.8054 42.7933 42.7802 42.7667 42.7533 42.3832 42.3418 42.305 42.2724 42.2434 42.2179 
22.6129 22.6228 22.6338 22.6461 22.6597 22.6744 22.6903 20.6785 21.5505 21.5223 21.4921 22.2701 22.2692 22.512 22.779 22.8086 22.0852 22.4753 20.5338 20.5012 20.4667 20.431 16.9645 16.9747 18.1258 19.4338 19.4399 19.2726 20.3012 20.3416 20.3841 21.8704 23.7975 25.9875 26.151 28.0157 28.9319 29.0152 30.1398 30.4385 33.7041 33.9771 34.7785 35.8922 39.88 40.6181 41.1624 41.306 42.8095 42.8423 42.8615 42.8691 42.8676 42.8595 42.847 42.832 42.8157 42.799 42.7252 42.4105 42.3619 42.319 42.2814 42.2485 42.2198 42.1947 
22.6025 22.6126 22.6242 22.6371 22.6516 22.6675 22.6847 20.7009 21.5637 21.5329 21.4996 22.2637 22.2622 20.0009 24.7188 22.8007 22.0788 22.4963 20.4459 20.5127 20.4734 20.4325 16.3706 16.9802 16.9908 18.1259 19.4336 19.2552 20.2852 20.332 20.3819 21.8559 21.8987 23.8889 26.0846 27.9606 28.9132 29.0137 30.1389 30.4491 33.5404 33.8421 34.6925 35.8661 38.3319 41.0328 41.245 41.4267 42.8676 42.9035 42.9208 42.9232 42.9149 42.8997 42.8806 42.8596 42.8383 42.7583 42.4422 42.3842 42.3338 42.2901 42.2524 42.22 42.1921 42.168 
22.5908 22.6011 22.6131 22.6267 22.6421 22.6592 22.6779 20.7273 20.6854 21.546 21.5093 22.2566 22.2541 20.0087 22.5052 22.7904 22.0699 22.1295 22.4559 20.5279 20.4827 20.4352 20.3872 16.9865 16.9995 18.1223 19.4257 19.2318 19.2897 20.3183 20.3776 21.8367 21.886 23.8248 24.9496 26.8443 28.8825 29.0054 29.1375 30.46 31.7648 33.6511 34.5517 35.7995 38.3088 41.067 41.3523 41.5888 42.9452 42.9825 42.9941 42.9871 42.9683 42.9431 42.9154 42.8873 42.7981 42.4794 42.4091 42.3489 42.2977 42.2543 42.2175 42.1864 42.1599 42.1375 
22.5776 22.588 22.6003 22.6146 22.6309 22.6493 22.6697 22.6919 20.7143 21.5624 21.5217 21.4777 22.2449 20.0179 19.9998 24.7167 22.824 22.127 22.4815 20.5479 20.4956 20.4399 20.3832 16.9938 17.0101 18.1178 18.1206 19.7968 19.2666 20.2986 20.3698 20.4443 21.868 23.735 24.4665 26.1592 28.8329 28.9851 29.1539 30.4706 30.9485 31.7903 34.3288 35.6584 38.2304 41.0937 41.4983 41.817 43.0527 43.086 43.0847 43.0615 43.027 42.9883 42.9498 42.8467 42.5233 42.4364 42.3635 42.3028 42.2525 42.2107 42.1761 42.1473 39.8702 39.8217 
22.5627 22.5731 22.5856 22.6004 22.6177 22.6375 22.6597 22.6842 20.749 21.583 21.5378 21.4882 22.2344 20.0291 20.0091 20.0588 24.7889 22.1222 22.5152 22.5316 20.5137 20.4477 20.3797 16.4164 17.0232 17.0386 18.1132 19.7922 19.2332 19.3245 20.3566 20.4489 21.8425 21.9216 24.3728 25.0231 26.9554 28.9432 29.1644 30.4799 30.962 31.76 33.9919 35.3851 36.2551 38.986 41.7097 42.159 43.2063 43.2219 43.1952 43.1453 43.088 42.9845 42.907 42.5754 42.4657 42.3759 42.3032 42.2445 42.1971 42.1589 39.9071 39.844 39.7919 39.7487 
22.5459 22.5561 22.5687 22.5839 22.6021 22.6232 22.6474 22.6744 20.7908 20.7323 21.5586 21.5025 22.2223 22.2173 20.0206 20.0546 24.7246 22.1138 25.1259 22.557 20.5396 20.46 20.3771 16.4201 17.0395 17.0598 18.1036 19.3939 19.1847 19.2937 20.3346 20.4513 21.8064 21.9006 24.232 24.5088 26.8484 28.8619 29.1599 29.4739 30.9782 30.8681 31.3048 33.6223 35.9589 38.98 42.0362 42.7216 43.4252 43.3987 43.326 43.2329 43.0923 42.9832 42.6371 42.4947 42.3821 42.2941 42.2257 40.1615 39.956 39.8712 39.803 39.7482 39.7038 37.6083 
22.5271 22.5368 22.5491 22.5646 22.5835 22.606 22.6322 22.6622 22.6954 20.78 21.5858 21.5222 21.4519 22.2006 20.0349 20.0074 20.0796 24.8414 25.148 22.8664 20.6007 20.4798 20.3765 20.2759 16.5037 17.0882 17.3792 18.0892 17.7493 19.2439 19.4053 20.4489 20.6007 21.8677 24.0233 24.3442 25.3211 27.4441 29.1218 29.5748 30.9995 30.9331 31.2788 31.4122 35.2275 38.4546 42.4043 43.7351 43.6922 43.6401 43.4688 43.2455 43.0803 42.7082 42.5176 42.3737 42.2668 40.2469 40.1251 39.904 39.8116 39.74 37.6431 37.5941 37.5553 37.5242 
22.506 22.5148 22.5266 22.542 22.5613 22.5851 22.6135 22.6466 22.684 20.8388 20.7579 21.5492 21.4676 22.1807 20.0525 20.0219 20.0764 24.7589 25.1788 22.9309 20.3336 20.5068 20.3798 20.2504 16.5259 17.1275 17.2189 17.3153 17.6991 19.1628 19.3693 20.4366 20.6413 21.8188 21.8237 24.0737 25.1344 27.2297 29.0115 29.6991 30.4708 31.1217 31.2248 31.1705 32.126 35.4197 41.031 43.4249 44.0926 43.9994 43.4797 43.1984 42.7817 42.5182 40.4559 40.3734 40.1833 40.0481 39.811 37.7018 37.6218 37.5618 37.5164 37.4817 37.4551 37.4345 
22.4825 22.4899 22.5007 22.5155 22.5349 22.5597 22.5903 22.6268 22.6691 20.9112 20.827 21.5865 21.4912 22.1572 20.0745 20.0404 20.0703 20.1198 25.2207 25.1652 20.3802 20.6113 20.3908 20.2179 16.5503 17.1844 17.2705 17.336 17.609 19.029 19.2974 20.4049 20.6887 21.2374 21.7822 22.3473 24.7747 25.5531 27.8379 29.9234 30.7001 31.0155 30.7067 31.2248 32.0025 33.6537 36.6347 40.7065 43.6525 43.6291 43.2735 41.5051 40.8211 40.3867 40.2444 40.0334 37.8182 37.6668 37.5632 37.4914 37.441 37.4055 34.6631 34.6337 34.6108 34.5927 
22.4565 22.462 22.471 22.4845 22.5034 22.5288 22.5613 22.6014 22.6492 22.7037 20.9152 21.6384 21.5268 22.1299 22.1083 20.0639 20.02 20.1224 24.8658 25.225 20.2628 20.405 20.4188 20.1749 16.5733 16.7843 17.3548 17.1765 16.4111 17.8537 19.1585 19.6354 21.0487 21.3207 21.8257 21.7455 22.6687 24.9331 26.4653 30.5604 30.8214 30.9168 29.8615 29.4681 30.6666 32.7793 34.9376 36.1453 40.5969 43.4232 41.9486 40.6318 38.4256 37.9834 37.7537 37.5394 37.412 37.3356 34.7224 34.6622 34.6192 34.5881 34.5652 34.5483 34.5357 34.5262 
22.4279 22.4307 22.4371 22.4484 22.4659 22.4909 22.5248 22.5687 22.6227 22.6861 21.0272 20.9044 21.5806 21.4243 22.062 20.0934 20.0449 20.1232 20.207 25.3119 22.8704 20.5089 20.5813 20.1138 16.5812 16.9228 17.5039 17.2296 17.221 17.6209 18.3332 19.6372 20.967 21.4081 21.6002 21.4772 22.1935 24.254 24.9975 25.966 28.7879 28.328 26.8791 27.3685 28.8058 29.4333 33.4014 35.3147 35.5562 37.4825 37.1503 36.3633 35.5267 35.2219 35.0564 34.7212 34.6214 34.5595 34.5203 34.4954 34.4795 34.4695 34.4635 34.4601 32.5616 32.0192 
22.3968 22.3961 22.3989 22.4067 22.4213 22.4446 22.4789 22.526 22.5869 22.6611 22.7458 21.0488 21.6626 21.4708 22.0048 19.6927 20.0762 20.1201 20.2358 24.6615 23.0005 20.6929 20.5103 20.0383 19.6003 17.1396 17.3933 17.3286 17.0825 17.1552 17.8964 19.37 20.6225 21.491 22.2389 21.308 21.2263 23.4973 23.8136 25.0063 24.6592 25.9333 25.2845 25.8565 26.3047 27.0166 27.9236 32.3958 32.9741 33.7143 34.5091 34.5078 34.5552 34.3561 34.3086 34.2931 34.2936 34.3017 34.313 34.3254 32.1551 32.1489 32.0112 31.7235 31.7284 31.7321 
22.3637 22.3584 22.3563 22.359 22.3687 22.3882 22.4208 22.4699 22.5381 22.6255 22.7286 21.2389 21.7874 21.5539 21.9391 19.6514 20.1096 20.0641 20.2803 23.1791 22.4799 23.3161 20.8277 20.0886 19.1114 17.4477 18.0885 17.1343 16.7418 16.1456 16.7867 19.0491 20.6901 20.1681 20.6284 20.1214 19.8567 20.1897 22.1331 22.6004 23.284 23.7898 23.0531 22.7292 21.6693 24.5009 26.9688 28.0005 30.9666 33.4789 32.9301 32.5966 32.0962 31.9728 31.9048 31.8641 32.1523 32.1387 32.1305 31.5751 31.7148 31.7241 31.731 31.736 31.7397 31.7424 
22.329 22.3182 22.3097 22.3054 22.3076 22.32 22.3475 22.3957 22.4704 22.5739 22.702 21.4822 21.3101 21.6997 21.3234 19.5799 19.6686 20.1194 20.37 23.1199 22.2125 23.5706 21.8678 19.6062 17.9833 17.5284 19.2655 16.4414 14.5933 15.3908 16.1202 17.0521 19.1179 19.2157 18.9828 19.2168 19.1057 18.6842 19.2867 21.3709 21.93 21.2677 21.3039 20.0227 19.7957 20.7928 26.1706 27.5429 28.5295 31.1825 32.0951 31.9618 31.8586 31.8143 31.8425 32.0735 31.5719 31.5636 31.7089 31.724 31.7346 31.742 31.747 31.7503 31.7524 31.7536 
22.2939 22.2766 22.2604 22.2468 22.2384 22.2394 22.256 22.2972 22.3743 22.4964 22.6605 22.8447 21.6683 21.946 21.4795 19.5067 19.4368 20.1063 20.6354 22.9471 18.3792 22.0512 25.9724 18.7357 15.8229 15.64 17.7422 15.1665 14.2624 14.2927 15.1791 15.8927 16.8348 17.7538 18.021 18.1122 17.6598 17.7246 19.9629 17.9281 17.8624 18.7971 18.8671 18.4913 18.628 19.2592 24.1499 26.4712 27.8312 29.1811 31.147 31.4179 31.047 31.3205 31.0647 31.0468 31.6934 31.7216 31.7401 31.7517 31.7588 31.7629 31.7651 31.766 31.958 31.9563 
22.2595 22.2352 22.2101 22.1854 22.1632 22.1475 22.1452 22.1678 22.2351 22.3733 22.5927 22.8497 22.1261 21.8526 21.816 19.6493 19.0456 18.9085 20.9399 20.5255 18.9774 20.4287 20.0467 24.9639 15.1713 12.6887 12.2676 12.729 13.1784 13.6134 13.9221 14.6972 15.7852 16.6873 16.7641 17.1754 17.0262 17.128 17.6235 17.6461 17.5066 17.6122 17.9171 18.0155 18.43 19.584 21.7353 24.634 25.7738 27.9699 30.1339 30.2516 30.9783 31.0187 31.0273 31.7094 31.7482 31.7696 31.7806 31.7855 31.9714 31.9689 31.9663 31.9638 31.9614 31.9592 
22.2275 22.1961 22.1617 22.1248 22.0866 22.0499 22.0199 22.0067 22.0336 22.1601 22.4635 22.8674 22.661 22.4922 20.6691 20.4693 19.9357 14.6102 22.8045 23.6272 14.2018 19.6387 12.7439 11.3664 12.7193 11.3157 10.9348 11.0694 11.8104 12.9615 13.5422 14.1716 15.081 15.7278 16.4509 16.4681 16.6912 16.8817 17.17 17.3015 17.3664 17.5179 17.7337 18.0681 18.3917 19.7197 21.4066 23.1412 26.2968 28.7841 29.6843 30.362 30.5874 31.2657 31.3861 31.44 31.742 31.994 31.9903 31.9853 31.9804 31.9757 31.9716 31.968 31.1575 31.1293 
23.7557 22.1619 22.1189 22.0703 22.0161 21.9577 21.8974 21.8359 21.7692 21.7643 22.1356 22.8972 23.2768 23.1905 21.5601 21.6821 23.8998 12.9288 11.5584 11.5599 9.4425 8.8766 8.5363 8.0308 8.0534 9.418 9.5168 10.0582 10.438 11.5068 12.6751 14.0201 14.661 15.5292 16.0248 16.4425 16.7559 16.8674 17.1686 17.3085 17.4596 17.7526 17.908 18.1633 18.4847 19.2794 22.0481 24.2094 24.9803 27.9124 30.0388 31.3069 31.272 31.6767 31.7558 31.745 31.715 31.6856 31.6605 31.4803 31.2179 31.1705 31.1864 31.1465 30.3261 29.3944 
23.8218 23.6007 23.3528 23.0784 21.9607 21.8858 21.8064 21.7213 21.5479 21.124 21.1776 22.747 23.3072 23.9 22.0687 20.6695 18.1748 10.6542 6.1641 3.5061 3.9355 6.0146 5.3454 4.1943 4.9618 7.3176 7.681 7.5791 9.4365 10.6973 11.2252 12.4354 14.2347 15.2919 16.0681 16.5182 16.847 17.084 17.4798 17.5015 17.6853 17.9093 18.2787 18.6949 19.1634 19.4759 20.8366 24.1469 25.8532 26.8759 29.7253 31.2121 31.8318 32.0765 31.8791 31.7303 31.6351 31.5711 31.2992 31.2214 31.1637 30.4083 30.3385 29.4057 29.3514 29.3101 
23.9315 23.7022 23.4384 23.1369 22.798 22.4311 21.7654 21.7164 21.6134 20.8221 20.4534 22.139 23.3589 23.3399 22.3937 19.9026 12.7287 8.6571 4.9562 2.874 2.4089 2.9601 2.3632 3.3301 3.4742 4.1898 6.4843 6.6791 6.6362 8.8589 10.7408 11.747 13.3938 14.656 16.1708 16.7257 17.0904 17.3181 17.5228 17.6965 17.9497 18.3972 18.9656 19.4201 19.6722 20.0945 20.6765 21.9534 25.7957 26.7869 28.5784 30.7238 33.4054 32.5954 32.0103 31.7778 31.3376 31.303 31.2037 29.74 29.6287 29.4137 29.3384 29.2846 28.4937 28.4697 
24.0933 23.8677 23.6025 23.2917 22.9317 22.5274 22.1123 21.8015 21.6927 21.3341 21.2638 22.0558 22.8723 22.4672 21.8476 18.9735 11.0449 6.7567 6.8733 4.4083 2.7018 3.1369 2.4468 2.0406 3.0621 3.5895 3.6343 5.0092 6.002 6.6841 9.1811 11.5736 13.1731 14.5848 16.3576 16.9815 17.3254 17.7791 18.1757 18.4664 18.6605 18.8353 19.381 19.887 20.4014 20.4776 20.9139 21.791 23.243 26.5267 27.7986 30.0642 31.2576 31.1784 30.9402 30.6825 29.857 29.6369 29.6278 29.5178 28.5377 28.4828 28.4461 28.4214 28.4046 27.5204 
24.3136 24.1074 23.8621 23.5708 23.2293 22.8443 22.4545 22.1713 22.1396 22.2522 22.6513 23.3295 24.227 25.3184 24.6712 21.2886 16.4416 8.9205 10.0903 9.5807 6.9654 3.7621 2.9776 1.5717 1.7657 2.702 2.7948 3.2618 5.7539 6.5288 8.9115 10.9534 13.6766 14.8123 16.3584 17.2792 17.9336 18.5379 18.8783 19.301 19.5736 19.5124 19.9148 20.4091 20.6827 21.2459 21.6989 22.2417 24.0867 24.4127 26.3728 27.5153 29.4792 29.6152 29.5654 29.4024 29.5098 29.3759 28.4304 28.3755 28.3441 28.3268 28.3182 26.36 26.3372 26.3195 
24.5944 24.4262 24.2262 23.9899 23.7168 23.4192 23.1404 22.9729 23.0162 23.2534 23.8888 24.7216 29.0933 34.7973 33.9897 29.8794 21.8369 15.1252 12.0018 10.0339 10.1228 5.6659 3.8286 2.5104 1.5482 2.6624 4.0586 4.4034 5.9573 7.9747 9.9947 11.9193 14.0663 15.393 16.9307 17.9556 18.6233 19.2381 19.5423 19.7437 20.2249 20.638 20.6752 20.9628 21.3638 21.5106 21.9878 22.6257 23.4154 24.0281 24.8236 26.4972 26.9357 27.3626 27.6962 27.1606 27.1644 27.1528 27.1429 27.1359 27.1312 26.3867 26.3509 26.3244 26.3048 25.6723 
24.9324 24.8207 24.692 24.547 24.3922 24.2474 24.1568 24.1933 24.426 27.2592 28.654 33.4731 38.6803 40.181 42.1364 41.7089 32.0574 25.0677 18.3767 13.3805 10.7483 9.3545 10.6614 4.2184 4.0965 4.1902 5.8739 6.5434 8.1065 9.4634 10.8984 14.2779 15.0356 17.0724 17.6189 18.4425 19.6723 20.0225 20.1749 20.4052 20.7788 21.1879 21.5651 21.6128 21.648 21.779 22.3993 22.7611 23.5868 24.1304 24.6005 25.2862 26.6749 26.9838 27.1766 27.1899 27.1691 27.149 27.1363 26.4393 26.3759 25.7571 25.7155 25.685 25.9267 25.91 
23.6613 23.7102 23.773 27.4583 27.4195 27.4749 27.7057 28.2216 31.3383 32.8664 34.7012 41.9659 42.1154 42.254 42.0337 42.0221 41.3288 37.5592 37.8038 19.7198 13.0635 23.4178 20.1358 10.0295 8.1298 7.3756 8.2372 9.3934 10.3719 12.642 13.8118 15.9507 17.3734 18.0082 18.8858 19.3476 19.987 20.5449 21.0725 21.3883 21.6601 21.7172 22.0529 22.1392 22.1636 22.3882 22.5697 22.9737 23.4226 23.9145 24.5216 25.0336 26.7821 27.0113 27.2456 27.2224 27.162 26.5013 25.9364 25.8228 25.7486 25.6993 25.9237 25.9008 25.885 23.9443 
23.7987 26.5764 26.6842 26.8587 27.1366 27.5752 28.2576 32.7658 34.0721 35.6584 41.5283 41.8341 42.0788 42.3382 42.2012 42.2678 42.2864 39.9321 36.7474 29.271 21.8589 12.9799 17.871 10.773 11.2331 12.4192 11.2346 12.022 13.7015 15.2467 16.9071 17.287 18.3062 19.2382 19.7567 20.0999 20.957 21.1776 21.4208 22.1426 22.3958 22.4927 22.3143 22.4429 22.6285 22.7629 23.0712 23.1311 23.3722 23.7713 24.0082 24.5187 25.0699 27.0602 27.5235 26.947 26.2497 25.9634 25.7996 25.7083 25.6561 25.8747 24.0141 23.9397 22.704 22.6688 
26.7199 26.8403 27.0231 27.2981 27.7098 28.3233 29.2279 30.5276 38.4906 41.352 41.3215 41.3889 41.7542 42.502 42.6648 42.154 40.6016 38.6734 37.8439 33.9569 26.3006 28.2304 17.5539 17.2201 13.2791 14.2913 16.0727 15.6937 16.0574 16.8625 18.7935 19.5296 19.7511 20.3464 20.8087 21.2824 21.2681 21.8804 22.3114 22.4238 22.6127 22.8719 22.8134 22.6444 22.6442 22.8844 23.006 22.8621 22.9524 23.5933 22.9401 23.8263 24.5106 25.223 26.4374 26.4397 25.904 25.666 25.5823 25.7919 24.0203 23.909 22.7063 22.6567 22.6234 22.6007 
26.8457 26.9905 27.2028 27.5132 27.9664 31.4941 32.3056 33.4442 37.1109 38.2798 41.0704 40.9141 41.2211 42.1106 42.2677 41.0271 38.0334 37.7187 35.8283 34.529 29.8902 25.4441 26.9047 19.7575 17.3219 16.8608 17.5741 18.6054 18.9511 19.2038 19.5844 20.55 21.33 21.2783 21.604 21.7715 21.9751 22.217 22.498 22.8962 23.125 23.0108 22.9721 22.7809 22.7947 22.3285 22.6181 22.7068 22.1956 22.4465 22.463 22.2001 23.0226 23.5015 24.2817 24.7717 24.4063 24.3478 22.4957 22.2705 22.6805 22.6119 20.225 20.1997 20.183 20.1719 
26.8801 27.0142 27.2059 30.4433 30.7348 31.169 31.8134 34.7913 35.7311 37.2191 39.0574 40.6822 40.817 41.2789 41.0277 40.3841 38.105 36.2574 34.9452 32.264 31.5496 20.3752 24.7376 19.2735 18.9323 19.9672 19.6051 19.9826 20.398 20.837 21.3018 21.3644 21.8656 22.3854 22.341 22.4221 22.4944 22.6032 22.8712 22.9595 23.105 22.9784 22.7355 22.4869 21.9854 21.5402 21.3304 21.7552 21.6037 21.7011 21.4313 21.6331 21.7389 22.4304 22.2218 22.6126 22.0662 22.0951 21.0897 20.295 20.2207 20.1811 19.4114 19.4012 19.3935 18.5881 
26.8264 29.9828 30.0278 30.1044 30.2251 30.4132 32.8498 33.0442 33.6217 34.8579 36.8285 38.6234 40.9452 41.0208 40.8625 40.1337 38.179 35.6622 32.4501 31.8222 27.0104 24.8191 22.0514 20.7067 20.6506 20.9277 21.6933 21.3414 21.4112 21.7174 22.2201 22.5268 22.5425 22.5505 22.8001 23.0173 22.7145 22.454 22.6916 22.4879 22.4138 22.721 21.9568 21.6332 21.4793 20.663 20.3252 20.3246 20.8752 20.8733 20.4335 20.5267 21.0048 20.3946 20.6712 20.9951 20.7564 19.6236 19.5297 19.4738 19.4411 19.4204 19.4066 18.6128 18.5732 18.5448 
29.798 29.7464 29.6849 29.6057 31.9776 31.589 31.1464 30.6808 30.3088 30.3556 31.415 33.6593 36.2692 40.3844 40.286 40.3665 37.6873 34.5388 32.1376 28.7674 28.2347 24.6914 23.1637 22.2154 22.5129 22.42 22.4374 22.4168 22.5846 22.4748 22.6477 22.8683 22.5814 22.3153 22.549 22.682 21.8758 21.756 21.9592 22.0944 21.8498 21.6543 21.4614 20.7752 20.3915 20.318 19.9788 19.678 19.4659 19.9764 20.0679 19.072 18.6192 19.1305 19.2956 18.8527 20.3339 19.6728 19.5135 19.4566 19.4272 18.6464 18.5808 18.5389 18.5114 14.9411 
29.5928 29.4589 29.2803 31.5865 31.0339 30.3161 29.3582 28.0496 26.2617 24.0545 22.5782 24.5423 30.5578 35.8755 39.8574 39.1602 36.4575 35.4908 32.8142 29.253 27.3979 25.3525 24.5301 23.2607 23.5712 23.5118 23.1573 23.2152 22.8876 22.7535 22.7202 22.3412 22.049 21.9323 21.4635 21.5611 21.5874 21.3299 21.0267 21.3308 21.1849 21.0314 20.7854 20.4869 19.9915 19.431 19.475 19.2398 18.3639 18.3516 18.9224 18.3342 17.7534 17.1624 16.4672 17.5078 17.3297 19.5203 18.9241 18.6789 18.5568 18.496 14.9888 14.8998 13.1655 13.1173 
29.0377 28.8518 31.5148 30.9485 30.2106 29.2184 27.8357 25.8369 22.8816 18.5191 14.5026 15.6004 24.255 32.4055 36.122 37.8025 36.7545 35.5597 32.6558 29.2579 25.8132 25.0714 24.9196 24.8509 24.3119 23.8502 23.3405 23.392 22.7244 22.4392 21.7228 21.4788 21.358 20.9405 20.9872 20.591 20.4766 20.8819 20.6935 20.1441 20.2891 20.4887 20.1331 19.4885 19.1546 18.9994 17.8823 17.6443 17.7682 16.9636 15.6755 16.3376 15.5292 13.5323 13.0808 12.652 17.5133 16.7771 14.8305 13.5856 13.2498 13.099 13.0269 12.9909 12.9727 12.9637 
28.8944 31.6197 31.1064 30.453 29.6005 28.457 26.8776 24.1736 21.2026 17.2148 13.4064 14.0862 21.5275 29.5431 33.847 35.3738 36.4074 35.288 32.7619 29.1836 25.8517 25.1255 25.0285 24.8225 24.3424 23.8721 23.4667 22.618 22.2411 21.7666 21.1643 20.7269 20.0952 20.0908 20.3072 19.9388 19.6136 19.1052 20.2087 19.9912 19.7851 19.4721 19.2593 19.1978 18.0425 17.3602 17.3518 16.9008 16.3068 14.2705 13.493 12.7745 12.9423 12.2864 11.5504 10.6401 11.7783 12.2912 11.7267 11.7994 11.9154 12.0013 12.6681 12.7278 12.7721 12.806 
31.8075 31.3657 30.8192 30.131 28.4714 27.4231 26.0279 24.1645 21.7505 18.9933 17.006 18.0356 22.8297 28.4983 31.8303 33.9457 36.1937 33.8619 30.3911 28.0891 28.598 28.6797 28.3433 26.5401 24.4199 23.5202 22.5744 22.1916 21.3128 20.5758 20.312 19.8228 19.4694 19.3043 19.3109 18.8941 18.788 18.4795 19.252 19.7984 19.3873 18.3148 18.2626 17.8472 17.2325 16.9239 15.3189 13.8674 13.1736 12.9251 12.4338 11.5284 10.8191 10.0538 9.1717 9.2657 9.0095 8.5265 9.3075 10.8342 11.3148 11.5966 11.7725 11.8887 11.9693 12.0274 
31.6531 31.2044 29.7829 29.1793 28.4261 27.4801 26.2951 24.8458 23.1977 21.6604 20.9665 22.0491 25.0096 28.6244 30.8924 32.8199 32.144 33.5323 32.1275 29.3964 29.8845 30.5541 30.8302 29.5069 26.7143 23.6469 22.541 21.2239 20.6985 19.8503 20.4518 18.1365 18.859 20.1903 20.6373 17.338 19.822 19.9108 18.833 18.6666 18.2799 17.9015 17.3427 16.2644 15.4067 14.1776 13.4097 12.656 11.9849 10.8862 10.4424 10.104 9.2341 8.223 7.5003 6.1147 7.5657 7.8746 8.507 8.8967 9.0557 9.1267 11.5526 11.7143 11.8287 11.9124 
30.6224 30.2371 29.777 29.225 28.5617 27.7701 26.8451 25.8182 24.8022 24.0505 23.963 24.8974 26.8044 29.1346 30.4881 31.5465 30.3695 34.9419 32.2836 32.5494 32.614 33.0403 34.4873 36.6396 25.4464 27.8342 23.1117 20.7342 21.3648 19.698 21.2526 24.3645 18.7373 19.2424 18.0732 19.5429 18.8551 17.1311 17.989 18.0711 17.0985 16.5049 15.4354 14.7117 12.9794 12.8436 12.2568 10.5728 10.0918 9.5655 8.5796 7.4774 7.6896 7.3462 5.7524 5.851 6.8217 7.6233 7.9478 8.7577 8.9211 9.018 9.076 9.1119 9.1349 11.8198 
30.627 30.2704 29.8552 29.373 28.8175 28.1897 27.5074 26.821 26.234 25.9148 26.0662 26.8218 28.1185 28.8134 29.8898 31.0665 32.1764 37.4739 37.5258 35.7319 35.7659 35.8613 33.6882 35.1693 35.8386 28.1565 24.088 23.2946 21.3735 28.5983 19.4259 17.047 21.7694 18.5503 15.4948 21.3865 16.9425 19.9158 18.4097 16.6236 14.0166 13.2999 13.5157 11.5949 11.9277 10.8565 9.6067 9.5143 8.2011 7.4994 6.6326 7.3255 7.2797 6.8691 6.1396 6.0326 6.3118 7.384 7.7405 7.9475 8.0711 8.1434 9.0088 9.0549 9.0869 9.1095 
30.6769 30.3568 29.9944 29.5877 29.139 28.6594 28.1747 27.7335 27.4138 27.3182 27.5475 28.1499 28.295 29.452 31.8727 31.0054 37.7155 37.8351 36.2822 36.4208 36.6569 37.0747 39.2863 39.1859 28.6237 36.0219 26.0975 22.3372 29.7037 23.6412 24.5238 17.6291 15.259 21.1596 20.1928 21.8959 21.5515 18.8508 16.6883 14.3586 12.6722 11.4015 9.9041 10.1692 8.4566 8.9542 8.9814 6.8239 6.4342 6.5574 6.9164 6.9419 7.0758 6.9154 6.4331 6.2361 6.4033 7.3152 7.6112 7.8127 7.9464 8.0342 8.0913 8.1281 9.0472 9.0747 
30.3497 30.0733 29.7684 29.4372 29.086 28.0839 27.7919 27.563 27.4478 25.8074 26.1734 26.7394 27.4602 28.2513 29.0189 32.6566 37.9873 39.3515 39.487 39.6747 39.7012 39.6332 38.6331 40.2148 39.6592 30.8093 34.5599 25.4106 22.6157 23.9887 30.1175 24.0296 21.3759 26.207 25.8787 22.9609 20.0565 18.0451 15.3194 13.0063 9.8297 9.0307 8.6119 7.4315 5.879 6.7541 7.606 7.283 6.9174 6.7216 6.6977 6.9096 6.9173 6.9109 6.6011 6.4568 6.5001 6.5947 7.5588 7.732 7.8596 7.9512 8.016 8.0616 8.0935 8.1157 
28.4042 28.2093 28.0027 27.7892 27.5772 27.3801 27.2173 26.5681 26.6761 26.9032 27.2585 27.7285 28.2743 28.8401 29.5599 31.6031 37.5488 40.8777 39.4861 39.6061 39.7843 40.0606 40.5331 40.616 36.6943 38.3188 29.5016 30.9573 26.9786 31.9417 32.6405 32.1335 29.6301 27.6315 26.6295 23.5591 18.8314 16.334 12.0239 9.6117 9.1144 8.9463 7.776 6.8254 6.2191 6.4915 7.1473 7.2261 6.8672 6.8883 6.6926 6.8894 6.9618 6.9136 6.3977 6.5773 6.5052 6.6273 7.5518 7.692 7.8048 7.892 7.9581 8.0076 8.0445 8.0717 
28.5801 28.4317 28.2819 28.137 28.0057 27.9003 27.265 27.3578 27.5291 27.7865 28.1258 28.5273 28.9569 29.7227 31.0936 36.0308 36.625 37.447 40.6998 41.9218 41.9533 42.0093 42.1364 42.5057 42.0651 38.9812 33.9462 34.9889 34.1693 34.1876 33.202 31.4098 30.1409 27.9727 23.791 22.0283 17.6117 13.9306 12.2042 10.8406 9.6512 9.0025 7.6075 6.9427 6.7929 6.6509 7.0178 6.6263 6.868 6.9184 6.7039 6.7491 6.9384 6.5567 6.4383 6.6483 6.5669 6.6596 6.6979 7.678 7.7737 7.8526 7.9157 7.9655 8.0043 8.0344 
28.7593 28.6519 28.5508 28.4623 28.3948 27.7774 27.8664 28.0122 28.2207 28.4914 28.8141 29.1673 29.8358 30.8697 31.4328 34.9959 35.4837 35.9821 37.0311 41.8824 41.896 41.9161 41.9453 41.5683 41.0937 40.5423 38.0112 35.9246 34.6482 33.9179 32.3445 31.1415 29.392 26.8897 24.3632 21.1808 15.4183 14.9754 12.6613 11.2483 10.037 9.7119 7.6406 7.161 7.137 6.8413 7.0163 6.582 6.6172 6.9889 6.7159 6.7468 6.9275 6.5458 6.4605 6.4021 6.6097 6.6007 6.7132 7.679 7.7589 7.828 7.8859 7.9336 7.9724 8.0035 
28.9342 28.8618 28.8006 28.7568 28.7374 28.2376 28.3665 28.544 28.7716 29.0445 29.3508 29.9575 30.7969 31.1903 33.6719 33.7633 34.0737 34.7162 35.699 37.1064 41.6835 41.096 41.0991 40.9899 40.6775 39.9147 38.7164 36.9749 35.1018 33.7903 32.8434 30.6909 29.1387 26.7723 25.7964 21.8549 17.9604 15.6142 13.4552 11.4844 10.174 9.9238 7.6504 7.2761 7.0901 6.9686 6.5045 6.566 6.6028 6.4652 6.7261 6.7482 6.7693 6.5389 6.5224 6.4286 6.5397 6.6297 6.7284 6.7484 7.7544 7.8141 7.8661 7.9104 7.9477 7.9786 
29.0998 29.056 29.0264 29.0163 28.5075 28.6214 28.774 28.9675 29.2008 29.4681 30.0316 30.7668 31.0737 31.3429 32.9182 32.8065 32.9102 33.3624 34.3377 35.8145 38.7248 40.9238 40.8117 40.6487 39.9715 39.4614 38.4359 37.1664 35.4934 33.5621 32.2846 30.8566 29.2876 28.0536 25.3306 22.6161 21.0804 16.0493 13.8042 11.5968 11.2451 10.0318 7.6549 7.3401 7.2081 7.0544 6.5205 6.5638 6.5955 6.4562 6.4809 6.7509 6.7672 6.5585 6.5239 6.4462 6.415 6.6521 6.6473 6.7571 7.7565 7.8076 7.8537 7.8941 7.9291 7.959 
29.2527 29.2315 29.2258 28.7057 28.8051 28.9355 29.0993 29.2971 29.7483 30.0551 30.7254 31.0107 31.2527 32.5713 32.353 32.1681 32.0169 32.1494 32.9515 34.4452 36.2339 40.7305 40.6263 39.9768 40.0712 40.3684 38.8915 37.1634 35.6509 34.5122 32.5592 31.5999 29.4974 28.6186 27.23 24.0161 21.8854 17.0268 13.9885 11.6267 11.3592 10.0847 8.6531 7.496 7.2817 6.845 6.4363 6.5679 6.5937 6.1428 6.4719 6.7541 6.7669 6.3985 6.5248 6.4583 6.4323 6.3686 6.664 6.7658 6.7779 7.8062 7.8467 7.8832 7.9155 7.9438 
29.3911 29.387 28.8537 28.9395 29.0501 29.1877 29.3535 29.7861 30.047 30.6923 30.9411 31.1601 32.55 32.2846 32.1043 32.0207 31.5707 31.0633 31.7087 33.22 34.9128 36.3746 39.9332 39.9418 39.6628 39.7092 38.7625 37.2649 36.3872 34.3232 32.7631 32.1412 29.5284 29.0625 27.4478 24.2406 23.4527 20.0771 16.7495 13.7543 11.4169 11.2484 9.4281 7.5348 7.33 6.8897 6.4565 6.5743 6.5951 6.135 6.4654 6.4811 6.7675 6.402 6.5476 6.5186 6.4451 6.426 6.3763 6.6454 6.7835 7.8082 7.8437 7.8763 7.9059 7.9323 
29.5144 29.5227 29.0403 29.1336 29.2486 29.3867 29.8051 30.435 30.6134 30.8377 31.0413 32.6828 32.3765 32.1137 32.0118 32.4467 32.0504 29.5992 30.7946 32.2732 33.8932 35.7228 37.9242 39.4225 39.4541 38.8418 38.5021 37.2851 36.6931 34.2237 32.7939 32.4008 29.538 29.2201 27.5343 25.9398 23.7635 20.3944 17.04 13.8696 11.4429 11.3069 9.4645 7.5601 7.4735 7.3146 6.8902 6.5815 6.5982 6.1298 6.1432 6.4748 6.7685 6.4044 6.5507 6.521 6.19 6.438 6.3848 6.6854 6.7891 6.7971 7.8434 7.8725 7.8994 7.9238 
29.6227 29.1182 29.1967 29.2926 29.4072 29.8163 30.3983 30.5978 30.7936 30.9753 31.1324 32.6024 32.2891 32.003 31.8046 31.701 29.8449 29.2833 30.4815 31.8695 33.5024 35.1834 36.6424 39.3333 38.9171 38.5653 38.3512 37.2518 36.8528 34.8672 32.7806 32.5229 31.2074 29.3059 29.1154 26.0577 25.5584 23.5645 20.1699 16.8947 11.4519 11.3418 11.2471 8.6522 7.5071 7.3468 6.9175 6.4728 6.6023 6.1262 6.1379 6.4702 6.7698 6.406 6.3918 6.5229 6.1941 6.4474 6.3917 6.3898 6.6644 6.8011 6.8078 7.871 7.8954 7.9178 
29.1802 29.2462 29.3264 29.4216 30.2507 30.418 30.591 30.7635 30.9274 31.0738 32.9002 32.599 32.2878 31.9652 31.6557 31.2422 30.5805 30.322 30.9428 32.0314 33.3944 34.8294 36.1198 37.578 38.4999 38.4121 37.4848 37.2102 36.9325 35.2803 33.2791 32.5829 31.2952 29.827 29.2041 26.1138 25.7231 23.7372 20.3467 17.0646 13.8359 11.362 11.2818 8.6965 7.8524 7.4795 6.9666 6.4834 6.6067 6.1239 6.134 6.143 6.4763 6.4072 6.3951 6.5477 6.1972 6.1892 6.4435 6.3955 6.6688 6.6742 6.8107 7.8712 7.8932 7.9137 
29.2868 29.3539 30.1969 30.2957 30.441 30.5925 30.7457 30.8947 31.0327 33.2146 32.9489 32.645 32.3589 32.0668 31.7668 31.4532 31.0902 31.109 31.5602 32.3943 33.4793 34.6499 35.741 36.4283 38.3932 38.3202 37.3688 37.1732 36.9721 35.3552 33.2938 32.6138 31.3436 29.9073 29.7213 26.1356 25.8241 25.5339 23.6415 18.1709 16.9796 11.3729 11.3049 10.5229 8.6072 7.5052 6.987 6.45 6.6111 6.1223 6.1311 6.1391 6.4729 6.4081 6.3975 6.3871 6.1996 6.1926 6.1862 6.4003 6.399 6.6774 6.6822 6.8185 7.8924 7.9112 
29.3775 30.2202 30.3391 30.4667 30.6005 30.7375 30.8736 31.0037 31.1219 33.2891 33.0215 32.7759 32.5257 32.2784 32.046 31.6926 31.6176 31.7395 32.1349 32.7985 33.6558 34.5935 35.0184 35.7582 36.5928 38.2613 37.2886 37.1427 36.9916 35.4027 33.8856 32.6303 31.3694 31.2254 29.8008 26.1389 25.886 25.6461 25.4311 20.3378 18.0469 11.3781 11.3201 10.5619 8.6457 7.8466 7.003 6.4609 6.492 6.1213 6.129 6.1361 6.4702 6.4772 6.3995 6.3903 6.3809 6.1954 6.1897 6.4044 6.403 6.6804 6.6845 6.8207 7.8927 7.9099 
30.276 30.3812 30.4941 30.6133 30.7366 30.8611 30.9832 31.0986 33.5659 33.3674 33.1613 32.952 32.7464 32.5552 32.1702 32.0895 32.1064 32.2746 32.6317 33.175 33.859 34.6097 34.883 35.2782 36.3358 37.3297 37.2307 37.1178 37.0007 35.6699 35.2572 32.6393 31.3823 31.2639 29.8567 29.7429 25.9236 25.723 25.539 21.9061 18.17 14.6893 11.3299 10.59 9.9348 8.5924 7.0158 6.4698 6.4562 6.1207 6.1274 6.1338 6.1396 6.4745 6.401 6.3929 6.3828 6.1976 6.1925 6.1878 6.4065 6.4056 6.6867 6.6904 6.8267 7.9095 
30.4216 30.5225 30.6294 30.7408 30.8549 30.9689 31.08 31.1846 33.6748 33.5024 33.3279 33.1564 32.6851 32.5734 32.4964 32.477 32.5449 32.7303 33.0514 33.5038 34.0574 34.2393 34.6054 35.1066 36.1383 36.4225 37.1874 37.0976 37.0044 35.6944 35.3068 33.8016 31.3877 31.2892 29.8961 29.7962 25.9457 25.7761 25.6178 25.4756 18.2631 18.0877 11.336 10.7732 9.977 8.6241 7.8492 6.4771 6.4645 6.1203 6.1263 6.132 6.1372 6.4724 6.4022 6.395 6.3879 6.1995 6.1949 6.1906 6.4096 6.4086 6.408 6.6921 6.6954 7.9099 
30.5511 30.6475 30.7487 30.8533 30.9595 31.0651 31.1678 33.9446 33.7999 33.6537 33.51 33.0117 32.9169 32.846 32.8126 32.8339 32.9294 33.1162 33.403 33.7842 34.2388 34.3047 34.5691 34.99 35.3589 36.2555 37.154 37.0808 37.0051 35.7102 35.3425 33.8522 31.3887 31.3059 29.9237 29.8362 25.9577 25.8129 25.6759 25.5503 21.9041 18.1755 14.6952 10.7865 10.0094 9.9027 8.5899 7.0176 6.4715 6.4614 6.1255 6.1306 6.1353 6.1397 6.4756 6.3967 6.3904 6.3829 6.1969 6.193 6.4123 6.4112 6.4106 6.6938 6.6967 6.8331 
30.6669 30.7591 30.8552 30.9538 31.0535 31.1524 34.1807 34.0583 33.9349 33.8136 33.2907 33.2098 33.1459 33.1077 33.106 33.1532 33.262 33.4421 33.6971 34.0214 34.3999 34.1836 34.5567 34.9119 35.2315 36.1226 37.1275 37.0669 37.0041 35.7204 35.3685 33.8899 33.7732 31.3168 31.0749 29.8662 29.7979 25.8385 25.719 25.608 25.5076 18.2447 18.1172 10.7959 10.0344 9.9389 9.3561 7.0261 6.4774 6.468 6.1249 6.1294 6.1338 6.1378 6.4739 6.3981 6.3924 6.3843 6.1985 6.195 6.1917 6.4136 6.4129 6.4124 6.698 6.7006 