ncols 54 
nrows 65 
xllcorner 159173.383972
yllcorner 384401.172974
cellsize 0.25
nodata_value -9999 
47.3432 47.3512 47.3521 47.3637 47.3754 47.387 48.3731 48.3834 48.3944 48.523 49.095 49.3608 49.3619 49.2741 49.2087 49.2068 49.2041 49.2008 49.1969 48.3169 48.3096 48.2972 48.2798 48.2579 47.4207 46.7555 44.7381 42.4277 42.2204 42.0467 40.587 40.5569 40.5323 40.5133 40.4993 38.8196 38.7944 38.1763 37.2281 34.4169 34.3523 34.2951 34.2444 34.1997 34.1603 34.1256 34.095 34.068 32.2233 31.1066 31.0539 31.0071 30.9657 30.9289 
46.7206 47.3568 47.3663 47.3694 47.383 47.3966 47.4098 48.3838 48.3956 48.4082 49.0956 49.0921 49.3595 48.9375 49.2836 49.213 49.2102 49.2066 49.2023 49.1975 48.3396 48.3258 48.3051 48.2781 47.447 44.9845 43.8206 42.3798 42.1378 41.9432 40.5653 40.5312 40.5048 40.4855 38.8394 38.8082 38.1956 34.5549 34.4675 34.3905 34.323 34.264 34.2126 34.1679 34.1289 34.095 32.2615 31.1513 31.0867 31.0301 30.9804 30.9368 30.8985 30.8648 
46.1569 46.7428 47.3732 47.3848 47.3906 47.4068 47.4227 47.4376 48.3968 48.4102 48.5403 49.091 49.3563 48.9291 48.9561 49.2207 49.2178 49.2138 49.209 49.2037 48.3774 48.3625 48.3377 47.5947 47.4774 45.0079 43.7932 42.3039 42.0227 40.5849 40.5362 40.4982 40.4704 39.0821 38.8258 38.2198 34.6357 34.5282 34.4347 34.354 34.2845 34.225 34.1739 34.13 34.0923 32.2506 31.129 31.0592 30.9986 30.946 30.9003 30.8607 25.4682 25.4287 
46.1467 46.188 47.3796 47.3934 47.4079 47.4174 47.4367 47.4553 48.3985 48.4125 48.4276 48.5799 49.0826 49.3522 48.9474 49.2875 49.2275 49.2231 49.2176 49.2117 48.4261 48.4112 48.3818 47.6687 47.5124 45.0243 43.7373 42.1862 40.6258 40.5541 40.497 40.4552 39.1077 38.8492 38.2508 34.7374 34.6022 34.4864 34.3883 34.3055 34.2358 34.1771 34.1276 32.299 32.2325 31.0968 31.0214 30.9568 30.9016 30.8543 25.4627 25.4165 25.3767 25.3424 
46.1317 46.1763 46.7691 47.4016 47.4191 47.4375 47.452 47.4754 47.4967 48.416 48.4312 48.5917 48.9311 48.9082 48.9329 48.9762 49.3076 49.2352 49.2289 49.2223 48.4902 48.4785 48.4457 48.1466 47.5513 45.0203 43.6326 42.0092 40.5992 40.5096 40.443 39.1453 38.8817 38.8242 34.8692 34.694 34.5473 34.4257 34.3256 34.2432 34.1754 34.1195 32.2771 31.1472 31.0508 30.9697 30.9016 30.8442 25.4534 25.3988 25.3525 25.3133 20.8894 20.8722 
46.1109 46.1582 46.2134 47.0007 47.4298 47.4527 47.4768 47.4982 47.5264 47.5499 48.437 48.4521 48.5907 48.9096 48.9098 48.9605 48.885 49.252 49.2447 49.2373 48.5759 48.5763 48.5494 48.2463 47.179 44.1234 43.4496 40.702 40.5567 40.4437 40.3679 38.9299 38.8488 36.3648 34.8106 34.6189 34.4649 34.342 34.2439 34.1655 32.3374 32.2404 31.0898 30.9853 30.8991 30.8282 25.4379 25.3726 25.3183 20.8903 20.8673 20.8481 20.832 20.8187 
45.314 46.1324 46.1912 46.2611 47.439 47.4672 47.4985 47.5313 47.5621 47.5952 47.6175 48.4596 48.6042 48.5794 48.8767 48.9326 49.0091 48.9425 49.268 49.2624 48.6936 48.7225 48.7563 48.4042 47.2399 43.9838 40.926 40.6895 40.4871 40.3444 39.1788 38.8853 36.517 34.9623 34.7024 34.5022 34.349 34.2316 34.1414 32.2876 32.1811 31.004 30.892 26.7157 25.4123 25.333 20.8954 20.8631 20.8368 20.8154 20.798 14.795 14.769 11.142 
45.2514 45.3361 46.1581 46.2331 47.0357 47.4793 47.5192 47.5642 47.6112 47.6543 47.6889 48.4768 48.4765 48.5795 48.8591 48.8857 48.9796 48.7082 49.0391 49.3137 48.9021 48.8875 49.3195 48.5902 47.1524 44.9181 41.0419 40.6598 40.3746 39.2957 38.9468 36.7365 35.1633 34.7947 34.5271 34.334 34.1943 32.3515 32.2008 32.087 30.8755 26.6884 25.3689 20.91 20.8615 20.8235 20.7935 20.7699 20.7514 14.7948 14.7637 11.1443 11.1203 11.0996 
45.1742 45.2564 45.3605 46.1893 46.2876 47.09 47.5358 47.596 47.6657 47.732 47.7925 47.8096 48.4917 48.578 48.5267 48.1887 48.9288 48.7222 48.8728 49.3554 49.644 48.4154 49.2957 47.668 45.9039 43.3795 41.2887 40.6065 39.6485 39.0813 37.067 35.4274 34.877 34.5107 34.2687 34.1075 32.2125 32.0519 26.7922 26.6337 20.9478 20.8683 20.8086 20.7638 20.7301 17.1596 17.1524 14.7942 14.7562 11.147 11.118 11.0933 8.9154 8.9025 
45.0813 45.1568 45.2559 45.3861 46.2269 47.0635 47.1656 47.6198 47.7199 47.8404 47.9505 47.9957 47.9188 48.4424 48.4625 47.5016 48.3287 48.71 48.9831 48.8219 48.7182 47.0834 45.6152 46.239 45.1822 43.8963 42.0288 40.4461 39.2597 37.4989 35.7104 34.8647 34.369 34.0848 32.1856 31.9487 26.7391 26.5199 20.9009 20.7958 20.7218 17.1671 17.151 17.1395 17.1313 17.1256 14.7455 11.1502 11.1143 8.9344 8.9162 8.9007 8.8875 8.8763 
43.3711 45.0365 45.124 45.2443 46.791 46.2712 47.1218 47.2749 47.7556 47.9489 48.1934 48.3468 48.1801 47.6651 48.3514 47.6182 47.6823 48.6439 49.2102 47.524 46.5002 44.5323 44.1942 44.2244 47.1591 42.3164 40.3107 37.6089 36.218 36.3941 34.3934 33.8387 32.9963 28.9614 26.5735 21.0257 20.8036 20.6612 17.175 17.1435 17.1224 17.1086 17.0997 17.0942 11.2094 11.154 8.966 8.9388 8.9163 8.8975 8.8818 8.8687 8.8577 8.2821 
43.247 43.3151 43.4085 45.0644 45.2101 46.7775 46.9677 47.1918 47.4341 47.9974 48.4705 49.045 48.6749 47.6693 46.9334 47.3097 47.5619 47.4919 46.6493 44.8347 42.9652 42.0631 40.3695 41.1233 40.224 35.0076 32.9668 32.4181 29.8926 28.7664 26.6367 26.2492 24.5993 20.4397 17.9902 17.2289 17.1487 17.1011 17.0732 17.0574 17.0491 17.0457 11.2331 11.1588 8.9791 8.9438 8.9152 8.892 8.8731 8.8576 8.845 8.2689 8.2545 8.2425 
40.2118 43.1604 43.2274 43.3244 44.1848 45.1306 46.7328 47.0283 47.2474 47.8542 48.3888 49.6418 48.627 46.9155 46.3032 46.7926 46.5846 45.1198 43.3854 42.2969 40.3934 38.6287 37.0289 35.5454 34.3277 32.3321 30.6181 28.1894 26.1004 23.8391 23.2401 21.258 18.2095 17.2559 17.0918 17.0131 16.9772 16.9634 16.9612 14.1033 11.9142 9.0584 8.9969 8.949 8.9116 8.8823 8.8591 8.8409 8.5009 8.2497 8.2335 6.9224 6.9152 6.9094 
40.1761 40.2569 40.3566 41.9025 41.9535 44.0346 44.189 45.6017 46.9239 47.1548 47.2415 47.4477 46.6788 46.4831 45.4667 44.2373 43.3369 42.9111 40.096 38.8726 37.7209 36.0134 34.8193 31.8433 29.0827 27.5382 26.835 25.1012 23.0922 21.8705 20.839 18.6486 16.9359 16.7853 16.754 16.7648 16.7895 14.0825 11.9365 9.114 9.0219 8.9537 8.9029 8.8649 8.8363 8.8147 8.4728 8.2212 6.9116 6.9024 6.8951 5.8182 5.8177 6.804 
40.1246 40.2066 40.3125 40.4485 41.9493 42.024 42.1165 43.7007 45.0031 45.2929 46.7689 46.3288 44.9566 44.5798 43.0199 42.4092 40.1867 38.3619 37.573 35.8548 35.0565 33.6428 31.8327 28.9147 25.9159 25.4656 24.3367 21.2939 20.4488 19.1829 16.667 15.779 15.7418 14.6189 14.5977 14.0289 13.0011 9.21 9.0593 8.9552 8.8829 8.8323 8.7968 8.4475 7.4662 6.8948 5.8157 5.8141 5.813 5.8123 5.812 6.7911 6.8148 6.8355 
40.0545 40.1321 40.238 40.3832 40.5804 42.0237 42.1404 42.2883 42.5229 43.8005 44.389 46.2489 45.773 42.9568 41.4078 39.2779 37.1965 36.3894 35.45 32.5209 30.9502 29.2538 26.6659 24.8364 24.598 22.3467 20.6203 18.9984 16.6965 16.5051 13.836 14.0072 14.2212 12.7203 11.1449 9.9359 9.1184 8.9441 8.8351 8.7666 7.4473 7.4276 7.4155 5.8104 5.8077 5.8059 5.8049 5.8044 5.8043 5.1903 6.8038 6.8295 6.8515 8.6837 
39.9642 40.0293 40.124 40.2648 40.4776 40.7965 41.2374 42.3561 42.6145 43.5639 42.9046 42.2408 40.8716 39.3713 37.6221 36.0687 35.7103 32.4995 30.6892 29.9228 27.3539 26.0747 23.6926 21.3688 20.6498 19.7174 17.8347 16.1008 15.1211 14.2644 13.2183 12.8282 11.4004 11.0047 9.7483 8.8823 7.4411 6.3272 6.3162 6.3117 6.3108 5.7986 5.7955 5.7938 5.7931 5.7931 5.188 5.1878 6.789 6.5248 6.5521 8.6756 8.7185 8.755 
39.8547 39.897 39.9638 40.074 40.2647 40.613 41.2751 42.3852 42.3247 43.3324 41.5209 39.0887 38.2614 37.0845 35.5561 32.3058 32.4625 30.7516 28.0219 27.5816 25.4296 22.966 21.856 20.392 19.2822 17.5901 14.9305 14.4562 13.4235 11.4676 10.9828 9.7726 9.1142 6.5225 6.3705 6.304 6.2788 6.2719 6.273 5.7784 5.7754 5.7746 5.1845 5.1841 5.184 5.184 6.472 6.5146 6.5499 8.6658 8.7192 8.7639 10.2654 10.2947 
36.9194 37.8345 37.9343 38.082 38.3189 38.7439 39.6287 41.6089 40.2561 39.1341 37.6191 36.4309 35.0879 34.2527 31.7541 31.4585 28.5041 27.6386 25.6255 24.1399 22.7426 19.9906 18.8181 18.6841 16.4545 14.5723 13.0595 11.6089 11.6056 10.442 8.9426 8.0729 6.676 6.2897 6.1882 6.1778 6.1913 5.7379 5.7383 5.1773 5.177 5.1772 5.1777 5.1783 6.4413 6.4995 6.5467 7.9078 8.7219 10.2353 10.2783 10.3134 11.7311 13.0264 
36.6969 36.7596 36.8433 36.9578 37.8235 37.8816 37.8611 37.408 36.8467 34.7077 32.8232 34.1832 32.4385 30.13 28.2973 27.5318 26.3084 24.3028 23.8472 22.7936 19.641 18.608 17.2973 15.1293 13.3343 12.3488 11.1091 10.4547 9.7372 8.7984 8.1668 6.7165 5.8965 5.8218 5.9407 5.6329 5.1579 5.1602 5.1625 5.1648 5.167 5.3265 5.3366 6.4758 6.9966 7.9138 9.4144 10.2448 11.691 11.7183 11.7402 11.7578 13.0583 13.0797 
36.4557 36.4502 36.4335 36.3928 36.2981 36.0729 34.7387 32.2976 32.8057 32.1621 31.0076 28.5069 28.5878 27.8636 25.3607 23.9262 23.7045 21.6569 20.3671 18.9114 17.3046 15.6992 14.5837 13.0395 11.586 10.428 9.4161 8.5186 7.8456 6.8088 6.4298 5.6527 4.6062 5.0003 5.0855 5.1148 5.13 5.1399 5.3013 5.3215 5.3357 5.3458 6.9867 7.9283 9.4275 11.6445 11.6909 11.7266 11.7542 11.7756 14.3578 14.3684 14.3771 16.0741 
34.693 34.6344 34.5375 32.1497 31.9567 29.8919 29.9211 29.8278 28.8518 28.4232 26.8044 26.3131 24.2404 23.1562 23.2173 21.9717 20.501 19.4361 18.7371 16.7023 14.6696 13.253 13.419 10.7159 9.2295 8.9816 7.389 6.5265 6.3357 5.659 5.3527 5.065 4.8656 4.9897 5.1521 5.2372 5.29 5.3222 5.342 5.3546 8.1643 8.2962 10.6502 11.6269 11.6927 11.7409 11.7765 11.8028 14.3523 14.3664 14.5967 16.0645 16.0822 16.0972 
32.0755 31.992 31.8637 31.666 27.8778 27.9091 27.8807 27.6734 26.708 26.4158 24.8363 22.8697 22.195 21.4782 19.9106 19.0696 18.8055 16.845 16.3606 14.8904 12.9187 11.0326 10.3264 8.4144 6.3567 5.2414 5.6284 5.1639 4.6211 4.9901 5.0143 5.088 4.8781 5.2916 5.4757 5.35 5.9681 6.0459 9.2237 9.44 10.6218 10.714 11.6993 11.7671 13.2938 13.3019 14.3433 14.363 14.595 16.051 16.0744 16.0936 16.1095 17.7306 
27.6001 27.5971 27.5851 27.5558 27.4923 27.3601 25.8621 25.0344 23.8854 22.3215 21.614 20.6895 18.7811 18.1435 17.7948 16.0736 15.1416 14.8386 13.0783 11.0824 9.9246 8.4813 6.1339 4.0087 4.5789 4.147 3.3628 4.0277 4.416 5.4753 5.83 6.0146 5.9002 5.3334 6.123 6.4378 8.2916 9.2794 9.5569 10.7383 10.8293 13.27 13.2896 13.3031 13.3123 14.5719 14.5918 14.607 16.0632 16.0889 16.1096 17.724 17.7431 17.759 
27.4755 27.442 26.0488 25.9669 25.825 25.5786 22.9793 22.6235 20.7759 20.5213 18.0752 17.0606 17.463 16.0311 14.7331 14.3927 13.0654 10.9943 9.2161 6.4815 4.4667 4.1606 3.2002 2.8609 1.807 2.8932 3.9461 4.8582 6.3248 6.6484 7.7916 7.8251 7.3134 7.3785 7.4739 8.5436 8.8433 10.8287 12.3346 12.3539 13.2754 13.3015 13.318 14.5545 14.5856 14.6083 16.0467 16.0825 16.1104 17.7161 17.7408 17.7607 17.7768 17.7899 
25.982 25.9268 25.8437 22.5918 22.5084 20.7307 20.5428 18.7557 18.6327 17.8698 16.3535 15.7654 14.9518 13.9145 12.7213 10.3063 8.6442 6.4566 4.6284 3.9671 2.2795 3.3683 3.8463 3.4778 2.7085 4.0893 5.7771 6.7382 7.6313 8.6069 8.6757 8.8543 8.9062 9.3733 10.5009 11.1556 12.2739 12.3544 13.2258 13.2877 13.3236 13.3433 14.5724 14.6096 16.0202 16.0734 16.1129 17.7068 17.7397 17.7654 17.7853 17.801 19.9508 19.9669 
23.7139 23.6152 20.6808 20.6185 20.5141 20.3412 18.4804 18.3202 16.5863 16.0451 15.2066 14.2852 13.2138 10.2938 9.1048 6.5525 5.7012 3.4751 0.8971 0.4242 1.8162 4.4286 4.8319 5.0845 6.7445 7.3686 7.4306 8.2248 8.7637 9.2743 9.8412 10.1481 10.1394 10.6164 11.2622 12.1726 12.4129 13.2117 13.3176 13.3688 14.5395 14.6101 15.9735 16.0597 16.1195 17.6961 17.7421 17.776 17.8011 17.8199 19.9531 19.9735 19.9897 21.7839 
20.62 20.577 20.5133 20.4189 20.2786 17.472 16.5292 15.1602 14.7916 13.6804 12.4223 11.3437 9.8406 7.151 4.7657 2.7794 2.3272 1.9414 2.88 4.1496 5.3114 6.9705 6.801 7.7352 7.8367 8.2143 8.953 8.8609 10.5181 11.2597 11.5884 11.6752 11.8803 11.4189 11.8164 12.6231 13.1857 13.3991 14.4348 14.6062 14.6927 16.0384 16.1375 17.6861 17.7539 17.8 17.8316 17.8534 19.9584 19.9848 20.0049 21.7853 23.0615 23.0745 
20.5165 20.4583 20.378 17.4294 15.1643 15.0729 14.909 11.4319 11.1896 9.0933 8.6449 7.7255 4.936 4.6588 2.5864 2.0611 3.6045 5.7398 6.7085 6.9061 8.0617 8.3512 9.7162 10.3649 10.4044 10.0744 10.2403 11.7958 12.7377 12.9047 13.2425 13.4684 13.6399 14.2249 12.9083 13.2523 13.995 15.0141 15.2761 16.0136 16.1942 17.6869 17.793 17.8564 17.8943 19.7189 19.9697 21.3803 21.3999 21.4144 23.0593 23.0766 23.0902 23.8513 
18.5052 13.8141 13.7604 13.675 12.086 11.8893 10.973 8.6388 8.292 7.5976 6.1041 3.7728 4.0541 4.9351 3.7774 5.5528 6.8169 8.2625 9.1492 9.442 10.5994 11.4775 11.4925 12.6555 12.2887 12.3466 12.851 12.9888 14.0692 14.2994 14.8204 14.9635 14.9202 15.4145 16.4012 16.0304 15.8725 16.3916 17.124 17.747 17.9213 18.0026 19.6886 19.7482 21.3404 21.3811 21.4092 21.4287 22.6909 23.0801 23.0981 23.8577 23.8676 23.8752 
13.6385 12.0924 12.002 11.8719 11.6842 8.5506 9.8486 9.574 7.2866 6.5047 5.9235 5.546 8.1849 8.336 7.174 7.6512 10.3007 9.9175 12.7697 12.5546 13.6484 14.1402 14.2073 13.8699 13.8086 13.8315 14.9342 15.1056 15.5108 15.9341 17.0469 17.7313 17.4755 17.2171 17.166 17.562 18.0004 18.3341 18.8163 19.3635 19.4406 19.839 21.3172 21.3863 21.4295 22.6521 22.6894 23.086 23.111 23.8681 23.8805 24.6794 24.6808 24.6818 
11.9673 11.8773 11.7555 10.0751 9.9877 9.862 8.5809 9.0341 8.9617 8.9086 9.0156 9.7924 11.3725 11.0668 10.7664 11.4073 13.1406 14.8987 14.6494 15.1045 15.0307 15.8018 15.9975 15.6196 15.6458 15.929 15.9501 16.3011 16.9511 17.7731 18.0764 18.7676 19.3672 19.3624 18.6669 18.6677 18.9567 20.0179 20.236 20.7251 20.799 21.4054 21.4785 22.6236 22.687 23.0976 23.462 24.3266 24.6765 24.679 24.6809 24.6823 24.6834 24.6919 
11.8027 10.1138 10.0615 9.9964 9.3014 9.2909 9.288 9.3033 9.3621 9.5217 9.8933 11.4046 11.6908 12.4978 13.8846 15.345 15.6149 16.9383 16.6932 16.4302 17.0911 17.2966 17.2987 17.4117 17.3587 17.35 17.5302 17.6149 18.8386 19.7673 20.1464 19.3765 20.664 21.2578 21.4058 20.5229 20.7515 20.6555 21.2778 21.7287 21.921 22.4474 22.6911 23.5681 24.2642 24.6689 24.6747 24.6786 24.6813 24.6832 24.6845 24.6855 24.6943 24.6953 
10.1093 9.3953 9.3933 9.3944 9.4012 9.4177 9.4516 9.5163 9.635 9.843 12.4995 12.6364 15.1805 16.2469 16.8959 16.7346 18.268 18.8436 19.0304 18.1943 18.4454 19.533 19.1554 18.8812 19.5626 19.5779 19.5974 20.3233 20.476 21.0569 21.1874 23.0447 22.3754 22.0315 22.2065 22.5421 22.134 21.7878 22.3123 22.5558 22.64 23.5719 24.2623 24.6597 24.6712 24.6782 24.6824 24.6851 24.6868 24.6878 24.6965 24.6976 24.6984 24.8294 
9.4427 9.4466 9.4541 9.4672 9.4888 9.5235 9.5785 9.6642 12.6861 12.7793 14.009 15.4769 17.7171 18.0554 18.5996 19.4797 20.1231 20.772 20.5677 20.7397 19.9227 20.3665 20.9301 21.3979 20.9915 21.359 21.7258 21.8066 22.5218 23.5585 23.6027 24.0714 24.5859 24.007 23.9002 23.435 23.3405 23.2608 23.7563 23.8953 24.4845 24.6303 24.6634 24.6785 24.6859 24.6896 24.6915 24.6924 24.7006 24.7016 24.8305 24.8296 24.8288 24.8282 
9.4835 9.4935 9.5084 9.53 9.5612 12.6927 12.7263 12.7808 14.5043 16.6694 17.9031 19.0697 20.42 20.7864 21.9118 22.1128 22.8454 21.4318 22.1897 22.36 23.4901 22.0036 22.8332 23.3037 23.4273 23.2104 23.2546 23.9562 25.2834 25.4247 26.0638 24.8704 25.6631 25.8127 25.522 25.1447 23.9738 24.0128 24.0811 24.3358 24.6366 24.6859 24.6994 24.7029 24.7032 24.7024 24.7086 24.7088 24.8312 24.8298 24.8287 24.8279 24.8273 25.4519 
9.5203 9.5351 11.3215 11.3736 12.7351 12.7696 16.5861 16.6875 19.5731 20.7991 20.8608 21.0122 21.394 22.2839 23.6711 23.9398 23.8474 24.6993 24.183 24.5081 24.943 26.1208 25.1971 25.1399 24.7407 25.5808 26.7051 26.8185 27.79 27.5283 26.8992 26.5696 26.3877 26.5541 26.2255 26.0744 25.647 24.5493 24.7595 24.7646 24.7713 24.7542 24.7389 24.7281 24.7205 24.836 24.8325 24.8301 24.8284 24.8273 25.1897 25.445 25.7913 26.1283 
11.3342 11.3713 12.7356 15.5236 16.6146 19.5649 19.6234 19.7096 20.9243 21.0003 21.1351 21.3805 22.9374 24.4013 24.6944 25.6976 26.3954 26.7713 26.4017 27.3556 26.7152 28.0613 28.1209 26.8057 26.5723 28.1149 29.3872 29.6901 28.5935 28.2753 28.0321 27.0774 26.8163 26.9585 26.8189 26.5806 26.2246 25.8157 25.0292 24.9372 24.8517 24.8522 24.8352 24.8298 24.835 24.8304 24.7972 24.7952 24.794 25.7568 26.1009 26.1193 26.1335 26.1443 
11.4039 15.5448 17.9231 19.5938 19.6364 19.6944 20.9344 20.9785 21.045 23.0725 24.0695 24.2554 24.8719 25.7902 26.3184 27.4242 27.5422 27.6724 28.1521 28.9887 29.9504 29.9016 28.4662 28.5612 28.4392 28.913 30.1421 30.0555 29.6615 28.609 27.6649 26.7793 26.5145 26.9519 27.1091 26.6757 26.4252 26.1301 25.8568 25.1626 24.9704 24.8526 24.8419 24.7971 24.7927 24.7907 25.0942 25.4212 26.0732 26.1039 26.1262 26.1424 26.1542 26.1629 
17.9434 19.6059 19.6378 19.6789 22.3474 22.3853 22.4402 22.52 24.1225 24.2296 24.3943 26.8347 26.9841 27.3327 28.9601 29.0861 29.741 30.7191 30.4707 31.1861 31.1721 30.983 30.6134 30.3061 30.3609 29.5533 29.5908 29.6361 29.4809 29.3943 28.402 26.9184 26.4614 26.4484 26.7743 26.7168 26.5076 25.9806 25.8756 25.4925 25.0536 24.8936 24.728 24.7705 24.7722 25.0998 26.0144 26.0736 26.1133 26.1399 26.1578 26.1699 27.1978 27.219 
19.6354 19.6659 22.3945 22.4257 22.4675 22.5241 24.1433 24.2097 24.3045 27.0442 27.1342 27.2975 29.1287 29.4544 31.0453 31.6241 33.0829 33.0732 32.4204 32.4562 32.6658 32.0587 31.9849 31.8162 31.6011 30.2484 29.9982 29.6689 29.6989 29.4385 29.3374 27.1095 26.9842 26.2735 26.3855 26.6339 26.4646 26.3058 25.7462 25.0688 24.7608 24.7306 24.7694 25.0275 25.4013 26.0001 26.0857 26.1365 26.1666 26.1845 27.196 27.2269 27.2488 27.2642 
22.4209 22.4464 22.4789 22.5207 24.1524 24.1969 27.0946 27.1328 27.1925 27.2856 29.1496 29.3103 31.2222 32.2899 32.4311 32.805 33.5145 34.544 33.7093 33.5954 33.3843 33.5875 33.197 32.8508 31.5631 31.5075 30.7834 30.6724 30.9229 29.3842 28.4782 28.2297 26.3994 26.3563 26.4417 26.7794 26.6529 26.5325 25.7696 24.7575 24.7046 24.8046 25.1167 25.3862 26.0116 26.1338 26.1924 26.2199 27.1941 27.2421 27.2738 27.9524 27.963 28.7353 
22.4831 22.5151 24.1567 25.534 25.5942 27.1752 27.217 28.4732 28.5714 29.24 30.8383 32.4085 32.4482 32.5375 32.7109 33.5472 33.6183 33.7247 33.7534 33.763 33.4377 33.0152 32.7568 32.5343 31.8083 33.9552 32.8061 30.8366 30.0076 29.0847 28.2385 26.772 26.5267 26.6826 26.703 26.6573 26.9067 26.6974 25.808 25.5109 25.1099 24.9891 25.6082 26.1716 26.2955 26.3301 26.3295 27.2756 27.9442 27.9714 27.987 28.7469 28.7608 30.2765 
25.5207 25.557 25.603 27.1978 28.4365 28.4838 28.5477 28.6341 30.8082 30.9028 32.4791 32.5137 32.5741 32.6733 33.3486 33.3453 33.3999 33.1957 33.3101 33.181 32.7401 32.3287 32.0584 31.9 32.8088 33.0443 32.9386 30.4212 30.1638 30.0149 30.1164 28.2727 26.9334 26.8323 26.6094 26.6293 26.7522 26.9228 26.7077 25.9143 25.5787 26.5566 26.8062 27.0034 27.4073 27.8558 27.9559 28.0093 28.7374 28.7702 28.7891 30.2514 30.3022 30.3398 
25.6071 28.4287 28.4555 28.4901 28.5348 28.5925 30.7965 30.8556 32.4006 32.4183 32.4457 32.4872 33.3192 33.1832 33.1375 33.0782 32.742 32.4224 32.5214 31.9433 31.6421 32.0948 31.7489 31.6387 32.0202 33.057 33.2739 29.7702 30.356 29.4477 30.6727 29.6119 27.2087 27.0911 26.629 26.6854 26.7245 26.7572 26.7573 26.873 27.2431 27.2746 27.6705 27.7385 27.9696 28.0952 28.7665 28.8248 28.8498 30.2088 30.2904 30.3473 30.3868 30.414 
28.4678 28.4942 28.5271 28.5682 28.6196 30.832 32.4126 32.4232 32.4386 31.9402 33.1123 33.0976 33.137 33.0919 32.5229 32.2393 31.9924 32.0036 32.0699 30.759 31.4411 31.7871 31.8019 31.8951 31.8897 32.9167 32.1316 29.4479 28.5713 29.007 28.984 28.8963 28.1373 27.4461 27.4164 27.0598 26.7972 26.6707 26.6766 27.2292 27.4823 27.7486 27.9677 28.307 28.8803 29.0641 29.5849 30.1309 30.2732 30.367 30.4266 31.0706 32.7601 34.5705 
28.5222 28.5529 28.5903 30.3899 32.4209 31.9076 31.9176 31.9309 31.9483 33.0945 33.0791 32.6553 32.3169 32.2381 32.2045 31.905 31.8791 31.7974 31.613 31.1653 31.3464 31.5689 31.5523 31.998 31.8601 32.2489 32.0189 30.2991 30.5769 31.4048 35.1613 29.3474 30.1875 28.343 28.0972 28.1981 27.3151 26.9089 26.909 27.1346 27.6265 27.928 28.2823 28.9902 29.6695 29.7658 30.7547 30.974 31.1006 32.6361 32.7388 34.5249 34.6442 34.7272 
30.3618 30.3842 31.9043 31.9099 31.9171 31.9263 31.9378 31.9524 33.0849 32.6579 32.6292 32.2987 32.2258 32.1976 31.8735 31.8499 31.775 31.7135 31.5947 31.4769 31.4919 31.5482 31.5064 32.0334 32.016 31.418 30.4406 30.1002 30.6335 32.2501 31.8046 31.6038 29.9134 30.8336 29.4501 28.6649 28.3743 28.0652 27.6851 27.7987 28.0521 27.9791 28.6521 30.0047 30.1053 30.7518 31.7403 31.9669 32.7225 32.8347 34.6556 34.7806 34.8596 34.9092 
31.9073 31.9116 31.917 31.9237 31.9319 31.942 31.9543 32.2759 32.6414 32.6161 32.2904 32.2228 32.2 31.8607 31.8427 31.7737 31.7437 31.6957 31.6329 31.5831 31.5767 31.5649 31.3602 31.6532 32.058 32.2545 32.1459 33.4684 35.3768 35.4486 35.92 36.0189 34.0917 33.4387 31.1448 29.4944 29.2321 28.6295 28.6693 28.6064 28.5743 28.8275 29.971 30.5972 30.9614 32.0428 32.2658 33.0003 34.7344 34.9271 36.3527 36.4054 36.4322 36.4443 
31.9171 31.9221 31.9282 31.9356 31.5266 32.2748 32.2661 32.6321 32.3052 32.2872 32.2839 31.8646 31.8551 31.8415 31.775 31.7575 31.7322 31.6988 31.6627 31.6357 31.6276 31.5858 31.3638 31.6254 32.0514 32.7231 34.2651 35.647 35.8508 36.3409 37.8155 38.6213 37.3016 34.6293 33.0367 30.9902 29.5634 29.703 29.2164 29.3205 29.9057 29.9031 30.6525 31.792 33.2656 34.1048 35.1045 36.8052 37.0304 37.1285 37.1652 37.1739 37.17 38.4313 
31.9259 31.9314 31.5177 31.5251 32.2676 32.6425 32.6269 32.3018 32.2866 32.2879 31.8604 31.8526 31.8421 31.7766 31.7652 31.7497 31.7298 31.7067 31.684 31.6671 31.66 31.6035 31.3698 31.3824 33.9061 34.9397 36.5516 36.7082 36.9173 37.7127 38.6153 38.8969 40.0095 37.0501 33.5411 32.4914 32.1441 30.3892 31.0622 30.8446 31.2876 31.9598 32.202 33.462 35.1153 35.5737 36.9545 37.3261 37.4058 38.4584 38.484 38.4937 38.4968 38.4968 
31.5114 31.5171 31.5235 32.2624 32.6382 32.6244 32.3003 32.2873 32.2921 31.858 31.8516 31.8433 31.7781 31.7701 31.7597 31.7467 31.7314 31.7149 31.6995 31.6879 31.6822 31.6175 31.3758 31.3845 35.0991 36.6186 36.7421 38.4418 39.9102 39.939 40.0475 40.8025 40.6753 40.2166 36.6761 32.931 32.4911 32.7009 32.1939 32.8627 33.2581 33.68 34.5676 35.9948 37.7525 38.0251 38.9727 38.9162 38.7835 38.6986 38.6447 38.6085 38.5827 38.5636 
31.5162 32.2644 32.2588 32.6358 32.6235 32.2999 32.3082 32.2963 31.8567 31.8513 31.8446 31.7794 31.7734 31.766 31.7569 31.7462 31.7343 31.7222 31.7112 31.7028 31.6981 31.6972 31.5054 32.7026 39.5317 39.5974 40.5277 40.5721 40.6649 40.8612 41.3758 41.9651 43.7048 41.1652 39.1944 35.5664 34.2185 34.1827 34.6022 34.001 34.5593 35.7639 37.5885 38.0958 40.1284 40.5102 40.7188 40.1293 39.9139 39.8162 38.7889 38.7134 38.6624 38.6261 
32.2614 32.6439 32.6345 32.6236 32.3002 32.3103 32.3002 31.8559 31.8513 31.8458 31.7804 31.7758 31.7703 31.7636 31.7558 31.747 31.7377 31.7286 31.7203 31.714 31.7101 31.7088 31.5115 36.8368 40.5893 40.6223 40.6767 40.7677 40.9244 42.1754 42.3857 43.0585 43.4648 42.8788 41.1038 37.9845 36.8974 36.4574 35.8692 36.4651 38.5677 38.4168 39.5221 42.5841 41.08 40.9111 40.4547 40.1919 39.9999 39.8868 39.818 39.7734 39.743 39.7213 
32.6426 32.6341 32.3082 32.3009 32.3125 32.3038 31.8555 31.8516 31.847 31.7813 31.7777 31.7734 31.7682 31.7623 31.7557 31.7485 31.7411 31.734 31.7276 31.7226 31.7194 31.7179 35.0918 38.5996 40.6699 40.72 40.7948 42.0841 42.587 42.7149 42.8174 42.9552 43.1835 43.1414 42.6081 40.1349 38.5355 38.0198 38.6988 39.1279 43.1174 41.2894 42.0905 43.9026 42.7411 41.9554 41.7731 40.9288 40.0105 39.9171 39.8504 39.8031 39.7688 39.7435 
32.6341 32.3083 32.3018 32.3147 32.3071 31.8553 31.8519 31.7846 31.7821 31.7792 31.7757 31.7717 31.767 31.7619 31.7562 31.7503 31.7443 31.7386 31.7336 31.7295 31.7268 31.7254 36.8103 40.6933 41.2254 41.7239 42.5235 42.5723 42.6692 43.1147 43.1443 43.2912 43.1818 42.6454 42.6664 42.1372 40.356 39.6176 39.268 40.4516 41.751 41.2318 42.0727 43.0874 42.9509 42.5558 42.0809 41.9652 41.9297 41.0393 39.8642 39.8201 39.786 39.7597 
32.3086 32.3028 32.3168 32.3101 31.8552 31.8523 31.7849 31.7828 31.7803 31.7775 31.7742 31.7706 31.7664 31.7619 31.7571 31.7522 31.7472 31.7426 31.7385 31.7352 31.7328 35.1739 39.5104 41.684 42.4917 42.5197 42.6068 43.0605 43.0769 43.094 43.2434 43.1815 43.2022 43.2307 43.5612 44.1589 43.457 42.991 41.4679 40.9941 41.2251 41.6257 42.149 42.6325 42.8024 42.6536 42.5223 42.1175 42.0477 42.0158 42.0038 41.0449 39.7958 39.7703 
32.324 32.3187 32.3129 31.8553 31.8527 31.7852 31.7834 31.7813 31.7789 31.7763 31.7732 31.7699 31.7662 31.7623 31.7582 31.754 31.7499 31.7461 31.7427 31.7399 33.9189 37.7378 42.4725 42.4906 42.5133 43.0335 43.0434 43.0543 43.7056 43.6935 43.6787 43.2558 43.4353 43.5901 43.7428 44.2821 43.7835 43.4518 42.5943 41.6766 41.2757 41.0205 42.1608 42.4788 42.637 42.6523 42.5904 42.4855 42.1338 42.0881 42.0626 42.0492 42.0432 42.0415 
32.3206 31.8574 31.8554 31.8531 31.7854 31.7839 31.7821 31.7801 31.7779 31.7754 31.7726 31.7696 31.7663 31.7629 31.7593 31.7558 31.7523 31.7491 31.7462 31.7439 36.1283 38.7842 42.4877 43.0176 43.0241 43.7218 43.7187 43.7144 43.7093 43.7042 43.2684 43.6949 43.5257 43.367 43.9334 43.8315 43.6348 43.4412 42.805 41.9648 41.7273 40.9745 41.5952 42.3569 42.5413 42.6086 42.5823 42.5334 42.4711 42.1423 42.1104 42.0902 42.0779 42.0708 
31.8574 31.8556 31.8535 31.7857 31.7843 31.7828 31.7811 31.7792 31.7771 31.7747 31.7722 31.7695 31.7666 31.7636 31.7605 31.7574 31.7545 31.7517 31.7493 34.0056 38.5804 40.6434 43.0117 43.7251 43.7238 43.7221 43.7201 43.7179 43.7164 43.6634 43.6919 43.487 43.5589 43.7671 43.9628 43.6376 43.5472 43.3769 42.7672 42.0323 41.8509 41.2954 40.946 42.3292 42.4917 42.5495 42.5609 42.5577 42.5054 42.1808 42.1474 42.1239 42.1078 42.097 
31.8557 31.8539 31.7859 31.7847 31.7834 31.7819 31.7803 31.7785 31.7765 31.7743 31.772 31.7695 31.767 31.7643 31.7616 31.759 31.7564 31.7541 33.9323 38.4324 38.8073 43.7266 43.7261 43.7254 43.7245 43.7236 43.7228 43.653 43.6671 43.6873 43.4628 43.5061 43.6951 43.8925 43.9009 43.5393 43.4896 43.3447 42.7426 42.0344 41.9087 41.9256 40.9296 42.3188 42.388 42.5124 42.5457 42.5334 42.526 42.4902 42.1749 42.1506 42.1326 42.1196 
31.8543 31.7862 31.7851 31.7839 31.7826 31.7812 31.7796 31.7779 31.7761 31.7741 31.772 31.7698 31.7674 31.7651 31.7627 31.7604 31.7582 31.7562 36.4043 38.6443 43.7271 43.7268 43.7265 43.7261 43.7258 43.7256 43.6569 43.6681 43.6831 43.4466 43.4753 43.6571 43.6899 43.8629 43.8629 43.48 43.4489 43.3169 43.5361 42.6153 41.9322 41.9693 41.3971 41.6292 42.3684 42.4141 42.5182 42.5394 42.538 42.5072 42.4815 42.1712 42.1528 42.1386 
31.7864 31.7854 31.7844 31.7832 31.782 31.7806 31.7791 31.7775 31.7758 31.774 31.7721 31.77 31.768 31.7659 31.7638 31.7618 31.7599 33.9992 38.5225 40.9135 43.7273 43.7272 43.7271 43.7271 43.7273 43.659 43.6679 43.6795 43.435 43.4554 43.634 43.6566 43.8372 43.8411 43.8384 43.44 43.4188 43.2944 43.5492 42.6289 41.9398 41.8838 41.943 41.3862 42.3573 42.3944 42.4989 42.5186 42.5085 42.5183 42.4953 42.4761 42.1688 42.1543 
31.7857 31.7848 31.7838 31.7827 31.7815 31.7802 31.7788 31.7773 31.7757 31.774 31.7722 31.7704 31.7685 31.7667 31.7648 31.763 33.9532 38.4322 38.6863 43.7277 43.7277 43.7278 43.7279 43.7283 43.66 43.6673 43.6765 43.6878 43.4416 43.4598 43.6352 43.8196 43.8239 43.825 43.8216 43.411 43.3955 43.6063 43.5568 42.6353 42.5782 41.8959 41.9651 41.3987 41.6487 42.3814 42.4081 42.5029 42.5168 42.5254 42.5051 42.4875 42.4727 42.1671 
31.7851 31.7842 31.7833 31.7822 31.781 31.7798 31.7785 31.7771 31.7756 31.774 31.7724 31.7708 31.7691 31.7674 31.7658 31.7642 36.4082 38.5848 43.7279 43.7281 43.7282 43.7284 43.7288 43.6604 43.6665 43.6739 43.6829 43.4314 43.4453 43.6204 43.6342 43.811 43.8132 43.813 43.8097 43.3889 43.3771 43.6004 43.5612 42.6378 42.5921 41.9018 41.9794 41.949 41.6382 42.3728 42.3956 42.4911 42.5041 42.5143 42.5119 42.4961 42.4822 42.4704 