ncols 66 
nrows 83 
xllcorner 158338.34201
yllcorner 383906.496002
cellsize 0.25
nodata_value -9999 
27.1109 27.1107 27.1105 27.1103 27.1103 26.7053 27.7885 27.77 29.3579 29.1101 29.1201 29.1334 25.3695 21.5472 23.7806 24.658 24.5993 24.5277 24.4439 20.1827 20.072 19.5008 19.344 19.2029 15.9201 15.8889 15.859 15.8322 15.9081 15.8963 15.8878 15.6304 15.7177 15.7254 17.2394 17.2634 18.3912 18.4166 19.6891 19.7015 19.712 19.7207 19.7279 19.7338 19.7388 19.7428 19.7462 19.7489 19.751 19.7528 23.1145 24.7759 24.9147 24.9286 25.494 25.4896 24.177 24.1661 24.1559 24.1462 24.1372 24.1287 24.1208 24.1134 24.1066 24.1002 
27.1105 27.1101 27.1098 27.1096 27.1094 30.1424 26.7139 27.7909 27.7688 29.3467 29.0996 29.1119 29.1288 25.3766 21.5687 24.6979 24.6339 24.5511 24.4491 22.5937 20.074 19.484 19.2879 16.5412 15.9304 15.8904 15.8533 15.9141 15.897 15.8852 15.627 15.635 15.7252 17.2297 17.2596 18.3899 18.6338 19.6889 19.7036 19.7156 19.7255 19.7335 19.74 19.7453 19.7495 19.7529 19.7555 19.7576 19.7592 23.1144 24.7784 24.9208 24.9359 25.498 25.4931 25.4884 24.173 24.1617 24.151 24.1411 24.1317 24.1231 24.115 24.1076 24.1006 24.0943 
27.1101 27.1097 27.1092 27.1088 27.1084 27.1081 30.14 26.7257 27.7946 27.7679 29.3322 29.0861 29.1016 29.1238 25.3875 23.8249 24.6855 24.592 24.4682 22.6238 20.0823 19.4654 19.214 16.5435 15.9412 15.8887 15.8423 15.8994 15.8818 15.6214 15.6325 15.7247 15.7349 17.2543 18.3885 18.6342 19.689 19.7066 19.7206 19.7319 19.7408 19.7478 19.7534 19.7577 19.761 19.7636 19.7655 19.7669 23.1146 24.7813 24.9278 25.5083 25.5026 25.4971 25.4918 24.1808 24.1683 24.1565 24.1455 24.1352 24.1257 24.1168 24.1087 24.1011 24.0942 24.0878 
27.1098 27.1093 27.1087 27.1081 27.1075 27.1069 27.1065 30.1371 27.8259 27.8002 27.7673 29.9694 29.068 29.0881 29.1185 23.1289 24.761 24.6605 24.513 24.313 20.1034 19.4454 19.1131 16.5464 15.9514 15.8804 15.889 15.8776 15.6118 15.6278 15.7232 15.7372 17.2466 18.3869 18.6346 19.6896 19.711 19.7276 19.7404 19.7503 19.7579 19.7636 19.7679 19.7711 19.7733 19.7749 19.7759 23.1149 24.7847 24.9361 25.5143 25.5078 25.5017 25.4958 24.1898 24.1758 24.1627 24.1505 24.1391 24.1286 24.1189 24.1099 24.1017 24.0941 24.0872 24.0809 
27.1096 27.109 27.1082 27.1074 27.1066 27.1057 27.1049 27.1043 30.275 29.7129 26.8771 27.7675 29.9456 29.0427 29.0697 29.1138 21.6871 24.7709 24.6052 24.3452 20.1518 19.7782 16.6333 16.0698 15.9565 15.8586 15.856 15.8465 15.6187 15.7198 15.74 17.2349 18.5934 18.6351 19.6912 19.7177 19.7375 19.7522 19.7631 19.771 19.7767 19.7808 19.7835 19.7853 19.7863 19.7867 23.1155 24.7888 24.9459 25.5212 25.514 25.5071 25.5005 25.4943 24.1846 24.17 24.1563 24.1436 24.132 24.1212 24.1113 24.1022 24.094 24.0864 24.0796 24.0733 
27.1096 27.1089 27.108 27.107 27.1059 27.1047 27.1034 27.1022 27.1014 30.2795 29.7159 26.8898 27.7694 29.9123 29.0051 29.0432 29.1126 25.4751 24.7808 24.4632 22.4099 19.6768 16.6951 16.1277 15.944 15.8094 15.8026 15.5998 15.7121 15.7437 17.2158 18.5778 18.6358 19.6947 19.7282 19.752 19.7688 19.7805 19.7885 19.7938 19.7972 19.7991 19.8 19.8002 19.7998 23.1165 24.7938 24.9574 25.5294 25.5212 25.5134 25.5059 25.4989 24.1949 24.1784 24.1631 24.1489 24.1358 24.1238 24.1129 24.1029 24.0938 24.0855 24.0781 22.5284 22.5145 
27.1098 27.109 27.108 27.1069 27.1055 27.1039 27.1021 27.1002 27.0985 27.0972 30.2883 29.719 26.918 27.7754 29.8622 28.9444 29.0019 29.1254 25.0859 24.7788 23.9876 19.5082 16.8407 16.1925 15.877 15.7655 15.557 15.6928 15.7484 17.1826 18.5505 18.6366 19.7017 19.7454 19.7742 19.793 19.805 19.8123 19.8164 19.8184 19.8189 19.8184 19.8172 19.8156 23.118 24.7997 24.9713 25.539 25.5297 25.5208 25.5124 25.5044 24.207 24.1883 24.1709 24.155 24.1403 24.1269 24.1147 24.1036 24.0935 24.0845 24.0763 22.5259 22.5108 19.4972 
27.1102 27.1094 27.1084 27.1071 27.1056 27.1036 27.1013 27.0986 27.0956 27.0928 29.5921 30.3054 29.7217 26.967 29.1346 29.7797 27.7056 28.9284 25.5624 25.4594 24.6599 19.2703 17.2847 16.1536 15.6738 15.4535 15.6365 15.7535 15.8085 18.4975 18.6375 19.7166 19.7752 19.8098 19.8296 19.8403 19.8453 19.8469 19.8463 19.8443 19.8415 19.8383 19.8348 23.1201 24.8069 24.988 25.5505 25.5399 25.5297 25.52 25.5108 25.5023 24.2 24.1803 24.1621 24.1455 24.1304 24.1167 24.1043 24.0932 24.0832 24.0742 22.5228 22.5064 19.4953 17.0627 
27.1108 27.1101 27.1091 27.1079 27.1062 27.1041 27.1014 27.0979 27.0936 27.0887 27.084 29.5761 30.3394 29.7226 27.061 29.1791 29.6235 27.5793 28.767 26.1274 26.7771 21.9476 16.8933 15.8721 15.333 15.3888 15.7498 15.8734 18.3754 18.6379 19.7507 19.8312 19.8701 19.8873 19.8929 19.8924 19.8887 19.8833 19.8772 19.8708 19.8645 19.8583 23.1229 24.8156 25.6646 25.5642 25.5522 25.5405 25.5293 25.5186 25.5087 24.214 24.1914 24.1706 24.1517 24.1345 24.1191 24.1052 24.0928 24.0817 24.0718 22.5192 19.5011 19.4931 17.0617 17.0535 
27.1117 27.1111 27.1103 27.1092 27.1077 27.1056 27.1027 27.0987 27.0932 27.086 27.0773 27.069 29.5532 29.9054 29.7164 27.2662 27.0779 29.2525 27.2041 27.5041 29.1272 22.4026 15.9617 15.3484 14.4286 15.5826 16.0513 18.0144 18.6339 19.8402 19.9483 19.9803 19.9829 19.974 19.961 19.9464 19.9323 19.9191 19.907 19.8959 21.5884 24.6395 24.8264 25.6823 25.5808 25.5671 25.5536 25.5405 25.5281 25.5165 25.5058 24.2048 24.1808 24.159 24.1394 24.1218 24.1061 24.0922 24.0798 24.0689 22.5148 19.4992 17.0704 17.0605 16.3758 15.4761 
27.1129 27.1126 27.112 27.1113 27.1101 27.1084 27.1058 27.1019 27.0959 27.0868 27.0738 27.0569 27.0405 30.4747 29.9599 29.683 27.7945 27.687 26.7962 21.5086 24.6675 19.073 15.1799 16.4661 15.6973 16.3529 16.777 18.5935 20.1359 20.2244 20.1925 20.1434 20.0973 20.0578 20.0245 21.5754 21.5876 21.5969 21.604 21.6096 24.621 24.8397 25.7039 25.6011 25.5854 25.5697 25.5545 25.5399 25.5262 25.5135 24.2211 24.1932 24.1679 24.1452 24.125 24.1072 24.0914 24.0775 24.0654 22.5095 19.4969 17.0699 17.0589 16.3738 15.473 14.2194 
28.6525 28.6357 28.6158 28.5918 27.1135 27.1126 27.111 27.1082 27.1033 27.0944 27.0789 27.0527 27.0139 29.388 30.5782 30.4767 30.0029 30.5595 31.9717 21.2665 18.5709 18.1213 17.3073 17.9783 18.6246 18.0014 19.7347 21.2782 20.9324 20.6164 21.5816 21.6004 21.6136 21.6226 21.6287 21.6328 21.6356 21.6375 21.6389 24.5991 24.856 25.73 25.6258 25.608 25.5899 25.5719 25.5546 25.5383 25.5232 24.2414 24.2084 24.1787 24.1523 24.1289 24.1083 24.0903 24.0747 24.0611 19.5061 19.494 17.0692 17.057 16.3713 15.4693 14.2179 14.2103 
28.6787 28.665 28.6485 28.6286 28.6042 28.5739 28.5354 27.1179 27.1164 27.1118 27.1005 27.0736 27.0127 26.8984 30.06 31.1615 29.5795 28.3652 32.3452 21.8206 19.3845 20.1894 19.4303 19.6421 23.6169 24.1311 22.3413 22.0008 22.4803 22.8424 23.0479 23.1723 23.2535 23.31 23.3513 23.3827 23.4073 23.427 24.5733 24.8759 25.7615 25.656 25.6362 25.6153 25.5942 25.5734 25.5537 25.5354 25.5187 24.2275 24.1922 24.161 24.1336 24.1097 24.089 24.0712 24.0559 19.504 19.4904 17.0682 17.0547 16.3682 14.2255 14.2161 13.1196 11.0549 
28.7072 28.697 28.6849 28.6703 28.6522 28.6297 28.6009 28.5634 28.5132 28.4439 28.3444 27.1409 27.1063 26.9356 26.4011 30.1412 33.4431 26.4396 20.4141 22.3428 20.4499 20.3363 20.5614 22.0872 24.2994 25.0274 25.6557 23.7174 23.2577 23.244 23.2873 23.3298 23.3646 23.3924 23.4147 23.433 23.4481 24.8711 25.4043 25.7986 25.6926 25.6714 25.6477 25.6228 25.5978 25.5738 25.5513 25.5308 24.2519 24.2093 24.1719 24.1393 24.1112 24.0871 24.0667 24.0494 19.5012 19.486 17.0668 16.3777 16.3645 14.2242 14.2139 13.1166 11.0541 9.1006 
28.7373 28.7313 28.7242 28.7156 28.7052 28.6923 28.6761 28.6551 28.6274 28.5895 28.5363 28.4592 28.3473 28.1832 26.8799 24.0056 35.8006 27.8028 22.2581 22.2627 21.4319 22.4473 23.139 23.7991 24.9723 26.3789 26.3709 25.9984 24.061 23.6912 23.5563 23.5056 23.4873 23.4825 23.4836 23.4872 23.4918 25.4239 25.7516 25.7362 25.715 25.6891 25.6603 25.6302 25.6005 25.5723 25.5467 24.2837 24.2314 24.1857 24.1464 24.1129 24.0846 24.0609 24.0411 19.4975 19.4804 17.0649 16.3745 16.3597 14.2226 14.2111 13.1129 11.0531 9.1007 8.0506 
28.7685 28.7668 28.7651 28.7631 28.7611 28.759 28.757 28.7552 28.7543 28.7554 28.7616 28.7814 28.8445 29.0944 30.2902 29.6056 25.9555 23.6673 22.6567 23.5501 22.8755 23.0529 23.7929 25.7478 26.6512 27.9273 26.727 26.2525 25.9745 24.6797 23.7695 23.6605 23.6019 23.5695 23.5513 23.5412 25.4441 26.0696 25.7859 25.7679 25.7419 25.7097 25.6738 25.6369 25.6012 25.5683 25.5391 24.2606 24.2039 24.1555 24.1149 24.0812 24.0533 21.0454 19.4926 17.0848 17.0624 16.3702 16.3538 14.2205 14.2077 11.9392 11.0517 9.1009 7.4756 7.4635 
28.8 28.8027 28.8064 28.8112 28.8177 28.8265 28.8389 28.8565 28.8827 29.2821 29.3124 29.3704 29.4903 29.7622 32.8549 35.7563 25.5752 25.1421 25.2273 23.0186 22.6617 22.7945 25.482 25.1325 27.6639 28.7924 27.8673 27.497 27.4256 25.9421 25.8061 24.8655 23.6945 23.6446 23.6125 26.3177 26.0613 26.0976 25.8287 25.8073 25.7747 25.7336 25.688 25.642 25.5988 25.5603 24.3006 24.2282 24.1674 24.1172 24.0763 24.0433 21.0402 19.4861 17.0849 17.0589 16.3647 14.2345 14.2177 14.2033 11.9383 11.05 9.101 7.4764 7.4628 7.4508 
28.831 28.838 31.8767 31.8638 31.8504 31.8371 31.8248 31.8153 31.8121 31.8227 31.8627 31.9677 32.5135 32.8584 33.7412 33.3873 30.7421 27.2197 24.3617 22.5126 22.5914 24.9601 26.063 28.4747 30.9886 30.2798 29.6252 29.1191 27.8341 27.7083 27.6528 25.8191 24.9013 23.7039 26.3239 26.0322 26.0835 26.1317 25.8834 25.8578 25.8156 25.7614 25.702 25.6438 25.5912 24.357 24.2621 24.1835 24.1199 24.0693 24.0294 19.5091 19.4772 17.5938 17.0542 16.3572 14.2333 14.2141 13.6051 11.9372 11.0476 9.1012 7.4775 7.4622 7.4486 6.8072 
31.9445 31.9392 31.9347 31.9314 31.9302 31.9325 31.9406 31.9581 31.9916 32.0525 32.5381 32.6295 32.8115 33.1523 33.5219 33.7929 31.3111 29.8074 20.2102 21.4255 22.667 25.8846 26.7439 30.2035 31.6588 30.982 30.0637 29.6592 29.3246 28.9554 27.8474 27.778 27.7381 26.7518 27.9628 26.0391 26.1073 26.174 26.2283 25.9248 25.8679 25.7935 25.7138 25.6391 25.5752 24.3112 24.2061 24.123 24.0588 21.0476 19.5029 19.4649 17.5906 16.3765 16.3473 14.2314 14.2092 13.0272 11.9355 9.8955 9.1013 7.479 7.4614 7.2578 6.8054 6.7989 
31.9881 31.9889 31.9917 31.9973 32.0072 32.0232 32.0484 32.0875 32.5571 32.5973 32.6644 32.7746 32.9495 33.8272 33.7346 30.847 27.27 24.8569 20.8911 21.6674 23.6795 25.4967 28.436 31.6247 31.169 30.8293 30.5121 30.718 30.4512 30.2505 29.0171 28.904 26.8724 27.9534 27.9504 27.9551 26.1303 26.2266 26.3068 26.0177 25.9367 25.8291 25.7186 25.622 24.3862 24.2393 24.1266 24.0426 21.0384 19.4934 17.6145 17.5854 16.3677 15.7829 14.2286 14.2027 13.0243 11.9332 9.8959 9.8844 8.5213 7.4606 7.256 6.8034 6.796 5.9689 
32.0305 32.0368 32.0461 32.0595 32.0786 32.1056 32.5693 32.5917 32.6252 32.675 32.7483 35.0914 35.1015 33.6686 33.1845 26.2407 25.7984 23.5187 21.4663 23.011 25.3212 26.6373 31.7328 32.7109 33.1578 33.6216 33.5557 33.5451 33.5609 30.4306 30.2879 28.4273 27.9576 27.9981 27.9327 27.9332 26.1453 26.2912 26.4197 26.1551 26.0302 25.8639 25.7059 25.582 24.291 24.1302 24.0163 21.0235 19.4781 17.6134 17.5774 15.8009 15.7746 14.2242 13.0352 13.0203 11.9299 9.8962 9.8828 8.5212 7.4598 7.2541 6.8009 6.7926 5.9674 5.9638 
32.0709 32.082 32.0968 32.1165 32.5776 32.5918 32.6116 32.6391 32.6771 32.7292 34.618 35.0685 33.6204 33.2696 29.4535 25.6629 24.6795 21.9758 23.1969 24.9314 25.9497 29.6915 35.9591 35.0268 34.2941 33.7941 34.0506 33.8897 33.7919 32.4058 33.1374 28.9143 26.671 27.9167 27.9726 27.8968 27.9137 26.3632 26.5942 26.3788 26.1603 25.8804 25.6521 24.3773 24.1325 23.9703 20.9981 19.1764 17.6099 17.5643 15.795 14.541 14.2176 13.0326 13.0147 11.9253 9.8964 9.8807 8.521 7.27 7.2518 6.7981 6.7885 5.9655 5.9615 6.1856 
32.1086 32.1236 32.1428 32.5933 32.6063 32.6235 32.6461 32.6759 32.7148 34.5885 35.0472 33.5855 33.2975 29.4148 25.5735 25.1333 24.7758 23.2232 24.5631 25.1533 28.7129 32.0396 35.7048 35.322 34.6786 34.5647 34.1315 34.2539 33.5442 33.2221 33.9322 28.6607 28.8634 26.6719 25.8644 27.925 27.8268 26.4034 26.8862 26.8055 26.3295 25.8184 24.602 24.1274 21.0576 20.9513 19.1512 17.6016 17.5425 15.7854 14.5361 13.0566 13.0284 13.0068 10.7793 9.8965 9.8777 8.5209 7.2708 6.8082 6.7948 6.7836 5.9633 5.9588 6.1813 6.1901 
32.1432 32.5951 32.6043 32.6159 32.6308 32.6497 32.6736 34.5194 34.5693 35.0323 33.5594 33.3046 29.3871 25.515 25.1605 24.9491 25.6463 24.4756 24.7036 29.3997 30.2136 31.9693 33.5788 34.2176 34.1891 34.319 34.0433 34.426 34.4909 34.1163 33.9747 31.1616 28.6419 30.2414 26.6832 25.8971 27.6634 27.6676 27.3384 27.9194 26.3791 25.2875 24.083 21.0182 20.8565 17.7086 17.5829 15.8457 15.7691 14.5266 13.0579 13.0218 12.1311 10.7792 9.8964 9.8736 8.5209 7.2722 6.8066 6.7907 6.7777 5.9606 5.9555 6.1759 6.1862 5.599 
32.6037 32.6121 32.6225 32.6354 32.6513 34.4859 34.5172 34.556 35.0213 33.5394 33.3037 29.3657 27.8406 25.1594 25.015 25.8223 24.4532 24.5741 29.7048 30.0386 30.7013 32.4777 33.0844 33.8374 33.7715 33.6096 33.7789 34.0774 34.3102 33.9584 34.038 30.7099 28.9148 30.8799 30.1252 25.9875 25.9604 26.5812 26.0619 29.7245 25.0457 23.7695 20.9004 20.6367 17.7351 17.5401 15.849 15.7394 14.5083 13.0586 13.0107 12.1211 10.7787 9.8957 9.8675 8.5211 7.2745 6.805 6.7857 5.9648 5.9573 5.9513 6.1693 6.1814 5.5981 6.7982 
32.6177 32.627 32.6382 32.6517 34.4897 34.5153 34.5463 35.0129 35.014 33.2997 29.3484 28.9816 25.1504 25.0902 25.9142 24.4479 24.5208 26.6841 30.0452 30.3624 31.8446 32.2691 33.3524 33.0204 32.7226 32.4681 33.3186 33.9483 32.9454 34.103 34.1242 32.1398 28.1854 32.6189 30.4107 29.901 28.214 24.8641 24.147 23.2665 21.3776 20.6081 19.4568 17.7644 17.4377 15.8465 14.5996 14.4717 13.0575 12.9914 12.1037 10.7773 9.8942 9.4135 8.5216 7.2784 6.8032 6.7795 5.962 5.9531 5.9461 5.4054 5.5805 5.597 5.7841 6.8307 
32.6301 32.6399 34.4745 34.4923 34.5136 34.539 35.0061 35.0071 33.2944 31.8416 28.9863 25.1396 25.0979 25.9649 25.8638 24.4962 26.666 30.0748 30.2559 31.6348 31.8916 33.1151 33.0589 33.3004 32.3425 32.0198 33.6593 34.0963 33.532 32.7119 31.5782 31.2808 29.837 28.5641 30.5949 29.7995 29.054 26.713 22.7815 22.2026 20.2161 18.4285 18.1387 16.7447 15.8129 14.5901 13.4947 13.0504 12.135 11.0974 10.4826 10.3701 9.413 8.5227 7.8633 6.8015 6.7715 5.9585 5.9476 5.9393 5.4008 5.5757 5.5954 5.7846 7.1536 7.1894 
32.6409 34.4789 34.4942 34.5122 34.5333 35.0006 35.0015 31.9393 31.8459 28.9881 25.1291 25.0987 25.9941 25.919 24.4838 26.6638 30.1044 30.2201 31.5616 31.7216 33.0011 33.0533 33.9613 33.4875 33.12 33.4947 34.1373 34.3791 34.3799 33.1486 28.9943 27.6034 29.52 30.4246 29.9086 29.7691 38.932 25.2387 21.5403 20.1653 18.7738 17.8801 16.5899 15.4777 14.9199 13.5102 13.0232 12.0961 11.0997 10.4787 9.9982 9.4124 8.525 7.8608 6.7998 6.761 5.9537 5.9402 5.9304 5.3945 5.5693 5.5932 5.7851 7.1514 7.1931 7.494 
34.4822 34.4954 34.5109 34.5287 34.5492 34.9968 31.9249 31.848 28.9882 28.8992 25.0964 26.0116 25.9542 24.4773 24.5091 27.1853 31.1106 31.536 32.8687 32.9479 33.0168 34.3125 34.0499 33.8192 33.7599 33.6168 34.2249 35.4189 35.0678 31.9856 26.1135 26.2934 24.7937 30.3099 31.3576 24.2768 25.6429 21.9558 19.7397 19.0245 17.7022 16.4696 15.1388 14.8803 13.4507 13.1862 11.5661 11.0973 10.4672 9.9966 9.4116 8.5298 7.8577 6.7988 5.9716 5.9472 5.93 5.9182 5.3858 5.5604 5.59 5.7858 7.1488 7.1981 7.5002 9.1799 
34.4964 34.5097 34.525 34.5424 34.9928 31.9131 31.8488 28.9875 28.9147 25.0928 26.0222 25.9773 25.9259 24.4978 27.1721 31.1216 31.5288 32.8676 32.9253 32.9855 34.5066 34.3416 34.1823 33.7332 33.8789 33.7246 34.0426 34.635 33.7571 31.2916 25.3063 22.1211 22.5137 24.0127 27.1994 20.7245 19.3838 20.0015 18.4963 17.876 15.1898 14.9068 14.6976 12.6399 12.1907 11.6214 11.0671 10.0357 9.9926 9.4108 7.944 7.8537 6.7996 5.9718 5.9378 5.9153 5.3866 5.3734 5.548 5.7551 5.7867 7.1456 7.4677 7.5083 9.1828 9.2418 
34.5087 34.5219 34.5369 34.9895 31.9034 31.8488 28.9863 28.9257 25.0886 26.0795 25.9928 25.9516 24.4907 26.0202 31.1332 31.1925 32.8755 32.9181 32.96 33.0693 33.7247 32.2154 32.3647 33.919 34.0506 34.2491 35.4761 34.369 34.5516 31.515 26.3956 23.2783 23.9568 18.7417 18.8631 19.2607 17.9694 17.1277 16.5005 15.9966 15.0451 13.1942 12.4057 12.2962 11.829 10.8444 10.0978 9.9799 9.4112 8.3862 7.8489 6.8051 5.9737 5.9233 5.8926 5.3704 5.3552 5.5298 5.7472 5.7877 5.82 7.47 7.5189 9.1868 9.2559 10.2679 
34.5193 34.5323 34.9866 32.0938 31.8483 28.9849 28.9337 28.8745 26.0826 27.0123 26.9836 26.9522 26.4619 27.4205 30.8071 31.8105 31.9157 32.3725 33.4331 33.4513 33.8459 33.8345 31.9336 32.0292 34.1333 34.7248 34.7596 32.6028 32.3695 31.4492 29.5848 25.6079 21.086 20.3834 17.9194 18.128 16.0784 15.71 15.2493 13.1903 12.8235 11.7521 11.4095 11.3008 10.5452 10.3499 9.9134 9.4258 8.4082 7.8434 7.4331 5.9807 5.8988 5.855 5.3439 4.8269 5.0987 5.7354 5.789 6.0923 7.4733 7.533 9.1923 10.2317 10.2693 12.7517 
41.3376 41.3206 37.6345 34.1101 34.0321 31.8108 31.3373 27.4587 27.4628 27.2845 27.8273 27.8436 27.8984 30.187 31.1877 31.3098 31.3495 31.4002 31.59 31.613 30.958 31.3517 31.2781 31.0421 30.0174 30.241 31.2272 30.715 30.3323 30.7893 28.6865 36.7752 21.1886 18.0774 17.3196 14.5416 14.2309 14.7291 13.7323 12.2224 11.4648 11.0931 10.7329 9.8666 10.0689 9.8053 9.4787 8.4709 8.1438 7.3496 6.002 5.853 5.7864 4.8302 4.8186 5.0864 5.717 5.7907 6.1051 7.4783 7.5526 7.6089 10.2237 10.2704 12.7305 12.7873 
43.2263 41.3345 41.3148 37.6314 34.05 34.0331 31.8041 31.3194 27.6134 27.619 28.0424 28.0599 28.0383 28.0558 28.0773 30.2436 30.398 30.6916 31.1006 30.6434 30.6537 30.6514 30.0901 29.9757 29.0774 29.8904 30.2919 31.5318 32.1204 32.5756 22.7513 24.0016 18.4785 16.9097 15.0104 14.3281 12.9496 11.6762 11.6608 10.766 10.003 9.9502 9.9098 9.439 8.9574 9.1524 8.443 7.5772 6.9724 6.1762 5.7572 4.9524 4.8154 4.8013 5.0664 5.6868 5.8477 6.1252 7.4858 7.5801 8.5841 10.2117 10.271 11.2364 12.7736 13.5341 
43.2292 43.2247 41.3304 37.0311 34.1161 34.0539 33.2437 31.7941 31.2949 27.6135 27.6202 27.487 28.0598 28.0406 28.0625 28.09 30.2184 30.3908 30.6969 31.1343 30.7249 30.7574 30.5016 30.1932 29.9619 29.0135 29.4781 30.1931 31.2983 31.4691 22.6736 19.384 18.2 16.2973 14.3843 13.4954 11.7148 11.4999 10.5907 10.2495 9.8014 8.8558 8.6588 8.4296 7.9464 7.9792 7.349 7.2466 5.9136 5.4575 4.9131 4.7621 4.759 4.9252 5.6891 5.8469 6.1587 7.4978 8.5371 8.5961 10.1928 10.8666 11.2321 12.7562 13.5261 13.5934 
43.2326 43.2279 43.2227 41.3251 37.6406 34.1256 34.0578 33.2389 31.7792 31.261 27.6132 27.6214 27.4916 28.0213 28.0428 28.0709 28.1074 30.1779 30.3747 30.6974 30.845 30.9526 30.9592 30.7555 30.6194 29.7873 27.7378 26.9231 25.92 24.1942 22.1501 19.6309 18.2837 15.7336 14.099 11.5855 11.3473 10.2903 9.934 9.4347 8.48 8.314 8.2335 7.7588 7.4166 6.5822 6.544 5.5968 5.2617 4.9305 4.4767 4.6439 4.917 5.0341 5.8449 6.4652 7.5168 8.5275 8.6112 10.1623 10.8486 11.2265 12.7338 13.5179 13.6009 14.0042 
44.0371 43.2319 43.2264 43.2201 41.3181 34.1227 34.1375 34.0616 31.9345 31.7567 27.8287 27.6125 27.6226 27.4974 27.5121 28.0448 28.082 28.305 28.3493 30.3399 30.682 30.544 30.8224 31.1909 31.4817 31.1258 29.0024 27.1993 24.7923 22.2534 21.1061 19.9085 17.0326 16.1391 13.1789 11.0132 9.8033 9.6 9.3687 8.3267 7.8046 7.6327 7.3895 7.0498 6.1269 5.5988 5.5967 4.5264 4.7426 4.5442 4.4308 4.8835 5.099 5.8422 6.5409 7.1666 8.5042 8.964 10.1108 10.8196 11.2188 12.4051 13.51 13.6145 15.4392 15.4805 
45.8735 44.0349 43.231 43.2245 43.2169 41.3085 34.1345 34.1526 34.0651 31.9221 31.05 27.8241 27.6107 27.6235 27.5049 27.5254 28.0462 28.0974 28.3303 28.4991 30.4021 30.6117 30.5331 30.9914 31.9954 35.0319 29.1976 26.8619 24.964 22.6609 21.267 18.5332 17.7412 15.6779 13.089 11.5723 9.0917 8.7205 8.0525 7.8709 7.3822 7.0284 6.9176 5.934 5.5071 4.728 3.8795 3.7547 3.8858 4.1793 4.7652 5.523 5.8744 6.8271 7.301 8.6751 8.9354 9.3737 10.7704 11.3516 12.3915 13.5042 13.6387 15.4353 15.4878 15.5264 
43.8322 45.873 44.0322 43.2299 43.2219 41.3379 37.0394 34.1497 34.1724 33.4387 31.8999 30.9949 27.8169 27.607 27.2968 27.5147 27.5452 28.0464 28.1205 28.3689 28.5486 28.6641 30.1287 30.253 30.6489 30.1156 29.2531 25.5822 23.9308 21.4745 20.4152 18.9003 17.1537 16.186 14.3209 12.5 9.4711 7.8819 7.6483 7.0682 6.566 6.3789 5.8474 4.441 4.3584 3.9962 3.3956 3.083 2.9761 4.194 5.7095 6.0798 6.5138 7.3161 8.1747 8.8427 9.3593 10.6831 11.3293 11.6094 12.5293 13.6819 15.4329 15.5012 15.5487 15.5814 
44.127 43.833 45.8723 39.8104 43.2284 43.2185 41.3302 37.0388 34.1698 34.1208 32.7736 31.8603 30.9061 26.8808 27.5997 27.3008 27.528 27.5769 28.0474 28.1628 28.2666 28.624 28.9585 29.4553 28.2114 27.5627 26.619 24.8816 23.1207 21.2766 20.522 19.3166 17.0183 16.1647 14.2861 12.3526 10.8654 7.8544 6.7047 5.3475 5.9193 5.2707 4.4076 4.2315 3.3155 3.1971 2.3863 2.3439 2.461 4.1809 5.4947 6.4785 6.9152 8.1213 8.3253 9.4023 10.103 11.3021 11.6591 12.5914 14.3387 15.4347 15.5263 15.5852 15.6223 20.4118 
42.3536 44.1279 43.8341 45.8714 39.82 43.2265 43.2138 41.3186 34.1637 34.1977 34.1787 32.7619 31.7881 27.2731 26.8817 27.2476 27.301 27.545 27.4372 27.6697 27.9702 28.2592 28.5784 28.6651 27.9275 26.8616 25.078 24.7862 22.704 21.2688 19.7338 18.9812 17.9048 16.4797 15.0809 12.4846 11.1231 9.4492 5.811 4.6725 4.155 3.9914 3.8998 3.6613 2.8729 2.6503 2.0096 2.2263 2.7232 3.6489 5.1307 6.4244 7.4024 8.3338 9.0628 10.0614 11.1731 11.7645 13.1012 14.3252 15.4481 15.5749 15.6472 20.2728 20.3861 20.4727 
42.3383 42.3574 44.1292 43.8355 45.8701 39.8325 43.2238 43.2071 37.0531 34.1914 34.2381 34.1928 32.0507 30.9425 27.2714 26.8804 26.7136 27.2876 27.3671 27.5506 28.1495 28.5681 27.3798 27.4542 25.9847 25.3521 24.3024 24.0934 22.3946 21.2592 19.0239 18.4892 17.5373 16.8811 15.4612 12.9317 11.0499 9.8236 8.1432 4.2461 3.2865 3.2076 2.925 2.7032 2.2452 1.8993 1.9323 3.1691 3.5625 4.0265 5.7209 6.7049 8.2772 9.4823 10.3359 11.3607 11.9325 13.1074 14.3219 15.4916 15.6722 20.0095 20.2181 20.3667 20.474 20.5526 
40.783 42.339 42.3625 43.8382 43.8373 45.8683 39.8494 43.2199 43.1967 37.051 34.2331 34.3003 32.894 31.9534 28.2467 26.974 26.8711 26.7262 27.2334 27.3008 27.5357 27.687 26.4521 26.4656 25.0032 24.1488 23.5675 22.8777 22.4132 21.3152 19.5418 17.7669 17.4359 16.809 15.7393 14.3755 11.7637 10.0132 7.0451 6.2788 3.0182 2.2681 1.9605 1.9195 1.7492 1.7478 2.5886 3.5111 4.1475 5.3831 6.3556 6.9573 8.5043 9.6559 10.7136 11.5591 13.2555 14.1626 15.6748 19.3864 19.8665 20.17 20.3675 20.4991 21.1382 21.2003 
40.7818 40.7827 42.34 42.3697 43.8408 43.8398 43.1709 39.8733 39.8127 43.1799 34.215 34.3007 34.3448 32.2169 31.7417 28.2165 26.9657 26.8308 26.7283 26.9032 26.9267 26.2572 25.7763 25.0535 24.8235 24.2124 23.1555 22.884 22.0115 21.4067 20.6473 18.5088 17.325 16.744 16.0437 14.7102 13.4793 11.4684 8.1457 6.9651 5.4274 1.6722 1.4451 1.5539 1.6554 2.9025 3.9174 5.2081 6.5711 7.0373 7.1044 7.6366 8.0101 10.3987 11.6043 12.2866 14.7193 15.6336 18.9188 19.7065 20.1582 20.9241 21.0794 21.1775 21.2424 21.2869 
41.0903 40.7813 40.7824 42.3415 42.3803 43.8447 43.8435 43.1677 39.9093 39.8216 40.6448 34.2794 34.4244 34.4293 32.0602 28.4011 28.1459 26.9235 26.7094 26.5049 26.3893 25.3576 24.6242 23.8625 23.3996 23.81 23.1638 22.866 22.4275 21.4684 20.4084 19.8379 17.9404 17.0495 16.3981 15.2178 14.2577 13.4002 10.4697 6.5599 6.2718 4.346 1.7843 2.0495 1.9813 3.2233 3.849 6.2695 6.9045 7.6871 8.4971 9.0874 10.0539 10.1213 12.1199 14.1635 15.6737 18.9172 19.4637 20.5747 21.075 21.3048 21.4247 21.4942 21.5378 21.5668 
39.895 40.7795 40.7806 40.7821 42.3438 41.2212 41.9459 43.8491 43.1569 39.9689 39.8304 40.5623 34.4076 34.6921 33.3403 28.4208 28.3357 27.8016 26.8318 26.1951 25.8061 24.4092 23.8477 24.2924 23.187 22.99 23.3509 22.9966 22.7281 22.0577 20.7267 20.2411 19.0301 17.563 16.3561 15.8828 15.073 13.8385 13.0532 10.3265 7.5544 7.248 5.1685 2.7513 3.3666 4.6998 6.3959 7.1825 8.1206 8.8327 9.5095 9.8391 10.3698 11.4948 13.4301 14.3944 17.6916 26.0392 20.2057 21.1744 21.442 21.5426 21.5893 21.6144 21.6292 21.6386 
39.8834 39.8967 40.7784 40.7798 40.7819 42.3477 41.2386 38.9168 43.8584 39.3176 40.0818 39.8314 40.3181 34.7482 35.4057 32.4016 28.4248 28.0154 27.0689 26.7735 26.8344 26.1206 25.3376 27.3305 26.0815 22.6971 23.0588 23.4304 22.816 22.5105 21.5035 20.7989 19.7601 18.4135 17.3435 17.1696 15.7107 15.3722 13.8687 12.7859 10.642 9.138 7.3673 6.4388 4.4297 4.9145 5.9934 7.2194 9.0635 9.5441 10.5755 11.4302 12.2921 13.8628 14.4688 22.2107 33.1655 28.0067 25.6998 24.9513 25.0816 25.3027 25.4963 25.6524 25.7775 25.8789 
39.8689 39.8819 39.8993 40.7768 40.7789 40.782 42.3548 41.2636 39.0126 41.9603 39.3943 40.524 39.7661 34.3377 36.522 34.5059 28.4908 28.8839 28.5604 28.346 29.1758 29.154 27.7811 29.1988 27.7651 23.0679 22.7372 23.2837 23.5906 22.7019 22.4555 21.8075 21.3561 20.4681 18.5483 17.4767 16.8952 15.951 15.697 14.3669 13.3368 12.1057 10.1066 8.2457 6.5901 6.2821 6.7228 8.1832 9.3384 10.2932 10.9179 12.2208 13.0223 14.6535 18.2285 25.1346 27.2195 27.9723 27.2398 26.3827 25.9623 25.8605 25.871 25.918 25.9744 26.03 
39.8508 39.8626 39.8795 41.3896 40.7747 40.7779 40.2292 42.369 41.3032 39.1964 41.8564 39.503 40.2712 38.6591 33.8667 30.5547 29.5178 29.0087 28.8185 28.9619 28.8742 28.991 28.5051 29.1051 29.1296 26.8214 23.0787 22.6618 23.5617 23.7831 23.0374 22.3717 21.8897 21.1169 20.6413 18.0395 17.8169 17.4404 16.0982 15.9106 14.3293 13.4334 12.2468 11.2592 9.4852 8.0857 7.441 8.1786 9.522 11.4378 11.7924 13.5787 14.3672 18.9237 23.6945 24.0306 26.9097 27.1213 30.8957 26.9165 26.608 26.3408 26.2236 26.1811 26.1753 26.1871 
36.8228 39.838 39.8528 39.8759 41.387 40.7716 40.7772 37.7115 41.1922 39.5064 39.6524 41.2099 39.1588 48.9688 28.9634 28.6639 28.9662 28.7816 28.4565 28.3711 28.3522 28.1585 28.0693 27.8941 28.4293 28.6795 26.2103 23.4283 23.6116 23.921 23.7037 23.2119 22.5022 22.0671 21.7308 20.5752 18.2528 18.1203 17.6301 16.0497 16.074 15.5647 14.5716 13.7522 12.3808 9.6864 9.43 10.7496 11.2368 11.4949 13.3733 14.0241 20.6437 22.911 23.252 26.6738 26.5401 26.7387 26.8312 30.8854 26.797 26.693 26.5136 26.414 26.362 26.338 
36.8019 36.8391 36.8879 39.8366 39.8698 41.3828 40.7668 40.7782 37.6879 41.1617 39.9392 41.2502 32.0577 31.3147 29.0626 29.1857 28.2108 27.9312 27.6606 27.7774 27.7519 27.5632 27.7566 27.6139 27.8091 27.956 28.6882 25.3493 23.7766 23.7583 23.9148 23.6592 23.4481 22.51 22.0386 21.8598 20.3106 18.7374 18.5007 18.203 16.5183 16.2252 16.3725 14.9063 14.7902 14.2695 11.8774 11.8599 12.7663 14.2836 18.3564 15.4366 17.0491 20.9914 22.4449 22.5289 26.7937 26.5506 26.6422 27.0592 30.8686 26.7382 26.7313 26.6042 26.5238 26.4744 
36.772 36.8068 36.8555 36.9243 39.8072 39.859 41.3749 40.7586 40.7887 38.6524 38.5082 43.1215 35.2652 28.406 30.5601 28.6652 27.4783 27.2656 26.6134 27.1061 27.3118 27.5062 27.6016 27.5243 27.4449 27.9155 28.2036 28.396 25.7952 23.9348 24.0035 23.9257 23.7546 23.659 22.8257 22.5107 21.6417 20.3229 18.8192 19.2624 18.6015 17.3763 16.9728 17.2741 15.8303 15.4704 15.7581 14.2833 16.3668 17.1059 31.4079 24.6536 21.0184 20.8927 22.4513 22.1758 26.3969 26.9078 26.5257 26.5703 31.1019 31.005 26.7039 26.7509 26.6567 26.5918 
34.9489 35.0054 35.0814 36.8661 36.9681 37.1344 39.8411 41.3509 39.2968 40.3288 34.1695 30.0745 39.1203 31.1692 28.6985 27.095 26.3901 26.3254 26.3423 26.4041 27.2577 27.4149 27.5366 27.5988 27.6118 27.9247 28.3189 28.5253 28.1212 25.7838 24.1454 24.0839 23.8702 23.787 23.7306 22.9162 22.5687 22.2914 21.2756 19.7672 19.5488 18.7159 17.9534 18.4589 18.2878 18.1676 17.7094 17.9948 17.3579 18.4235 22.449 23.8464 23.0272 22.3808 18.3635 22.6524 22.1883 26.7023 26.8656 26.4938 26.5179 31.0638 30.9751 26.8595 26.7618 26.6894 
34.9154 34.9658 35.035 35.1347 35.2883 35.5456 37.3373 38.6321 39.8311 41.6652 29.1986 27.7275 31.382 29.4141 26.3898 25.9217 25.3977 25.1075 25.7109 25.914 26.602 27.4149 27.5181 27.5968 27.6824 28.2081 28.2868 28.5865 28.7925 28.0314 24.2906 24.1564 24.0552 23.9589 23.9434 23.7517 23.112 22.6798 22.5269 21.4167 20.7255 20.3879 19.3742 18.7948 19.5272 20.0606 19.6547 20.3335 21.2354 20.1586 22.0224 23.8043 24.392 23.1803 18.4571 18.4103 22.7532 22.9902 26.7178 31.5074 26.8335 26.8978 31.0392 30.958 26.8425 26.7682 
34.8697 34.9076 34.9585 35.0304 35.1397 35.3256 35.7055 36.7264 41.7456 28.5261 30.6823 27.8965 26.6229 26.1565 23.7404 24.5499 24.808 24.819 24.9767 26.1927 26.2421 26.7315 27.4147 27.5972 27.7438 28.2854 27.9106 27.6582 28.2185 27.5292 28.5687 25.4766 24.0606 23.9629 23.8796 23.9201 23.9617 23.3015 23.0364 22.7924 21.7742 21.1571 20.5021 20.2624 20.7239 21.2015 22.0229 22.5973 24.0232 22.6795 21.6594 23.4126 24.3804 19.5013 19.224 18.4549 18.428 22.8154 22.9731 26.7318 31.5744 26.7833 30.5572 31.0222 30.9476 30.8699 
34.8154 34.8363 34.8609 34.8891 34.9179 34.9319 34.8481 33.9805 29.4758 30.2058 29.7966 28.0909 24.9731 23.738 22.8367 23.1166 23.675 23.344 23.6695 25.3423 25.6618 26.444 26.7498 27.6121 27.5371 27.6883 26.8704 25.6323 28.2361 29.0342 28.9665 27.7884 25.2479 23.9454 23.8936 24.0587 24.222 24.216 23.4017 23.207 23.4255 22.267 22.4172 21.486 22.0516 24.3126 24.1768 25.805 26.3741 24.1321 22.6473 22.0234 21.6467 19.5514 19.475 19.2422 18.4537 18.4362 22.8579 22.9702 26.7434 26.6641 26.7583 31.0023 31.0097 30.9409 
34.7574 34.7605 34.7581 34.7431 34.6983 34.5783 34.2556 33.439 30.9505 29.6247 27.7499 26.7198 22.2642 22.2793 22.9624 22.5374 22.878 22.5476 23.2648 25.6463 25.0582 26.0426 26.1951 27.0708 27.2894 26.7223 27.1394 27.1845 28.5343 28.4766 28.7044 29.1132 28.5857 25.2146 24.0997 23.9273 24.0484 24.4732 24.36 24.0531 23.9667 24.1183 23.4431 23.5779 26.0637 26.8722 28.3051 28.729 26.9103 26.417 25.8697 22.809 22.0723 21.7807 19.5061 19.3286 19.2525 18.4529 18.4406 22.8888 22.9727 26.753 26.6685 26.7392 30.9943 30.9974 
34.7011 34.689 34.6654 34.6209 34.5375 34.3816 34.1026 31.6086 29.6563 25.8071 24.6493 22.8487 21.2563 19.4936 20.0784 22.5577 22.8595 21.9038 22.3558 23.0327 25.1543 24.8909 26.4641 26.8033 27.1053 26.8943 27.8085 27.9476 28.3776 28.1044 28.2919 29.2011 29.8742 29.9486 25.753 26.4215 24.7773 24.279 24.8252 25.0009 25.032 25.1996 25.3117 26.721 27.2119 30.619 30.1482 28.5525 28.7898 26.5546 26.3282 25.8742 22.7437 22.0824 21.8483 19.4811 19.3121 19.2587 18.4522 18.4432 18.4367 22.1841 26.7611 26.6701 26.7243 30.9879 
34.6506 34.6277 34.5913 34.5334 34.4421 34.3024 31.8029 29.5447 25.1848 22.7057 18.4743 17.6957 20.1522 17.9858 17.9733 19.072 21.1681 24.0445 21.6056 22.3932 23.0143 25.0441 26.2475 27.6795 26.6526 27.1831 27.7223 27.8081 27.5821 28.0052 28.5987 28.9722 31.0589 31.4488 26.0915 29.014 31.2606 25.3361 25.0941 25.2924 25.7865 25.9372 26.0449 27.4546 32.584 30.7785 30.0729 30.4301 28.9189 28.6739 28.5365 26.2644 25.8679 22.2204 22.0827 21.8852 19.4658 19.3021 19.2626 18.4517 18.4448 18.4395 22.2074 26.7679 26.6701 30.8891 
34.6081 34.579 34.5372 34.4773 34.3936 31.8645 29.4811 26.7411 23.4383 21.1969 19.1743 18.4484 18.334 16.9577 16.275 16.0738 17.6633 19.2552 20.4971 21.1122 22.6539 22.9881 27.1034 27.0202 25.6395 26.5749 27.139 26.9437 27.3064 27.7867 29.0548 29.8203 31.5738 32.4959 33.5725 32.2445 30.712 32.2799 27.2431 25.876 26.7632 27.1336 28.0383 31.2296 31.1859 31.5072 29.8915 30.8119 30.6666 28.7407 28.6102 27.9549 25.981 25.8586 22.1769 22.0804 21.907 19.4557 19.2955 19.2653 18.4513 18.4458 18.4415 22.2235 26.5639 26.6694 
34.5741 34.5426 34.5003 34.4446 29.8629 29.4882 26.9845 23.8658 22.0371 19.5832 19.3028 17.6614 16.4435 16.2139 15.2668 15.1501 15.5905 17.0013 22.42 20.2615 23.0549 22.511 23.2307 24.5684 24.6483 24.6828 25.4822 26.6616 26.935 28.1226 28.8146 30.2506 31.9 34.0637 35.7091 35.0828 35.8942 30.7876 29.7611 26.2752 27.6441 30.1857 30.6417 31.6892 31.4656 30.9385 31.5312 31.0065 30.6803 31.1657 28.6485 28.5682 27.9322 25.9364 25.8494 22.1486 21.9894 21.9205 19.4486 19.2911 19.2672 18.451 18.4465 18.4429 22.2351 26.58 
34.5479 34.5165 32.5257 29.7837 29.5119 27.1356 26.6736 23.6644 19.8286 19.6532 17.6537 17.6092 16.2329 15.5263 14.5054 14.2443 14.0998 15.4149 18.5583 19.9096 22.5184 22.8664 21.8913 22.3826 24.0927 24.4823 24.4172 25.1949 26.7808 27.4197 29.2476 31.0939 32.6163 34.6975 36.544 39.9283 39.8537 44.0283 28.8007 32.0052 30.2351 32.919 32.0479 31.6735 31.2954 31.0448 30.7442 31.5244 30.9731 30.6049 31.1326 28.5927 28.5384 27.913 25.9058 25.8411 24.5511 21.9838 21.9293 19.4434 19.2879 18.4552 18.4507 18.447 18.444 22.2436 
34.5286 32.4598 29.7411 29.5371 29.2547 26.924 23.9405 19.9394 19.8278 17.6727 17.6416 16.1276 15.5747 14.8186 14.333 13.9404 13.7103 13.9746 15.5694 19.3697 19.0687 19.2572 20.5201 20.7283 21.2211 23.3855 24.166 24.3784 26.5394 27.5972 28.9733 30.6198 33.8525 35.2475 37.7431 41.7525 43.2709 44.345 45.1807 34.9267 32.1193 31.0887 31.3468 31.6726 31.5624 32.5131 32.559 31.8367 31.8124 32.8005 30.5561 31.1101 31.0488 28.5163 27.8971 27.986 24.9618 24.5509 21.9793 21.9353 19.4395 19.2856 18.4542 18.4505 18.4474 18.4447 
32.4207 29.7179 29.5601 29.3515 27.0791 24.1013 22.0676 19.925 17.6882 17.6651 15.9898 15.5971 14.8412 14.0981 13.7473 13.605 14.0398 13.7848 16.5129 22.1308 16.184 17.4939 18.3097 19.1994 20.4812 21.4674 24.0379 24.6853 25.0878 27.4603 29.2643 30.6248 32.9108 37.9534 40.5655 42.6635 43.1498 39.4821 40.8662 37.9114 33.433 30.8056 31.1447 31.1856 31.586 31.6206 32.5571 32.5749 31.7962 31.7805 32.8067 30.522 31.094 31.0477 28.4991 27.8838 27.9789 24.9498 24.5504 21.9757 21.9395 19.2996 19.2838 18.4534 18.4503 18.4476 
29.7053 29.58 29.4201 27.1818 24.2035 24.0408 19.3617 19.2762 17.2831 15.9855 15.4866 14.8518 14.0923 13.727 13.6395 13.332 14.7167 15.0066 13.5212 14.7315 14.3795 16.0878 16.5963 18.0928 19.6048 20.7151 22.3927 24.5493 25.1482 26.0917 29.1569 32.0253 33.8149 37.5761 40.5883 40.9349 42.5729 33.722 36.0555 36.4793 34.8207 32.3533 30.8474 31.1055 31.121 31.5441 31.5659 32.5697 32.577 31.7683 31.7572 32.8077 30.4969 31.0821 31.046 28.4855 27.8726 27.9731 25.31 24.5497 21.9728 21.9424 19.2957 19.2824 18.4528 18.4501 
29.597 29.4709 27.2535 27.1018 24.1517 19.3893 19.3249 17.1304 15.9816 15.5022 14.5291 13.8886 13.7223 15.2895 15.1385 15.1591 15.6803 17.8296 17.0445 12.8883 14.0016 15.5689 16.212 16.4826 18.7551 20.5552 21.0434 22.7619 24.7649 26.2536 28.6753 31.9955 35.5742 38.3114 38.3601 32.5103 38.6314 35.8427 34.9378 37.6629 34.6317 32.6734 32.2547 33.4968 31.0783 32.6579 32.7137 31.5335 32.7347 32.5741 31.7477 31.7395 32.8063 31.1083 31.0729 31.044 28.4745 28.211 27.9682 25.2989 24.549 21.9704 21.8115 19.2927 19.2814 18.4523 
29.5097 29.3867 27.1876 24.2288 21.4821 19.3586 17.1286 15.9783 15.5095 14.8296 13.8844 15.417 15.531 15.191 15.6168 15.8715 17.8149 19.1704 17.4135 13.4163 14.1623 14.5757 15.0991 16.5129 17.1132 19.9556 20.7449 21.5334 23.1888 26.977 28.9921 33.0065 34.7079 36.3918 34.45 33.3265 39.8101 38.8859 38.0799 37.4873 37.6211 35.327 32.4549 32.1842 33.5534 31.0603 32.6744 32.7111 31.5124 32.7249 32.5695 33.5781 33.1303 32.8038 31.0939 31.0656 31.0419 28.4653 28.1995 27.9641 25.2902 24.5482 21.9683 21.8111 19.2903 19.2805 
29.4405 27.2507 24.2847 21.5358 19.3829 17.1279 15.9756 15.2302 14.8423 15.4609 15.5293 15.4483 15.4473 15.5904 17.3517 17.5689 17.8422 17.8297 17.3716 18.5426 14.1428 13.0961 14.332 16.3935 16.4652 18.2537 20.1387 21.2721 22.3347 26.1179 29.2783 30.7719 32.396 31.8127 38.325 36.8833 38.3831 39.9491 38.0949 38.2321 37.6493 37.7359 34.087 32.3484 32.141 33.5776 31.0477 32.6824 32.7081 31.4977 32.7175 33.5837 33.5773 33.1237 32.8011 33.4134 31.0596 31.0399 28.4576 28.1903 27.9605 27.5979 24.5475 21.9666 21.8109 19.2883 
27.2986 25.1991 21.5749 19.401 17.1278 15.9734 14.8893 16.1472 15.5243 15.5882 15.3715 15.4406 17.3646 17.3385 17.4666 17.5787 17.7693 17.5808 15.944 15.2927 13.1742 13.4456 14.433 15.4346 16.7418 17.3036 18.6293 20.4746 22.6372 24.7559 28.4549 29.5813 32.0307 33.388 35.0647 35.799 36.8219 39.0411 38.2909 38.5031 38.2703 37.6905 37.7296 33.8007 32.2193 33.6554 33.5889 31.0384 32.6864 32.7054 31.4868 32.7117 33.5818 33.5764 33.1186 32.3998 33.4116 31.0547 31.0381 28.451 28.1827 27.9574 27.5959 24.5468 21.9651 21.8107 
25.2477 21.604 19.415 17.128 17.1075 14.8853 16.1894 16.2254 15.6429 15.3699 15.423 17.3774 17.318 17.3854 17.665 17.631 17.5408 17.3629 15.6824 13.2905 15.1713 16.4864 14.7727 14.0272 15.4936 17.1811 17.681 19.2979 21.1062 24.0868 27.5765 27.3386 32.7671 37.2972 37.0844 37.077 35.2614 36.8794 38.0884 38.1395 38.4219 38.2944 37.7002 37.7209 33.7399 32.1681 33.6437 33.5942 31.0314 32.6884 32.7029 31.4785 32.7071 33.58 33.5754 33.1145 33.4366 33.4103 31.0506 31.0363 30.6212 28.1765 27.9547 27.5943 24.5462 21.9638 
25.2082 21.5772 17.1283 17.1112 16.7458 16.217 16.2788 15.529 15.3626 17.3203 17.3784 17.5611 17.5903 17.5792 17.5546 17.5021 17.3869 15.6411 15.1545 15.2841 16.9192 17.6225 21.2432 17.1919 14.3432 16.2573 17.7708 18.8294 21.6862 26.5518 30.3351 29.933 32.6025 35.0926 35.5098 37.2946 37.3228 36.8367 39.7968 38.9252 38.0651 38.3798 38.31 37.7001 36.1924 33.7007 32.1339 33.635 33.5967 33.8205 32.6892 32.7007 32.4842 32.7032 33.5784 33.5744 33.1112 33.4318 33.4093 31.0471 31.0347 30.6206 28.1712 27.6354 27.5931 25.1449 
21.6021 17.1287 17.5184 16.7645 16.2349 16.2832 15.5258 17.2894 17.327 17.3743 17.5283 17.5482 17.5264 17.5079 17.4738 17.392 15.6143 15.2549 17.1659 17.0561 17.2882 17.9318 19.9759 16.2378 15.2846 15.2114 17.1496 18.7276 21.2518 25.3707 32.102 29.5386 30.3724 32.9594 34.8793 34.9611 37.2967 39.0253 36.8478 39.8198 38.878 38.9163 38.3573 38.3157 37.6968 36.1767 33.6736 33.6663 33.6281 33.5977 33.8273 32.6895 32.6988 32.4815 32.7001 33.5769 33.5735 33.1084 33.4279 33.4086 31.044 31.0332 30.775 28.1668 27.6296 27.5921 
17.1291 17.5356 16.7777 16.2699 16.2847 15.5211 17.2969 17.3289 17.4905 17.504 17.4987 17.4912 17.4769 17.453 17.3905 15.5981 15.5212 17.2304 17.0672 19.2952 19.4499 19.7998 18.4598 19.2181 19.5621 15.1055 16.9279 21.5219 27.2521 25.3644 26.1705 29.3043 30.4326 30.7446 32.7773 34.6868 34.7627 37.2905 39.0782 39.2218 39.8355 38.8538 38.8848 38.3485 38.3171 37.6927 36.1641 33.6538 33.6529 33.6226 33.5978 33.832 32.6894 32.6971 32.4791 32.6974 33.5756 33.5727 33.106 33.4249 33.408 31.0414 31.0319 30.7713 28.1629 27.6248 
16.7698 16.2609 16.2716 16.2846 17.2778 17.3007 17.3282 17.475 17.4853 17.473 17.4662 17.4549 17.4397 17.6858 17.6111 15.5307 17.2559 17.0596 19.2899 19.7079 19.7264 19.8296 18.4853 20.1441 21.3385 24.4543 16.1996 23.8945 20.4098 23.5189 24.7938 26.8509 27.4897 30.6949 31.0227 32.7015 34.6169 34.6725 37.2859 39.1064 39.2525 39.8467 38.8405 38.8656 40.3137 38.3166 37.6884 36.1565 33.6388 33.6427 33.6181 33.5975 35.2436 32.6891 32.6955 32.4771 32.6951 33.5745 33.5718 33.104 33.4224 33.4076 31.039 31.0306 30.7683 28.1596 
16.2625 16.2721 16.2836 17.282 17.3023 17.4548 17.4624 17.4705 17.4536 17.4477 17.4385 17.4232 17.6822 17.6266 17.5091 17.2669 17.3589 21.3376 19.6742 19.7056 19.8197 18.3039 20.1742 20.7694 20.2014 18.3595 15.1569 19.3557 18.7534 21.335 22.3991 24.1481 26.8789 27.8152 30.8324 31.1229 32.6702 34.5838 34.6245 37.2829 39.1234 39.272 39.8551 38.8327 38.8533 40.3171 38.3152 36.1573 36.1448 33.7203 33.6347 33.6143 33.5969 35.2477 32.6887 32.6942 32.4754 32.6931 33.5734 33.5711 33.1023 33.4204 33.4073 31.037 31.0294 30.7657 
16.2719 18.0451 17.2844 17.3023 17.4458 17.4521 17.4586 17.4386 17.4335 17.4259 17.7129 17.6792 17.6364 17.5224 17.2718 17.3481 21.3452 19.6523 19.6673 19.582 20.013 20.1475 20.4518 19.2379 19.302 18.5395 18.0199 19.7036 19.6018 19.9047 21.2533 22.3053 24.1224 26.8852 27.8037 30.9685 31.173 32.6559 34.5654 34.596 37.2808 39.1346 39.285 39.8616 38.828 38.8452 40.3197 38.3133 36.1482 36.0873 33.7084 33.6283 33.6111 33.5963 35.2508 32.6883 32.693 32.4739 32.6913 33.5724 33.5704 34.6784 33.4187 33.407 33.3965 31.0283 
18.0483 18.069 17.3015 17.4383 17.4434 17.4488 17.4267 17.4222 17.4159 17.7043 17.6769 17.6429 17.5307 17.2738 19.1262 21.3489 19.6713 21.4759 19.5784 20.0345 20.1228 20.3269 20.2775 19.2549 19.0456 18.8023 18.0952 18.4541 18.2526 18.615 20.1908 21.3775 22.3036 24.0986 27.7615 27.7997 31.0628 31.2018 32.6488 34.554 34.5777 37.2794 39.1424 39.2943 38.097 38.8251 38.8396 40.3216 38.3114 36.1405 36.0782 35.3199 33.6231 33.6083 33.5955 35.2533 32.6878 32.6919 32.4725 32.6898 33.5715 33.5697 34.6786 33.4173 33.4068 33.3974 
18.069 17.4276 17.4317 17.4361 17.4199 17.4171 17.4131 17.7161 17.6977 17.675 19.2871 17.5361 17.2745 21.3483 21.3506 19.6569 21.4699 19.5746 20.0423 20.104 20.2654 20.2266 20.6551 19.1408 19.0205 18.9253 17.9335 18.0744 18.042 18.6188 20.1403 20.2752 21.4262 22.2982 24.0805 27.772 27.7985 31.1199 31.22 32.6452 34.5463 34.5652 37.2783 39.5562 39.3011 38.0964 38.8234 39.5689 39.5891 38.3095 36.134 36.0708 35.314 33.6187 33.6059 33.5947 35.2553 35.2481 32.6909 33.9276 32.6884 33.5707 33.5691 34.6788 33.4161 33.4067 
17.4225 17.4261 17.4298 17.4117 17.4091 17.4056 17.7083 17.6925 17.6735 19.2963 17.5397 17.2744 21.3493 19.649 19.6467 19.5804 19.5711 20.0446 20.0899 20.2303 20.4934 20.6982 19.1625 19.0994 19.0287 17.7046 17.8199 17.8938 17.8957 17.845 18.5429 20.2249 20.3078 21.4491 22.9753 26.1594 27.7789 27.7983 31.157 31.2323 32.6433 33.8389 34.5563 37.2775 39.5619 39.3063 38.096 38.8223 39.5686 39.586 39.5266 36.1283 36.0647 35.3091 33.6149 33.6038 33.594 35.2569 35.2504 32.69 33.9272 32.6872 33.57 34.6846 34.679 33.4151 
17.4212 17.4244 17.4048 17.4024 17.3993 17.7021 17.6884 19.3005 19.3032 17.5423 17.3014 21.3498 19.6413 19.6391 19.5753 19.5681 20.0444 20.079 20.2082 20.4801 20.6602 19.1658 19.1289 19.0836 19.0378 17.6751 17.7442 17.7894 17.7988 17.7774 18.4778 20.2014 20.2678 20.3224 22.8486 22.9762 26.1644 27.7839 27.7987 31.1825 31.2411 33.7799 33.8287 34.5497 37.2769 39.5663 39.3103 38.0959 38.8217 39.5686 39.5837 39.5233 36.1234 36.2023 35.3051 33.6118 33.602 33.5932 35.2582 35.2523 32.6892 33.9269 32.6861 33.5693 34.6842 34.6792 
17.4196 17.3989 17.3967 17.7072 17.6971 17.6851 19.306 19.3086 17.5441 17.3063 21.35 19.6353 21.4702 19.5712 19.5654 20.0432 20.0704 20.1932 20.4714 20.6775 19.1637 19.1401 19.1104 19.077 19.0446 17.6462 17.6914 17.7219 17.7322 17.7236 17.7024 18.4925 20.2447 20.2914 20.3297 22.8717 22.9754 26.1669 27.7875 27.7992 31.2008 31.2476 33.7811 33.8215 34.5446 34.5532 39.5698 39.3135 38.0959 38.8213 39.5686 39.5819 39.5208 36.0758 37.672 35.3018 33.609 33.6003 35.2652 35.2593 35.254 32.6885 33.9266 32.6851 33.5687 34.6839 
17.3938 17.3919 17.7019 17.6929 19.3085 19.3103 19.3128 17.5453 17.5551 21.3499 19.6305 21.4677 19.5678 21.6753 20.0416 20.0635 20.1825 20.4652 20.6888 20.6438 19.1439 19.1236 19.0997 19.074 17.5852 17.6212 17.6527 17.6746 17.6842 17.6815 17.6695 18.426 20.2316 20.2712 20.3053 20.3335 22.8862 22.974 25.5802 27.7904 27.7998 31.2144 31.2526 33.7823 33.8164 34.5407 34.5481 39.5727 39.3161 38.096 38.8212 39.5688 39.5805 39.5188 36.0698 37.6698 35.299 33.6066 33.5988 35.2656 35.2602 35.2553 32.6878 33.9263 33.6727 33.5681 
17.3876 17.6975 17.6894 19.3121 19.3138 19.3161 19.3342 17.5549 19.5661 19.6267 21.4658 19.565 21.6774 20.0398 20.0579 20.1745 20.4607 20.6965 20.662 19.1444 19.1299 19.1125 19.093 19.0727 17.5735 17.6002 17.6233 17.6398 17.6482 17.6484 17.6417 17.6302 18.4089 20.2582 20.2882 20.314 20.3355 22.8957 22.9724 25.5747 27.7926 27.8004 31.2248 31.2566 33.7835 33.8126 33.8371 34.544 39.5751 39.3182 38.0962 38.8212 39.569 39.5794 39.5172 36.208 37.668 35.2967 33.6045 33.5975 35.2658 35.2609 35.2565 32.6872 33.926 33.6719 