ncols 66 
nrows 65 
xllcorner 158322.729004
yllcorner 383891.588013
cellsize 0.25
nodata_value -9999 
30.3166 30.3325 31.202 31.1996 28.1372 27.8063 27.8044 27.8019 31.4339 31.4376 31.1385 31.0149 30.9817 30.0349 30.0665 30.1023 30.1427 30.4434 30.4273 25.9598 25.9476 26.8031 26.7937 27.6317 23.8303 27.8384 26.9074 26.8945 26.8789 26.8607 26.8399 22.358 20.638 21.0223 21.0164 21.0034 20.9825 20.9537 20.9186 18.8088 18.7124 18.6146 18.5215 18.4376 18.3649 18.304 16.8984 16.8026 16.7253 16.664 15.9834 15.939 10.625 9.2378 8.5122 6.9632 6.1772 6.132 5.1779 3.5282 3.5062 3.4864 2.2876 2.2876 2.3339 2.334 
24.6542 30.3155 30.3329 31.2024 31.1996 28.1413 27.8128 27.8108 27.8508 31.4317 31.4356 31.1367 31.0099 30.9724 30.0297 30.0654 30.1062 30.3238 30.4518 30.4336 25.9694 25.5468 26.7963 26.7842 27.6213 23.8371 27.8327 26.9092 26.8928 26.8728 26.8493 22.3662 22.3901 21.057 21.0541 21.0419 21.0185 20.9834 20.9387 18.8598 18.737 18.6148 18.502 18.4039 18.3225 16.9243 16.8011 16.704 16.6289 15.9395 15.8884 10.6176 8.5693 7.6076 6.9619 6.1761 5.5836 5.1686 3.5247 3.5 3.4783 2.2876 2.2876 2.3338 2.3339 2.2795 
25.3151 24.6566 30.3141 30.3331 31.2026 31.1995 28.1458 27.8203 27.8182 27.8565 31.429 31.433 31.1343 31.0038 30.9609 25.457 30.0641 30.1111 30.3282 30.3313 30.4415 25.9813 25.5528 26.7864 26.7703 22.767 23.8459 27.8253 26.9111 26.8897 26.8632 26.8319 22.4021 22.4352 21.1016 21.0926 21.0674 21.024 20.9649 18.9194 18.7586 18.6031 18.4657 18.3521 18.2627 16.8024 16.6768 16.5827 15.8813 10.4929 10.6079 7.9048 7.6113 6.9603 6.1746 5.5745 3.943 3.52 3.4923 2.2545 2.2876 2.2876 2.3337 2.3339 2.2795 2.2793 
23.518 25.3168 24.6592 30.3124 30.3332 31.2026 31.1992 28.1508 27.8289 27.8268 27.8631 31.4255 31.4298 31.1314 30.9961 25.4361 25.462 30.0626 30.1171 30.3332 30.3368 30.4516 25.9964 25.5596 26.7719 26.7499 22.7707 23.8574 27.8153 26.9132 26.8841 26.8474 26.8043 22.4543 21.1619 21.1609 21.1367 21.0823 21.0006 18.9882 18.7705 18.5695 18.4024 18.2737 16.8091 16.641 16.52 11.4687 10.483 10.5947 7.9198 7.0131 6.9581 6.551 5.5628 3.9384 3.5139 3.4825 2.2546 2.2876 2.2877 2.3337 2.3338 2.2795 2.2793 2.285 
23.514 23.5219 25.3186 24.662 30.3102 30.3332 31.2024 28.1413 28.1563 27.8389 27.8367 27.8706 27.8547 31.4256 31.1276 29.0504 25.4378 25.4679 30.0606 30.1247 30.3388 30.3431 30.4647 25.6099 25.5676 26.7501 26.7189 22.7748 23.8732 27.8013 26.9153 26.8734 26.8197 22.4684 22.5376 21.2549 21.2401 21.1724 21.0515 19.0635 18.7574 18.495 18.2961 16.827 16.5917 15.8127 10.4891 10.5928 9.2627 9.2504 7.0225 6.9553 6.5386 5.5472 3.9321 3.5274 3.4699 2.2548 2.2546 2.2877 2.3336 2.3337 2.2796 2.2793 2.2442 2.2855 
23.5095 23.5175 23.5263 25.3207 24.6652 30.3073 30.3328 31.202 28.1456 28.1627 28.1815 27.8484 27.8792 27.8611 31.4202 31.1226 29.0372 25.4396 25.4751 30.0582 30.1345 30.3452 30.3504 30.4825 25.6305 25.577 22.7751 26.6705 22.7789 23.8962 27.7814 26.9169 26.8517 26.7671 22.5637 21.3841 21.4049 21.3276 19.6007 19.1302 18.6839 18.3453 18.1225 16.5201 11.4573 10.4722 10.5684 9.2593 8.4174 7.035 6.9513 6.5216 4.8721 3.9232 3.5159 2.2769 2.2551 2.2548 2.2877 2.3334 2.3337 2.3339 2.2793 2.2442 2.244 2.6398 
29.5595 23.5126 23.5216 23.5313 24.0045 24.6688 30.3038 30.3321 31.2011 28.1505 28.1698 28.1914 27.8625 27.8894 27.8683 31.4131 31.116 29.0195 25.4414 25.4839 30.055 30.1474 30.3524 30.3589 30.367 25.6577 23.452 22.7746 26.5911 22.7824 23.9319 24.101 26.9169 26.8023 26.6548 22.7541 21.6839 21.6447 19.9528 19.1261 18.4678 18.0606 16.4066 10.4997 10.4434 10.5297 9.2531 8.4165 7.0524 6.9459 5.6596 4.6893 3.9105 3.474 2.2771 2.2553 2.255 2.2877 2.3333 2.3336 2.3338 2.2793 2.2443 2.244 2.2644 3.0086 
29.5696 29.5536 23.5161 23.5262 23.5372 24.0088 24.6728 30.2992 30.3309 30.6595 28.1558 28.178 28.203 27.9213 27.9015 27.8767 31.4036 30.0855 28.9953 25.4431 25.4951 30.0509 30.1646 30.3605 30.3688 30.3799 25.6955 23.4904 22.7648 22.5021 21.9514 23.9932 24.276 26.9121 26.6661 22.7242 22.1295 22.5337 20.4089 18.8166 17.9306 11.5561 10.4745 10.3906 9.5491 9.2411 8.4117 7.0771 5.7364 5.6519 3.9951 3.8919 3.4489 2.2773 2.2557 2.2553 2.2876 2.2877 2.3334 2.3337 2.2792 2.2444 2.244 2.2644 3.0077 3.0133 
30.7253 29.5646 29.5467 23.5201 23.5316 23.544 24.0137 24.6774 30.2933 30.329 30.6556 28.1618 28.1875 28.2168 27.9391 27.9161 27.8865 31.3907 30.0732 28.9614 25.4447 25.5095 30.0455 30.1884 30.3693 30.3803 26.0743 25.7511 23.5442 22.732 21.5996 21.9307 24.1157 24.6726 26.8975 26.1421 23.0177 27.4233 19.2974 17.5597 11.5632 10.4204 9.5632 9.2693 9.216 8.3981 7.4251 5.7555 5.6404 4.0168 3.8642 2.325 2.2776 2.2561 2.2556 2.2876 2.2877 2.3333 2.3336 2.2792 2.2444 2.2441 2.2644 3.0065 3.0131 2.9772 
27.5359 30.722 29.5586 23.5131 23.5248 23.5378 23.5521 24.0194 24.6826 30.2857 30.3262 30.65 28.1684 28.1987 28.2334 27.9611 27.9339 27.8981 31.3727 29.0415 28.9128 25.4457 25.5288 25.6327 30.0639 30.3783 30.3935 26.1736 25.8403 23.6246 22.6379 21.3388 21.8366 24.4284 25.7926 25.3345 23.4479 18.7126 16.2335 11.1124 10.3403 9.5448 9.2291 8.4529 8.3639 7.1661 5.7851 4.767 3.9789 2.7138 2.3252 2.278 2.2566 2.256 2.2555 2.2876 2.3331 2.3335 2.2935 2.2445 2.2441 2.2643 3.0049 3.0126 2.9777 3.7691 
27.5426 27.5348 30.7181 29.5514 23.5169 23.5303 23.5452 23.5616 24.0261 24.6887 30.2757 30.322 30.6418 28.1759 28.2118 28.2537 27.9889 27.9563 27.912 31.3468 29.0073 28.8412 25.4456 25.5558 25.6977 30.0773 30.3852 30.4079 25.7635 24.3125 23.753 22.3586 20.7403 21.4123 24.5527 32.3872 24.8775 13.3004 9.629 10.2845 9.4873 9.0254 8.404 8.2798 7.1524 5.8296 4.7339 3.912 2.7505 2.3258 2.2786 2.2573 2.2565 2.2559 2.2875 2.3328 2.3333 2.2936 2.2447 2.2441 2.2642 2.6066 3.012 2.9783 3.7669 3.7787 
28.4588 27.5424 27.5336 29.5668 29.5427 23.5213 23.5368 23.5541 23.5732 24.0339 24.6958 30.2624 30.3157 28.1477 28.1843 28.2277 28.2791 28.0246 27.9852 27.929 27.0893 28.9527 28.7315 25.443 25.596 25.8001 30.0892 30.3829 30.4213 26.0322 24.733 23.954 21.4511 19.553 19.6128 19.5501 16.6497 11.4731 9.8593 9.5932 8.7308 8.0664 7.632 6.3466 6.1549 3.9667 2.7966 2.4192 2.327 2.3228 2.2784 2.2571 2.2562 2.2992 2.3325 2.3332 2.2937 2.2448 2.2642 2.2641 2.6049 2.9693 2.9789 3.764 3.7779 3.7899 
28.4657 27.5508 27.542 27.532 29.5597 29.5319 23.5266 23.5446 23.5649 24.045 24.0434 24.7042 30.2445 30.3065 28.1495 28.1937 28.2472 28.3117 28.395 28.0236 27.9502 27.0809 29.1414 23.6086 25.4346 25.661 25.9781 30.2005 30.3448 26.7152 26.6597 25.5511 23.6903 19.1807 16.8775 12.6316 11.0806 9.4137 9.1472 9.1505 7.2735 7.0727 6.126 4.8932 3.9185 2.7975 2.4176 2.3728 2.3229 2.2578 2.2579 2.2567 2.2987 2.332 2.3329 2.2938 2.245 2.2778 2.264 2.6025 2.9678 2.9693 3.7603 3.7769 3.791 5.327 
28.4734 28.4666 27.5517 27.5416 27.5301 29.5508 29.5183 23.5329 23.5541 23.5781 24.0567 24.0549 24.7142 30.2199 30.5978 28.1498 28.2041 28.2717 28.3944 28.4434 28.0769 27.9769 27.1743 28.0943 23.5615 23.8189 25.7793 26.2067 30.0511 30.1525 27.2259 28.6606 30.2224 19.4799 13.8427 9.8497 9.5603 8.9559 8.4941 9.1259 6.4614 5.8301 4.2095 3.3263 2.8131 2.4164 2.4054 2.306 2.2611 2.2589 2.2571 2.2978 2.3313 2.2946 2.2941 2.2937 2.2777 2.2637 2.599 2.9654 2.9694 2.9797 3.7754 3.7923 4.9925 5.3532 
28.4386 28.4755 28.4678 27.5527 27.5411 27.5277 29.5395 29.5012 23.5405 23.5659 23.5948 24.0711 24.0693 24.7264 30.1855 30.5651 28.147 28.2153 28.3034 28.4432 28.5105 28.1552 28.0115 25.1756 27.7068 23.4443 23.8282 24.4721 26.7227 29.6167 29.2104 25.8083 19.6807 17.2515 13.7418 11.0836 10.5932 9.9984 9.2467 6.5524 5.1084 4.4662 3.4933 2.7723 2.45 2.3944 2.3135 2.2542 2.2604 2.2572 2.2961 2.2979 2.3022 2.2946 2.294 2.2775 2.2634 2.2211 2.9618 2.969 2.982 3.7734 3.7939 4.9849 5.346 6.5704 
32.4812 28.5592 28.4779 28.4691 27.5538 27.5403 27.5245 29.525 29.4791 23.5498 23.5807 23.6163 24.0895 24.0877 24.7415 30.136 30.5147 28.1384 28.2266 28.3457 28.5114 28.6094 28.279 28.0559 25.039 26.8936 23.1185 23.7436 24.9543 28.6184 26.8863 24.9478 18.0303 14.2907 13.6481 11.6975 10.6301 8.796 6.8591 5.5088 4.0662 2.8932 2.5533 2.5067 2.3995 2.3311 2.2738 2.2612 2.256 2.2549 2.298 2.3025 2.2955 2.2802 2.2773 2.2628 2.221 2.956 2.968 2.9849 3.7705 3.7959 4.9751 5.0101 6.5625 11.7407 
27.3245 27.316 28.5624 28.4809 28.4707 27.5552 27.5393 27.5204 29.5058 29.4501 23.5616 23.5999 23.6445 24.1137 24.112 24.7605 25.2361 30.4344 28.1177 28.2355 28.4048 28.6133 28.7687 28.4959 28.1074 24.6277 18.4443 18.3845 22.0298 25.1955 27.1368 18.6548 16.8763 13.948 12.9552 11.4205 9.0125 7.8884 6.3394 3.5863 3.9409 2.8185 2.5771 2.4502 2.3021 2.2384 2.1981 2.2489 2.2511 2.2949 2.3031 2.2972 2.2814 2.277 2.2202 2.2206 2.9354 2.9656 2.9884 3.7663 3.7984 3.9953 5.0057 6.5523 6.5957 11.8829 
25.9641 27.3259 27.3161 28.5664 28.4845 28.4726 27.557 27.5379 27.5149 29.4801 29.411 23.5769 23.6255 23.6828 24.1465 24.1453 24.7847 25.2214 30.3006 28.0713 28.2342 28.4922 28.7814 29.0636 28.9329 26.3993 23.367 18.5917 18.4323 18.1598 17.5219 16.7819 15.6522 13.308 10.4963 9.5493 8.0339 7.2125 5.1038 3.7067 2.6373 2.4715 2.398 2.0976 2.0737 2.1686 2.2072 2.2189 2.2877 2.3049 2.3016 2.284 2.2765 2.2191 2.2198 2.5388 2.9603 3.0393 3.7599 3.8018 3.9984 5.0 6.5387 6.593 12.7325 12.8689 
30.8223 25.9671 27.3276 27.3162 28.5715 28.4891 28.4751 27.5591 27.5358 27.5073 29.4444 29.3569 23.5973 23.6609 23.737 24.1932 24.1933 24.9251 24.799 26.8669 27.1201 28.197 28.6289 29.1078 29.7611 30.0274 25.0962 19.1736 18.6246 16.7239 14.7418 15.0892 13.6556 11.2057 9.4939 8.8447 6.6678 3.67 3.0654 2.9036 2.3744 2.1952 2.1197 1.9124 1.8945 1.9166 2.158 2.2452 2.3111 2.3063 2.2901 2.2755 2.2283 2.2179 2.5188 2.9487 3.0422 3.0686 3.8339 4.0026 4.9925 6.5202 6.5897 12.7194 12.8888 13.0227 
28.275 25.9572 25.9707 27.3297 27.3163 28.5781 28.495 28.4782 27.5619 27.5328 27.4964 29.3935 23.5567 23.6254 23.7119 23.4669 24.264 23.1299 24.8973 24.6842 26.5224 26.8113 27.8062 28.837 29.9659 32.6336 27.6606 19.5109 18.4043 16.3327 13.7163 13.3058 12.3217 9.6195 8.4613 6.0146 4.7147 4.1235 2.4536 2.4529 2.3636 1.9345 1.9393 1.4432 1.5606 1.8242 2.0013 2.2802 2.3545 2.3128 2.2727 2.2222 2.2129 2.2177 2.9219 3.0438 3.0854 3.9658 4.0083 4.9825 6.4939 6.5856 12.6996 12.9152 13.081 14.6888 
28.6686 28.2713 25.959 25.975 27.3325 27.3164 28.5868 28.5028 28.4823 27.5656 27.5283 27.4804 29.3177 23.5712 23.6662 23.7897 23.5574 23.6276 23.1251 22.5801 24.4185 21.6915 25.988 27.0552 28.2984 31.9477 25.52 20.0385 17.0751 14.5794 11.731 11.0571 9.2746 7.7418 6.746 5.7055 3.7723 2.6676 2.3957 2.4147 1.7768 1.4979 1.3586 1.3094 1.5543 1.8841 2.0815 2.1429 2.3144 2.2299 2.2039 2.1971 2.2145 2.5486 3.0382 3.1127 3.9529 4.0165 4.9682 6.4547 6.5806 12.6683 12.951 13.1613 14.7411 14.81 
28.6813 28.6726 28.2658 25.9611 25.9802 27.336 27.3166 28.5988 28.5135 28.488 27.5706 27.5212 27.4554 29.1992 23.5903 23.7289 23.9174 23.7063 23.3274 23.3884 22.468 18.3393 21.4107 21.7422 22.4804 21.1328 19.5165 18.2002 15.1377 14.0297 10.8334 9.6075 8.2816 7.4782 4.2855 3.916 3.6241 2.3273 2.2714 2.0416 1.5542 1.3809 1.2668 1.4152 1.7031 1.96 2.0616 2.1276 2.0037 2.1321 2.1487 2.1948 2.4501 2.9939 3.286 3.9278 4.0288 4.0918 6.3935 6.5746 12.6154 13.0005 14.6859 14.8139 14.8986 14.9522 
31.0534 28.6879 28.3111 28.2577 25.9635 25.9868 26.0149 27.3169 28.6156 28.5286 28.4961 27.5779 27.5091 26.9941 29.0019 23.6151 23.8318 23.7684 24.0005 22.858 22.6775 21.8805 18.3792 20.3403 20.4745 18.5471 16.7796 16.1488 14.2555 12.5289 9.6055 8.3967 7.2375 5.963 4.6387 3.5797 3.4585 2.6525 2.1922 1.9854 1.6181 1.2115 1.2605 1.3882 1.7941 1.8982 1.8372 1.7965 1.9151 1.987 2.1019 2.2624 2.7 3.3022 3.441 4.0471 4.1511 5.5119 6.5679 12.5183 13.069 14.7455 14.9197 15.0258 15.0857 15.1153 
30.5766 31.0558 28.696 28.3118 28.2456 25.9662 25.9953 26.031 27.3172 28.6404 28.5511 28.5085 27.5889 27.4869 26.9133 28.6464 23.6419 23.566 24.1378 24.7952 23.8238 20.7626 17.1412 17.8602 18.0966 17.2758 15.6579 13.2355 11.4031 9.4686 8.4939 7.0311 6.3361 5.1038 4.1569 3.4826 3.1384 2.354 2.1502 1.8796 1.631 1.3623 1.3035 1.6928 1.7612 1.8885 1.7871 1.6175 1.7664 1.974 2.0771 2.3513 3.0712 3.7854 4.0605 4.5606 5.4909 6.5631 12.3185 13.5842 14.8326 15.0834 15.2183 15.2812 16.0614 16.0345 
29.862 30.5891 31.0586 28.7063 28.3113 28.2272 25.9693 26.0065 26.0533 33.1136 28.6786 28.587 28.5295 27.6073 27.4405 26.7427 22.8519 23.2021 23.719 25.4499 27.5925 21.1408 15.1128 14.977 15.0438 13.1288 12.7846 11.3058 10.8955 9.1667 7.2751 6.5578 5.7389 4.7716 3.8184 3.6068 3.0552 2.4602 2.0925 1.8034 1.6507 1.6493 1.5817 1.6614 1.5508 1.3141 1.5187 1.404 1.6263 1.8393 2.1375 2.4439 3.2468 4.0638 4.5874 5.215 5.8227 12.2279 13.4162 14.9632 15.3559 15.5297 16.2804 16.2433 16.192 16.1374 
29.4613 29.8748 29.8443 31.0616 28.7198 28.3084 28.1985 25.9728 26.0219 26.0858 33.0619 28.7413 28.6491 28.5699 27.6412 27.3219 25.7446 19.9806 22.1033 22.4326 29.8688 20.4599 14.4352 13.922 12.3794 12.1894 11.5191 9.4874 8.2255 7.3216 6.2819 6.118 4.927 4.1325 3.4439 3.1794 2.4335 2.1836 2.049 1.9799 2.0052 1.8555 1.6403 1.2739 1.0761 1.0407 1.1718 1.3225 1.4971 1.8412 2.2582 3.0436 3.7785 4.4747 5.9083 6.3904 7.5757 12.8502 14.4058 15.9538 16.1417 16.6179 16.5254 16.4222 16.3249 16.2382 
29.439 29.4873 29.8892 29.8502 31.0651 28.738 28.301 28.1519 25.9766 26.0443 26.7688 32.9736 28.8515 28.7703 28.6674 27.7128 26.8843 24.3958 21.6468 18.7355 17.0312 16.6896 14.211 12.6282 11.9495 10.8027 10.0174 8.7829 7.8905 6.8041 5.9683 5.2873 4.4726 3.5189 3.3465 2.7449 2.3173 2.2339 2.1175 2.0896 2.0463 1.7019 1.6267 1.1062 0.8483 1.0011 1.1383 1.3377 1.4838 2.1398 3.0477 3.6634 3.9103 5.1816 5.8124 7.2545 8.2784 14.7469 16.6576 17.441 17.256 17.0011 16.7763 16.5935 16.4467 16.3278 
28.9887 29.4604 29.5213 29.9054 29.8538 31.069 28.1415 28.2844 28.0726 25.9806 26.0788 26.7779 32.8056 28.9086 29.046 27.8432 27.8547 23.5729 22.6989 17.5907 15.7513 13.7767 13.5621 12.152 11.602 9.7491 9.3385 8.1788 7.4481 5.9483 5.3325 4.7036 3.5349 3.1344 2.7977 2.5259 2.3888 2.1782 2.1394 2.1149 2.0247 1.572 1.2594 0.7715 0.9356 1.036 1.138 1.3389 1.5969 2.2403 3.563 4.4123 4.8487 4.8947 6.74 7.7764 11.489 17.3859 19.8747 18.7348 17.8845 17.3439 16.9833 16.7288 16.5406 16.3961 
28.8418 28.9878 29.4885 29.5675 29.9229 29.8522 25.9676 28.1606 28.2477 27.9299 25.9842 26.1364 26.7726 28.4993 28.8764 29.4263 30.4663 27.0376 16.6291 13.6825 13.1191 12.5862 12.7518 11.287 9.741 9.0335 8.3104 7.6669 6.1797 5.6638 4.5558 3.3449 3.0567 2.8166 2.687 2.472 2.4242 2.2772 2.1615 2.0951 1.6935 1.332 0.9832 0.7725 0.6531 0.8007 1.1486 1.5704 1.992 2.2905 3.8788 5.1269 4.8702 4.9796 6.3551 8.5248 13.7071 34.5522 22.9172 19.539 18.2148 17.518 17.0898 16.8004 16.5921 16.4349 
23.6018 28.8001 28.9848 29.5267 29.6328 29.9406 29.8391 26.0687 28.182 28.1632 24.186 25.9893 26.7676 26.7073 24.2754 28.176 26.4561 24.2523 14.8799 13.4732 11.4366 11.2367 10.6138 9.6179 9.0412 8.1925 7.2555 6.343 5.5523 4.2034 3.3342 3.1025 2.8088 2.627 2.4575 2.4287 2.4155 2.3165 2.1733 2.0852 1.6382 1.2375 0.6459 0.5659 0.2684 0.4777 1.4597 2.3891 2.5225 3.2011 4.8117 5.8144 5.0847 5.546 6.0434 10.8453 13.0944 19.0957 20.9324 20.0475 18.0292 17.4531 17.0675 16.7953 16.5942 16.4402 
23.5131 23.5996 23.7156 28.9782 29.5816 30.0648 29.9538 29.8002 26.0311 28.1992 27.9478 24.4199 24.8822 26.3819 26.2311 29.1541 20.0362 16.7016 15.3777 11.7692 10.9387 10.3489 9.6622 8.5879 8.0441 6.5404 5.884 5.263 4.9497 3.471 3.0791 2.582 2.5639 2.5164 2.5335 2.5901 2.5327 2.2539 2.1253 1.6449 1.1127 0.5189 0.4903 0.5543 0.5961 1.4397 2.4205 2.9603 3.3475 4.2388 4.834 4.6773 5.534 9.0191 10.8681 19.3878 15.8519 17.2919 18.7931 19.0534 18.9254 18.7405 18.5782 18.448 18.3448 18.2624 
23.4022 23.4788 23.5888 23.745 28.9653 29.6665 30.1307 29.9486 26.1376 23.5571 23.6156 24.0112 25.0369 26.1552 22.3417 20.2369 17.2429 14.04 13.4188 11.0425 9.8421 9.3468 7.9808 7.3792 7.2364 6.2673 5.331 3.929 3.309 2.9189 2.5752 2.469 2.5129 2.5855 2.623 2.6364 2.4199 2.2565 2.0186 1.4122 0.8362 0.348 0.6122 0.8104 1.7846 2.551 3.1268 3.6288 3.9454 3.9829 4.1516 5.1146 8.7656 10.4239 11.6329 14.1813 14.0887 16.9493 17.812 18.4482 18.5265 18.4928 18.4221 18.3461 18.2759 18.2143 
23.2683 23.3254 23.4162 23.5588 23.7798 24.1138 29.813 30.2147 29.8768 26.1122 24.3686 23.4346 22.7338 21.4392 23.1159 17.5551 14.7894 13.163 10.9444 10.145 9.0999 8.5032 7.6054 7.3012 5.0945 4.4844 3.8848 3.4993 2.9379 2.6547 2.4532 2.5051 2.5093 2.6122 2.6232 2.5771 2.2088 2.0322 1.7249 1.6242 0.8475 0.2452 0.6368 1.0192 2.2902 3.0121 3.9806 4.6537 4.9527 4.7227 5.219 6.6349 11.4699 11.5791 11.8315 12.9885 13.3819 13.1634 17.3572 17.7923 18.2607 18.2908 18.2767 18.2423 18.201 18.1594 
23.1134 23.1397 23.1938 23.2964 23.4838 23.8176 24.3878 29.347 30.2912 29.5628 27.5677 26.0242 19.3214 16.94 13.5105 13.2278 13.3529 11.7023 10.1448 9.3304 8.2614 7.5438 7.0975 5.594 4.8088 3.9006 3.3601 2.5623 2.4697 2.3442 2.4301 2.5394 2.6425 2.7477 2.6541 2.4807 1.9363 1.6951 1.4567 0.8072 0.4764 0.5022 1.9726 3.0628 3.29 3.7833 4.1078 5.2743 5.6913 5.4797 6.3086 14.2323 16.5297 12.9545 12.1604 12.5544 12.944 12.9931 12.8874 17.97 17.72 18.1434 18.1566 18.1485 18.1287 18.1037 
22.9435 22.928 22.9261 22.9545 23.049 23.2888 23.8427 25.012 26.3794 30.0928 26.2811 23.7264 18.0114 14.3416 12.1612 10.6003 10.2137 9.1688 7.9488 6.7557 7.2558 5.7818 5.3749 3.665 3.484 2.6932 2.7394 2.4542 2.4159 2.4433 2.5531 2.7222 2.7237 2.7515 2.6226 2.2848 1.8722 1.5136 1.3797 0.6229 0.8269 2.2261 2.6722 4.0725 4.2743 4.2385 4.1207 4.1941 6.2374 7.5639 11.3367 21.7476 17.0133 16.4499 15.3218 14.2788 14.4621 12.8419 12.8184 17.7105 17.9713 17.6537 18.063 18.0692 18.0636 18.0509 
18.9176 22.7047 22.6324 22.5554 22.4883 22.4818 22.7095 23.7534 27.3243 30.6081 28.4271 15.3647 13.054 11.6491 10.5764 8.7046 8.0186 7.5821 7.0086 6.2131 4.8535 4.0331 3.3799 2.7143 2.4968 2.5181 2.3292 2.2897 2.436 2.5855 2.6777 2.7416 2.7518 2.7314 2.5233 1.8003 1.718 1.4666 1.2423 0.8242 1.9961 2.7873 3.4127 4.4288 5.2975 5.2774 4.629 5.245 8.0288 11.4138 22.7697 20.0084 19.3607 19.5408 16.0106 15.5043 14.5284 14.6114 12.7703 12.726 17.7801 17.9598 18.0908 18.0043 18.0073 18.0031 
18.7336 18.7438 18.7594 18.7827 18.8163 18.8611 21.0156 20.5793 21.0314 28.0329 18.9813 12.55 11.7463 11.1432 8.4748 7.4696 7.2804 6.9932 5.7077 5.1555 4.6231 3.4432 2.6085 2.2414 2.1791 2.2257 2.1898 2.3043 2.4514 2.7109 2.8613 2.8189 2.7042 2.6289 1.9726 1.5938 1.4414 1.226 1.9458 1.9398 2.9388 3.2756 4.2333 4.6891 5.2014 4.1918 6.633 6.96 10.0491 17.2603 20.3979 20.9121 20.073 19.7719 19.7144 15.7142 15.5601 14.6295 14.6714 12.721 12.6695 17.8161 17.9458 18.0433 17.9596 17.961 
18.5451 18.5102 18.463 18.396 18.2934 18.1192 17.7783 17.0772 16.397 16.3103 11.5913 11.2605 9.5077 8.1885 6.6011 6.4873 6.4165 6.2391 4.8972 3.9385 2.8073 2.2681 1.9757 2.0613 1.8733 2.1243 2.0861 2.4752 2.7371 2.8583 3.0045 2.8301 2.471 2.1033 1.9434 1.6137 1.3191 1.8689 2.3996 2.942 3.1798 3.9349 4.9862 5.1273 5.6873 6.6356 8.2901 9.9155 13.3896 14.5333 17.0788 19.0648 20.2162 19.8986 19.722 19.8045 15.5662 15.5748 17.1033 14.6975 14.9132 17.7121 17.835 17.9324 18.0076 17.9245 
18.3632 18.2865 18.1828 18.038 17.8288 17.5192 13.9965 14.592 13.1486 10.3836 10.0366 10.2555 8.8928 8.0399 6.1291 5.2712 5.079 4.786 3.7345 2.1849 2.1035 1.8278 1.8579 1.8437 1.8287 1.9667 2.2049 2.6599 2.6991 2.8305 2.8009 2.4011 2.4617 1.9112 1.8663 1.2608 1.3797 1.9007 2.8064 4.6865 5.1578 5.4074 5.2684 5.1985 5.9112 8.2355 9.0401 10.6667 11.9149 14.4015 15.876 19.0048 18.3914 19.9347 19.7737 19.6652 19.8437 15.4791 17.2297 17.1585 14.7089 14.9116 17.7511 17.8448 17.9203 17.98 
18.1977 18.0868 17.3097 17.1176 16.8436 13.1435 13.0858 11.9443 9.979 8.4289 9.2195 9.1193 7.1407 6.2869 5.5637 5.219 4.696 3.5927 2.8054 1.7299 1.5858 1.3999 1.4078 1.6374 1.8527 1.973 2.3564 2.5198 2.6198 2.6402 2.5184 2.2116 2.129 1.8803 1.7863 1.6474 2.2582 2.4998 3.9102 5.0733 5.7223 6.4352 6.2462 6.2937 10.6477 17.7811 12.7722 15.1157 11.3856 11.4305 15.635 16.0196 18.968 18.1211 19.7845 19.6885 19.6166 19.8592 15.4231 17.2462 17.191 17.1533 14.9094 17.7761 17.8495 17.9096 
17.3746 17.2425 17.0672 11.9263 11.9212 11.8414 11.5762 10.0733 9.2221 8.1965 7.7705 7.3926 5.8785 5.3396 4.038 3.8178 3.1645 2.4453 1.9329 1.5091 1.4434 1.2672 1.285 1.5852 1.9795 2.135 2.4703 2.4355 2.4468 2.3229 2.1002 2.0465 1.9383 1.91 1.7906 1.7866 2.8612 3.3251 4.0267 4.7855 6.8543 7.2927 8.2347 9.1343 14.5834 25.1342 21.3897 17.3961 16.5575 15.9658 11.2177 15.897 18.6333 18.9419 19.1316 19.7155 19.6279 19.5772 19.6559 15.3846 17.2551 17.211 17.1789 14.907 17.7925 17.8513 
11.7223 11.7247 11.3235 11.279 11.1778 10.9735 10.0503 9.5685 9.158 8.4732 8.0411 9.0659 7.4893 3.9926 3.4228 2.6943 2.8632 2.3963 1.5457 1.37 1.2679 1.2591 1.375 1.7358 2.0641 2.2325 2.3537 2.2782 2.2532 2.1171 1.9243 1.7686 1.8151 1.9596 2.0943 3.5044 3.7997 3.8565 4.2202 6.592 6.4119 9.3769 12.684 16.0273 16.2928 18.7595 19.5714 18.654 17.774 17.3882 16.2469 20.3651 16.2514 18.7235 18.9191 19.0412 19.6357 19.6325 19.5455 19.6424 15.3567 17.2597 17.2238 17.1964 19.3284 17.8033 
11.1878 11.1576 11.1031 11.01 10.856 11.187 10.935 8.9971 9.0352 9.1958 9.711 14.6121 7.3417 4.339 2.8932 2.1184 1.832 1.4292 1.4411 0.8848 0.862 1.1699 1.4018 1.768 2.0593 2.1609 2.1971 2.2356 1.8339 1.9392 1.7911 1.8 2.2618 2.9785 2.6142 3.9515 4.2253 4.1028 4.4449 6.2582 8.7204 13.3528 21.6595 23.4712 18.4092 21.2685 18.2886 18.2245 17.9526 18.526 17.3079 16.36 20.7271 16.2696 18.7656 18.9295 18.9834 19.5825 19.5835 19.7462 19.6315 15.3357 17.262 17.2322 17.2086 19.3505 
11.0548 11.0019 10.9221 10.804 11.316 11.1815 9.1306 9.1978 9.3469 8.9644 9.6105 10.0532 5.8112 1.9791 1.901 1.8241 1.1305 1.3138 1.1212 0.747 0.8519 0.9663 1.5701 1.7917 2.0502 2.0619 2.12 2.03 1.8371 1.743 1.8649 2.2754 2.6669 3.2573 3.7326 4.7977 5.4659 6.0972 6.1998 7.1065 13.1713 26.3224 27.7624 26.5249 23.9522 22.0643 22.2523 17.8367 17.7644 17.6441 18.3765 17.245 16.4071 20.9374 16.2735 19.1007 18.9029 18.9438 19.5449 19.5477 19.7157 19.6226 19.5448 17.2629 17.2378 17.2174 
10.9406 10.8737 11.4658 11.4008 11.3228 9.1863 9.242 9.3395 8.5738 8.7204 8.7943 7.4393 4.91 1.7733 1.2872 1.2719 1.0973 0.8988 0.8031 0.7442 0.832 0.9919 1.3897 1.7132 1.8702 1.9371 1.897 1.7734 1.8171 1.8736 2.211 2.6828 3.3519 4.1022 4.7535 5.5196 6.0164 6.046 9.0919 10.4141 13.8396 33.5715 30.0768 27.3872 25.5876 24.2335 22.3596 22.1946 21.8429 17.5394 18.3869 18.2845 17.2 21.0274 21.0683 18.9183 19.0968 18.883 20.6752 19.5172 19.5206 19.6921 19.6153 21.5276 17.263 17.2415 
11.5351 11.4999 11.4574 11.4086 9.2102 9.2527 9.3177 8.3698 8.412 8.4143 7.2489 5.8303 4.4435 5.2786 5.1779 2.3437 1.0295 1.0223 0.8737 0.8684 0.86 1.1305 1.292 1.5283 1.5694 1.8772 1.8142 1.7536 1.9878 2.0979 2.1814 3.2925 3.7164 4.1866 4.3621 5.6822 7.6731 9.7154 11.0657 14.2041 16.2172 21.8127 26.9151 27.1054 26.4019 26.1186 24.3951 28.4964 22.105 21.8474 21.6661 18.2912 17.9346 17.1672 21.1267 21.1547 18.9529 19.0931 18.8677 20.657 19.4959 19.4996 19.6736 19.6092 21.5338 17.2626 
11.5256 11.4964 11.4638 9.2205 9.253 9.2986 8.2519 8.2641 8.2535 7.0859 10.166 10.236 7.6609 9.2752 13.1658 23.1065 8.8215 1.8836 0.9203 0.9278 0.9814 1.1074 1.1887 1.3719 1.612 1.8095 1.8997 2.1561 2.6056 2.4557 2.9627 3.4145 3.9554 4.5265 5.5939 6.59 7.5274 10.3163 17.4818 19.1978 15.4568 21.2133 23.0621 25.7931 26.3511 26.4726 25.859 28.8975 28.7648 22.035 21.8447 21.7047 18.2287 17.8714 17.1427 21.1946 21.2143 18.9769 19.0899 18.8555 20.6434 19.4793 19.4828 19.6587 19.6039 21.5387 
11.524 11.5011 9.2246 9.2499 9.2834 8.1775 8.1793 8.1675 6.9833 10.77 11.0278 10.7796 13.4788 19.3569 22.5816 26.318 22.5491 13.1659 1.0082 0.9713 0.8521 0.7608 0.9872 1.276 1.7272 1.8904 2.5139 2.8891 3.0954 3.5196 4.2356 4.5791 4.1042 4.4144 5.7623 6.6717 13.8109 16.9992 17.437 20.0934 16.1917 20.3709 22.2241 22.9035 25.4681 25.8396 26.0859 25.6961 29.0149 28.5861 21.9834 21.8389 21.7285 18.1853 17.8278 17.7396 21.2427 21.2571 18.9943 19.0871 20.6009 20.6328 19.4658 19.4693 19.6465 19.5995 
11.5274 9.2257 9.2458 9.2714 8.127 8.1251 8.1144 8.0888 11.0791 11.3403 11.051 13.7319 19.5001 21.2304 22.7538 26.2699 27.8931 25.8558 13.1226 1.5049 0.7021 0.6482 0.9927 1.4592 1.8877 2.2804 2.8331 3.6857 3.6547 4.012 4.5729 5.3717 4.2838 5.2401 6.3383 8.0677 12.1356 20.8655 19.2158 19.1462 20.036 15.5142 21.5001 22.4576 22.7876 25.3115 25.5643 25.8518 25.5854 29.074 28.6063 21.9447 21.832 21.7432 18.1535 17.7965 17.7265 21.2779 21.2887 19.0071 19.0847 20.5973 20.6244 20.6469 19.458 19.6365 
9.2254 9.2417 9.2618 8.091 8.0877 8.0785 8.0602 11.239 11.4637 11.1052 18.7545 19.4752 20.6944 21.5959 25.4427 26.0168 26.2455 24.8386 21.3004 12.3671 3.235 0.3327 0.5158 1.3768 1.8978 3.1345 3.5907 4.3854 4.6799 5.2105 5.7333 6.527 7.1866 8.4931 10.0762 12.434 11.8479 16.5295 17.4216 19.2006 19.2181 20.081 20.0069 21.734 22.5183 22.7086 25.2158 25.3962 25.698 25.5056 29.104 28.6187 28.4069 21.825 22.5838 18.1293 17.7732 17.7164 21.3045 21.3126 19.0169 19.0826 20.5943 20.6177 20.6373 19.4487 
9.2378 9.254 8.0642 8.0605 8.0527 12.3481 11.3222 11.5081 16.3822 18.8597 19.3845 20.1039 24.375 24.9104 25.2248 27.8855 24.3839 23.4276 17.284 20.7464 6.225 3.9141 1.384 2.5935 2.6407 3.8581 4.6728 5.3487 5.047 5.696 5.9657 7.1685 8.7769 11.6088 12.8892 13.2129 11.6692 14.8168 16.3444 16.7581 19.1682 19.1827 20.1026 20.1351 21.8328 22.53 22.6525 25.1501 25.2844 25.2413 29.2015 29.1187 28.627 28.4541 21.8183 22.5831 17.8096 17.7555 17.7084 21.3249 21.3312 19.0244 19.0808 20.5918 20.6121 20.6294 
9.2475 8.0435 8.0399 8.0332 12.4143 11.3647 11.5178 16.4489 19.0589 19.2794 23.7855 24.1021 24.5729 27.9032 27.7897 27.5815 23.7131 21.7571 16.6713 14.1249 11.2258 12.5374 7.3738 3.9938 4.3434 5.1164 6.4144 6.8404 6.2201 6.959 6.8793 8.1109 9.9177 12.0213 17.6407 15.2991 14.3638 11.5301 17.095 16.9558 16.518 19.1369 19.1464 20.1128 21.5891 21.878 22.5259 26.1651 25.1016 25.2052 25.9395 29.1917 28.8084 28.6329 28.4894 21.8119 22.5826 17.7867 17.7416 21.3371 21.3409 21.3459 19.0303 19.0792 20.5896 20.6075 
8.0272 8.0238 8.018 12.4565 11.385 11.5118 21.8372 19.0288 19.1788 23.6795 23.9118 24.3424 27.8178 27.7388 27.6091 23.2462 21.5754 16.347 15.3438 14.594 14.3757 10.5595 15.1304 7.8123 6.8687 7.0234 7.2255 7.8947 9.0023 8.5165 7.9875 9.0112 17.1388 15.3904 15.2376 14.9456 15.1051 14.3948 14.0907 17.3105 16.889 17.0092 19.1112 20.1938 20.1179 21.6883 21.8993 22.5166 26.1626 25.0644 25.1465 25.8729 29.1815 28.7825 28.6372 28.5164 22.6454 22.5823 17.7686 17.7305 21.3506 21.3537 21.3577 19.035 19.0778 20.5878 
8.0108 8.0058 12.4836 12.6074 16.904 21.8487 18.9915 19.0884 23.5938 23.7713 27.8007 27.7645 27.7072 27.6203 22.9685 22.4563 20.9038 15.5805 15.1149 14.463 11.1189 14.9735 15.7999 14.6736 7.718 7.7994 7.8386 9.5999 9.8557 11.3194 15.3316 19.0917 24.198 18.6813 19.1266 14.875 15.0566 14.9255 14.39 14.2014 17.3942 16.8525 16.9348 19.0908 20.1769 20.1205 21.7493 21.9092 22.5059 26.1583 26.264 25.1014 24.868 29.7794 28.7626 28.6406 28.5375 22.6362 22.5822 17.7542 17.7215 21.3616 21.3641 21.3673 19.0389 19.0766 
13.5308 12.5009 12.6067 16.9225 21.8512 21.9113 23.4347 23.5235 23.6634 27.7584 27.7291 27.6859 27.6242 22.7977 22.4501 21.0709 15.8367 15.2816 14.6117 14.6761 15.2217 16.0443 14.627 13.133 9.2902 9.1795 9.0868 10.5659 12.1509 13.2747 20.3542 19.5634 21.7601 19.5321 20.6404 20.814 19.3827 14.9047 14.8419 14.3789 19.7495 17.433 16.83 16.8898 19.6954 20.1653 20.122 21.7884 21.9133 26.0483 26.1532 26.2392 25.0657 24.823 29.768 28.7471 28.6432 28.5543 22.629 22.5821 17.7424 17.7141 21.3705 21.3726 21.3752 19.042 
12.5118 16.7821 21.7009 21.8484 21.8845 23.3968 23.4647 23.5779 27.7283 27.7043 27.6707 27.6249 22.6863 22.4371 21.1536 15.8478 15.3576 14.6998 14.7325 15.2924 12.373 16.0499 14.5903 15.2201 21.0221 11.6675 9.7791 10.0923 16.2287 28.9691 23.6845 24.179 23.9255 21.3648 18.4218 20.3975 20.9135 19.6194 14.8316 14.7957 14.3683 19.8633 17.4531 16.8148 19.6433 19.6752 20.1569 20.1227 21.8143 21.9142 26.0624 26.148 26.2193 25.0368 24.7872 29.5976 28.7347 28.6452 28.5679 22.623 22.5821 17.7326 17.7079 21.3779 21.3796 21.3818 
16.805 21.7164 21.8428 21.8595 23.3635 23.4151 27.7207 27.7061 27.6862 27.6594 27.6241 27.5785 22.4229 21.1964 20.9625 15.3998 14.7555 14.7742 15.3205 12.2071 16.1839 14.4859 14.6999 15.6345 15.9146 15.3513 12.0327 11.9767 15.7177 18.6625 21.6965 21.5846 24.5324 24.4336 21.1873 20.4242 20.2852 20.9441 19.7372 14.7899 14.767 14.3592 19.932 17.4643 16.804 19.6349 19.6609 20.1508 20.1231 21.8318 21.9134 26.0718 26.1429 26.2029 24.7586 24.7582 28.8136 28.7248 28.6469 28.579 22.6182 22.5821 17.7245 17.7027 21.3841 21.3856 
21.7261 21.8357 21.8366 23.3343 23.4363 27.702 27.6893 27.6724 27.6506 27.6226 27.5874 22.4094 21.2196 21.05 15.4263 14.7935 14.8441 15.3352 12.1538 16.2165 14.3702 16.8428 15.0552 15.6843 15.9462 16.6908 14.2256 13.9882 16.3197 17.9874 21.0284 20.8695 20.6726 24.6613 24.5919 21.1776 20.2994 20.2223 20.9554 19.8011 14.7634 14.7476 14.3516 19.9763 17.4708 16.796 19.6288 19.6504 20.1461 20.1232 27.2881 21.9117 26.078 26.138 26.1892 24.7342 29.5673 28.7939 28.7166 28.6484 28.5883 22.6142 22.5821 17.7176 17.6983 21.3893 
21.8278 26.3329 26.3868 23.3956 27.6873 27.6761 27.6618 27.6436 27.6209 27.593 22.3974 21.2323 21.1044 15.4444 15.368 14.878 14.6192 15.099 16.219 14.2914 16.9026 14.875 15.4533 15.5497 15.8492 14.5479 14.7462 14.7614 15.2072 17.8677 20.6547 21.238 21.5656 20.3434 24.7067 24.6557 21.0644 20.2312 20.1827 20.9599 19.8382 14.7452 14.7337 14.3453 20.0062 17.4747 16.7897 19.6243 19.6425 20.1424 20.1232 27.3067 21.9095 26.0821 26.1334 26.1777 24.7139 29.5574 28.7778 28.7099 28.6496 28.596 22.6108 22.5821 17.7117 17.6945 
26.3215 26.368 23.3609 27.6755 27.6656 27.6533 27.638 27.6192 27.5965 22.3867 22.2695 21.1396 15.4575 15.3992 14.9014 14.6065 15.1133 13.807 16.5295 16.9151 14.7703 15.3196 15.3718 15.7248 13.9928 14.9883 14.8365 14.8448 14.8668 14.9934 18.1527 21.009 21.297 21.477 20.1901 24.7237 24.6853 20.9943 20.1888 20.1558 20.9616 20.3971 14.732 14.7232 14.34 20.0272 18.1982 16.7847 19.6209 19.6363 20.1394 20.1231 27.321 21.9071 26.0848 26.1291 26.1677 24.6968 29.5489 28.7644 28.7043 28.6506 28.6026 22.6079 22.5822 17.7067 
26.3523 27.6729 27.6658 27.6571 27.6463 27.6333 27.6175 27.5987 22.3773 22.282 21.1633 16.5331 15.4214 14.9184 14.6005 15.1203 12.8361 16.5273 17.1504 17.0918 15.2363 15.2692 15.3006 15.5529 13.7338 14.9027 14.8573 14.8656 15.6124 14.8412 18.0456 20.9242 21.1513 21.3187 21.432 20.6139 24.7299 24.7002 20.9478 20.1603 20.1363 20.962 20.4068 14.722 14.7152 14.3571 20.0425 18.1994 16.7807 19.6181 19.6314 20.137 20.123 27.3323 21.9046 26.0865 26.1251 26.1591 24.6822 29.5416 28.7531 28.6996 28.6514 28.6082 22.6055 22.5822 
27.6643 27.6579 27.65 27.6406 27.6293 27.6159 27.6001 22.3691 22.29 21.1796 16.5665 15.438 14.9313 14.3097 15.1236 12.8041 16.5215 17.1268 17.0831 15.1801 15.2027 15.224 15.1991 15.3755 14.8876 14.8721 14.8586 14.866 15.6346 14.7519 14.7984 18.1615 21.0765 21.2196 21.3279 21.4056 20.5607 24.7316 24.708 20.9151 20.1398 20.1216 20.9618 20.4137 14.7142 14.7087 14.3519 20.0538 18.2002 16.7773 19.6159 19.6275 20.1351 27.3115 27.3413 21.9022 26.0874 26.1214 26.1515 24.6696 29.5353 28.7435 28.6956 28.6522 28.613 22.6034 
27.6512 27.6442 27.6358 27.626 27.6144 27.6009 22.3618 22.2952 21.1911 16.5902 15.1306 14.9415 14.3187 15.1249 16.4776 16.5144 17.1094 17.0757 14.6599 15.1563 15.1718 15.1548 15.4141 15.2844 14.862 14.8567 14.854 14.8602 15.6482 14.6972 14.7394 18.106 18.2177 21.1596 21.2567 21.3321 21.3887 20.5265 24.7313 24.7121 20.8912 20.1244 21.0046 20.9613 20.4188 14.708 14.7035 20.0302 20.0624 18.5546 16.7745 19.6141 19.6243 20.1334 27.3226 27.3485 21.8997 26.0878 26.118 26.1449 26.8823 29.5297 28.7354 28.6922 28.6529 28.6172 
27.6392 27.6318 27.6231 27.613 27.6014 22.3553 22.2985 21.1994 16.6073 15.1431 14.9496 14.3254 11.5147 15.0287 16.5071 17.096 17.0693 17.0359 15.1221 15.134 15.1208 15.1051 15.3372 14.8468 14.8473 14.8467 14.8478 14.853 14.8623 14.6618 14.6979 14.722 18.1677 21.1244 21.209 21.2786 21.334 21.377 25.0579 24.73 24.7142 20.8731 22.9012 20.9966 20.9607 20.4226 14.7029 14.3588 20.0417 20.0691 18.554 19.6023 19.6126 19.6216 20.132 27.3317 27.3544 21.8974 26.0879 26.1148 26.1389 26.8732 29.5248 28.7283 28.6892 28.6534 
27.6283 27.6206 27.6117 27.6016 22.3496 22.3005 21.2053 21.1607 15.1528 14.9563 14.7013 11.505 15.0243 16.5 17.0855 17.0638 17.0372 15.0958 15.1053 15.0939 15.0835 15.3633 15.2841 14.836 14.8377 14.8391 14.8415 14.8459 14.8522 15.6281 14.6683 14.6907 18.1347 18.2033 21.1776 21.2403 21.2925 21.3348 21.3686 25.0559 24.7284 24.7152 20.8589 22.8964 20.9903 20.9601 20.4255 14.6986 14.3537 20.0507 20.0743 18.5536 19.6022 19.6113 19.6193 20.1308 27.3391 27.3593 21.8952 26.0877 26.1119 26.1336 26.8653 29.5205 28.7222 28.6866 