ncols 75 
nrows 56 
xllcorner 159478.953979
yllcorner 383872.179993
cellsize 0.25
nodata_value -9999 
2.0984 2.1018 2.0645 2.0651 2.1561 2.1541 2.2776 2.2655 2.3062 1.0573 1.0568 1.0563 1.0263 0.9608 0.9781 0.9772 0.9762 4.4168 8.0892 11.7054 15.4421 15.9736 15.9876 19.1134 16.2045 16.2495 19.4458 19.453 19.5794 19.6275 19.6322 19.7844 19.7867 19.7895 19.9497 19.9963 19.998 20.0 20.0369 20.0369 20.0369 20.0368 20.0366 20.0363 20.0359 20.0435 20.0439 20.0528 20.0537 20.0624 20.0628 20.0552 20.0634 20.0629 20.0623 20.0617 20.0613 20.0612 20.0611 20.0612 20.0613 20.0614 20.0546 20.0546 20.0546 20.0545 20.0545 20.0544 20.0544 20.0544 20.0543 20.0718 20.0721 20.0723 20.0725 
2.0979 2.1016 2.1055 2.0663 2.067 2.1562 2.2822 2.2692 2.2555 1.0575 1.057 1.0565 1.0267 0.9611 0.9785 0.9775 0.9764 0.9922 7.9414 11.6444 15.4135 15.9723 15.9877 16.0039 16.1974 16.2472 19.2829 19.4504 19.4589 19.6259 19.6312 19.6367 19.7857 19.7886 19.8658 19.9955 19.9975 19.9996 20.0369 20.037 20.037 20.037 20.0368 20.0364 20.0359 20.0434 20.0435 20.0524 20.0533 20.0621 20.0627 20.0555 20.0636 20.063 20.0622 20.0615 20.061 20.0608 20.0608 20.0609 20.0611 20.0547 20.0547 20.0546 20.0546 20.0545 20.0545 20.0544 20.0544 20.0543 20.0719 20.0722 20.0724 20.0727 20.0728 
2.0972 2.1013 2.1056 2.0677 2.0684 2.1585 2.1638 2.2736 2.2587 2.2908 1.0573 1.0567 1.0271 0.9614 0.9613 0.9779 0.9767 0.9755 4.4827 11.5702 11.7815 15.9701 15.987 16.0052 16.1876 16.2428 19.2805 19.4473 19.4567 19.5808 19.6299 19.6361 19.7844 19.7876 19.8646 19.95 19.9967 19.9992 20.0368 20.0371 20.0372 20.0372 20.037 20.0366 20.036 20.0354 20.0432 20.0518 20.0528 20.0618 20.0625 20.0633 20.064 20.0632 20.0622 20.0612 20.0606 20.0604 20.0604 20.0606 20.0608 20.0547 20.0547 20.0547 20.0546 20.0546 20.0545 20.0544 20.0714 20.0719 20.0723 20.0726 20.0728 20.073 20.0732 
2.0963 2.1008 2.1055 2.0691 2.07 2.1611 2.1669 2.2788 2.2626 2.298 1.0576 1.057 1.0 0.9617 0.9617 0.9783 0.977 0.9757 0.9915 7.9946 11.7131 15.9667 15.9854 16.0057 16.0273 16.2357 16.3013 19.286 19.4538 19.5791 19.6282 19.6353 19.7827 19.7864 19.7905 19.9492 19.9957 19.9985 20.0368 20.0371 20.0373 20.0374 20.0372 20.0368 20.0361 20.0354 20.0428 20.0512 20.0522 20.0613 20.0622 20.0632 20.0645 20.0636 20.0623 20.0609 20.06 20.0597 20.0598 20.0601 20.0547 20.0548 20.0548 20.0547 20.0547 20.0546 20.0545 20.0714 20.072 20.0724 20.0727 20.073 20.0732 20.0734 20.0735 
1.9963 2.1001 2.1053 2.0707 2.0718 2.0726 2.1705 2.1625 2.2674 2.2486 1.058 1.0573 1.0003 0.962 0.962 0.9789 0.9774 0.9759 0.9912 4.5017 11.6271 15.4362 15.9825 16.0053 16.0298 16.225 16.2989 19.2831 19.45 19.5769 19.5833 19.6342 19.7806 19.7848 19.7895 19.9481 19.9507 19.9977 20.0014 20.0371 20.0375 20.0376 20.0375 20.0371 20.0363 20.0354 20.0349 20.0505 20.0513 20.0606 20.0618 20.0632 20.0647 20.0642 20.0625 20.0604 20.0591 20.0587 20.059 20.0597 20.0548 20.0549 20.0549 20.0548 20.0547 20.0546 20.0714 20.0721 20.0726 20.073 20.0733 20.0735 20.0737 20.0738 20.0913 
1.9943 2.0009 2.1048 2.1107 2.0737 2.0748 2.1647 2.166 2.2732 2.2525 1.0585 1.0578 1.0569 0.9624 0.9624 0.9795 0.9779 0.9763 0.9909 0.9906 8.0222 15.3851 15.9778 16.0034 16.0314 16.0613 16.2931 19.2289 19.445 19.574 19.5814 19.6325 19.7056 19.7827 19.7882 19.9466 19.9497 19.9965 20.0009 20.0371 20.0376 20.0379 20.0379 20.0374 20.0366 20.0354 20.0348 20.0425 20.0502 20.052 20.061 20.063 20.065 20.0652 20.063 20.06 20.0576 20.057 20.0578 20.0546 20.0551 20.0552 20.0551 20.0549 20.0547 20.0715 20.0723 20.0729 20.0733 20.0737 20.0739 20.0741 20.0998 20.1001 20.1003 
1.9917 1.9989 2.1041 2.1106 2.0758 2.0771 2.0781 2.1702 2.1597 2.2575 2.2842 1.0582 1.0574 1.0004 0.9629 0.9629 0.9786 0.9767 0.9746 0.9901 7.936 8.1795 15.9707 15.9994 16.0314 16.0664 16.2826 19.2266 19.2879 19.5702 19.5788 19.6301 19.7044 19.7799 19.7864 19.874 19.9483 19.9869 20.0 20.0369 20.0377 20.0383 20.0385 20.0379 20.037 20.0354 20.0345 20.0419 20.0489 20.0504 20.0594 20.0627 20.0657 20.0722 20.0642 20.0597 20.055 20.0537 20.053 20.0551 20.0557 20.0556 20.0552 20.0703 20.0717 20.0727 20.0734 20.0739 20.0742 20.0995 20.0999 20.1002 20.1004 20.1006 20.1007 
1.9886 1.9963 2.0048 2.1103 2.0781 2.0798 2.081 2.1753 2.1636 2.2638 2.2367 1.0588 1.0579 1.0008 0.9635 0.9635 0.9794 0.9772 0.9748 0.9894 4.3632 8.1013 15.4988 15.9924 16.0292 16.0703 16.2653 16.3848 19.2338 19.449 19.5751 19.5863 19.7027 19.7158 19.7838 19.8719 19.9461 19.9516 19.9905 20.0365 20.0377 20.0386 20.0392 20.0388 20.0374 20.0355 20.0342 20.0348 20.0473 20.0478 20.0562 20.062 20.0669 20.0722 20.0668 20.0607 20.0507 20.0457 20.0532 20.057 20.0569 20.0561 20.0702 20.072 20.0733 20.0742 20.0747 20.0994 20.1 20.1004 20.1007 20.1009 20.1011 20.0928 20.0925 
1.9846 1.993 2.0022 2.1096 2.1183 2.0828 2.0844 2.1815 2.1685 2.2718 2.2413 1.0034 1.0585 1.0012 0.9641 0.9642 0.9804 0.9779 0.9752 0.9887 0.9882 7.996 11.8336 15.9812 16.0233 16.0718 16.1256 16.3782 19.231 19.3617 19.5699 19.5834 19.7001 19.706 19.7802 19.791 19.8778 19.9498 19.9901 20.0358 20.0374 20.0389 20.0402 20.0403 20.0381 20.0353 20.0335 20.0346 20.0408 20.0439 20.0493 20.0605 20.0689 20.0722 20.0722 20.0648 20.0653 20.0388 20.0615 20.0615 20.0581 20.0703 20.0728 20.0746 20.0978 20.0992 20.1002 20.1008 20.1012 20.1014 20.0936 20.0933 20.093 20.0927 20.0924 
1.9798 1.9888 1.9989 2.01 2.1183 2.0862 2.0883 2.0896 2.1745 2.1582 2.2476 1.0411 1.0593 1.0018 1.001 0.965 0.9649 0.9788 0.9756 0.9722 0.9871 7.8533 11.7297 15.9643 16.012 16.0694 16.1354 16.3633 19.2266 19.2437 19.4835 19.5789 19.5965 19.7033 19.7194 19.7886 19.8753 19.9467 19.9892 20.0346 20.0364 20.0389 20.0416 20.043 20.0395 20.0348 20.032 20.0336 20.0407 20.0393 20.0332 20.0604 20.0722 20.0722 20.0722 20.0692 20.0657 20.0661 20.0713 20.063 20.0701 20.0744 20.0962 20.0991 20.1007 20.1016 20.1021 20.1024 20.0947 20.0942 20.0938 20.0933 20.0841 20.0835 20.0829 
1.9738 1.9834 1.9944 2.0068 2.0204 2.0899 2.0928 2.0947 2.1821 2.1635 2.256 2.2417 1.0415 1.0589 1.0016 0.9661 0.966 0.98 0.9762 0.9722 0.9856 4.2956 8.1366 12.3976 15.9926 16.06 16.1418 16.2343 19.2201 19.2407 19.4781 19.5721 19.594 19.6986 19.7175 19.7848 19.8707 19.9411 19.9572 20.0001 20.0346 20.0377 20.0433 20.0491 20.0425 20.0332 20.0271 20.0287 20.0438 20.0513 20.0559 20.0676 20.0644 20.0683 20.0722 20.0757 20.0847 20.0724 20.0634 20.0732 20.0895 20.0991 20.1028 20.1041 20.1045 20.0974 20.0966 20.0957 20.0949 20.0858 20.0847 20.0836 20.0828 20.0821 20.0816 
1.9664 1.9766 1.9885 2.0022 2.0176 2.1306 2.098 2.1007 2.1918 2.1704 2.1464 2.2512 1.0414 1.0601 1.0023 0.9674 0.9674 0.9818 0.9772 0.9722 0.9837 4.1547 7.9519 12.3308 15.9613 16.0391 16.1404 16.2629 19.2103 19.2349 19.4308 19.4926 19.5896 19.6636 19.7128 19.7566 19.8624 19.9085 19.9561 20.0031 20.0319 20.0335 20.0418 20.0635 20.0501 20.0275 20.0271 20.0311 20.0513 20.0617 20.0577 20.067 20.0343 20.0498 20.0561 20.0765 20.0938 20.0928 20.0353 20.0819 20.1198 20.123 20.1226 20.1029 20.1005 20.0911 20.089 20.0872 20.0853 20.0836 20.0825 20.0816 20.081 20.0806 20.0802 
1.9573 1.9679 1.9808 1.9959 2.0133 2.0327 2.1039 2.108 2.2044 2.1796 2.1512 2.2256 1.0412 1.0419 0.9941 0.9943 0.9693 0.9688 0.9786 0.9723 0.9811 1.0555 4.3546 8.3847 12.4581 15.9994 16.1232 16.2877 16.5923 19.2252 19.4202 19.4866 19.5582 19.6537 19.7019 19.7338 19.8294 19.8952 19.9361 20.009 20.0271 20.0282 20.032 20.0499 20.0403 20.0303 20.0271 20.0271 20.0295 20.0364 20.0275 20.0342 20.0271 20.0271 20.0295 20.0438 20.0786 20.1299 20.1165 20.1559 20.1438 20.115 20.104 20.0973 20.0926 20.0896 20.086 20.0834 20.0818 20.0807 20.0799 20.0795 20.3968 20.4046 20.4111 
2.641 1.957 1.9706 1.9871 2.0068 2.0294 2.1106 2.1167 2.1199 2.1922 2.158 2.1203 1.041 1.0415 0.995 0.9955 0.9718 0.9713 0.9807 0.9727 0.9516 0.9761 1.0671 8.1199 9.087 12.7101 16.0752 16.2961 16.6774 19.1873 19.314 19.4413 19.5607 19.6368 19.6541 19.7248 19.8095 19.8653 19.9435 20.021 20.0271 20.0271 20.0271 20.0292 20.0271 20.0271 20.0271 20.0271 20.0271 20.0271 20.0271 20.0271 20.0271 20.0271 20.0271 20.0271 20.0333 20.0519 20.0924 20.1591 20.1275 20.1103 20.0988 20.0917 20.0866 20.0824 20.08 20.0786 20.0778 20.0532 20.3891 20.4002 20.8232 20.8368 20.8476 
2.6208 2.6272 1.9573 1.9751 1.9971 2.0233 2.0532 2.1272 2.1328 2.2096 2.1681 2.1208 2.1723 1.0409 1.042 0.9969 0.9752 0.9751 0.9841 0.9734 0.9501 0.97 1.0576 4.564 8.871 12.6046 15.9727 16.2575 16.7161 19.1873 19.2931 19.4214 19.5371 19.5991 19.6301 19.678 19.7995 19.8428 19.9341 20.0232 20.0271 20.0271 20.0271 20.0271 20.0271 20.0271 20.0271 20.0271 20.0271 20.0271 20.0271 20.0271 20.0271 20.0271 20.0271 20.0271 20.0271 20.0271 20.0372 20.0822 20.0882 20.0845 20.0809 20.053 20.0515 20.0509 20.0506 20.0507 20.3514 20.3682 20.8088 20.8287 20.844 20.8557 20.8649 
2.5977 2.6019 2.6105 1.9586 1.9828 2.0132 2.0493 2.1397 2.1495 2.2344 2.1832 2.1227 2.1785 1.04 1.0408 0.9985 0.9623 0.9809 1.0267 0.9747 0.9478 0.9373 1.0419 4.2104 8.4289 9.2412 13.276 16.125 16.7962 19.1912 19.2303 19.3871 19.489 19.5972 19.6182 19.6458 19.7057 19.8335 19.9072 20.0125 20.0271 20.0271 20.0271 20.0271 20.0271 20.0271 20.0271 20.0271 20.0271 20.0271 20.0271 20.0271 20.0271 20.0271 20.0271 20.0271 20.0271 20.0271 20.0271 20.0271 20.0395 20.0271 20.0271 20.0271 20.0271 20.0271 20.1547 20.4874 20.7847 20.8164 20.8394 20.8561 21.016 21.0244 21.0308 
2.5717 2.5726 2.5779 2.5898 1.9621 1.9967 2.0404 2.0918 2.1714 2.1775 2.207 2.1269 2.066 0.9956 1.0386 0.9893 0.9666 1.019 1.0322 0.9923 0.9439 0.9301 0.9031 1.0631 5.0103 8.5324 13.1558 15.8653 16.91 19.1731 19.2423 19.3624 19.461 19.5766 19.6061 19.645 19.649 19.7422 19.9699 20.0271 20.0271 20.0271 20.0271 20.0271 20.0271 20.0271 20.0271 20.0271 20.0271 20.0271 20.0271 20.0271 20.0271 20.0271 20.0271 20.0266 20.0247 20.0209 20.0271 20.0271 20.0271 20.0271 20.0271 20.0271 20.0271 20.4399 20.4875 20.7954 20.976 21.0004 21.017 21.0285 21.0366 21.0424 21.0465 
2.5429 2.5389 2.5393 2.5465 2.5641 1.9702 2.0225 2.0888 2.1999 2.2157 2.2459 2.1361 2.2629 1.2218 0.9906 0.9838 0.9705 1.0294 1.029 0.9927 0.9355 0.9197 0.8781 1.0299 3.7816 6.4979 10.6469 13.9558 18.5735 17.0299 19.3051 19.3932 19.4156 19.4791 19.584 19.6078 19.6585 19.7665 19.8301 19.9975 20.0271 20.0271 20.0271 20.0271 20.0271 20.0271 20.0271 20.0271 20.0271 20.0271 20.0271 20.0271 20.0271 20.0271 20.0271 20.0162 19.9859 20.0183 20.0271 20.0271 20.0271 20.0271 20.0271 20.1211 20.4282 20.8784 20.9539 20.9977 21.0238 21.0397 21.0495 21.0557 21.0595 22.1063 22.1278 
2.5119 2.5015 2.4943 2.4935 2.5036 1.9284 1.9889 2.0745 2.1802 2.2737 2.3132 2.1559 2.2028 1.2243 0.9875 0.9715 0.9685 1.0463 1.0613 1.0153 0.9095 0.8824 0.8855 0.9664 1.1309 2.5923 6.679 15.249 10.9961 17.4775 17.4537 19.3352 19.4036 19.4278 19.5473 19.6016 19.6463 19.7572 19.8081 19.9435 20.0185 20.0271 20.0271 20.0271 20.0271 20.0271 20.0271 20.0271 20.0271 20.0271 20.0271 20.0271 20.0271 20.0271 20.0271 20.0222 20.0089 20.0198 20.0271 20.0271 20.0442 20.0596 20.1395 20.4864 20.9194 21.0116 21.0535 21.0727 21.0813 21.0848 21.0856 22.1322 22.1571 22.1751 22.1881 
2.4798 2.4614 2.444 2.4306 2.4266 2.4418 1.9277 2.0349 2.1884 2.3633 2.5721 2.2005 2.1059 1.3912 1.2018 0.9576 0.9623 1.0249 1.1463 1.0535 0.8557 0.9051 0.8957 0.8669 1.0255 1.4355 5.282 11.8486 18.4941 16.2222 18.1363 19.1835 19.3529 19.4068 19.5962 19.6094 19.6157 19.7562 19.8475 19.9532 20.0048 20.0271 20.0271 20.0271 20.0271 20.0271 20.0271 20.0271 20.0271 20.0271 20.0271 20.0271 20.0271 20.0271 20.0271 20.0336 20.0229 20.0378 20.1333 20.1432 20.2914 20.466 20.731 21.1661 21.1999 21.1904 21.1733 21.1571 22.2904 22.3324 22.3597 22.3773 22.3884 22.7364 23.5187 
2.4487 2.4209 2.3908 2.36 2.3331 2.3211 2.3463 1.9404 2.1608 3.023 2.7613 2.4532 1.9386 1.3552 1.2134 1.1332 0.8829 0.9399 1.084 1.0859 0.9864 0.9618 0.8949 0.8546 1.0422 1.5405 4.3169 8.4394 11.0764 17.3218 18.7295 19.135 19.3145 19.3668 19.4305 19.5659 19.6432 19.7777 19.8207 19.9684 19.9987 20.0255 20.0271 20.0271 20.0271 20.0271 20.0271 20.0271 20.0271 20.0271 20.0271 20.0271 20.0271 20.0271 20.0271 20.0645 20.0661 20.1242 20.3097 20.4558 20.7564 20.9582 21.724 21.6663 21.5196 22.2726 22.8946 22.9829 23.0343 23.1687 23.5195 23.5282 23.5332 23.5362 23.5379 
1.9388 1.9066 1.8658 2.2879 2.2293 2.1706 2.1348 2.1835 2.0109 2.9685 3.6338 2.6329 1.6813 1.2055 1.1873 1.1918 0.794 0.7807 0.9935 1.087 1.0132 0.9718 0.9644 1.0144 1.3769 1.9879 3.156 5.6066 10.6191 11.7414 15.3989 19.1061 19.1788 19.3127 19.3637 19.4608 19.6306 19.69 19.784 19.8607 19.9581 20.0039 20.0261 20.0271 20.0271 20.0271 20.0271 20.0271 20.0271 20.0271 20.0271 20.0271 20.0271 20.0301 20.0974 20.1654 20.2252 20.3665 20.6729 21.271 21.6447 21.9899 22.3921 22.4892 22.8297 23.032 23.1213 23.6865 23.5656 23.5684 23.5671 23.5645 23.5618 23.5592 23.5568 
1.9537 1.922 1.8805 1.8245 1.7475 1.6405 1.8659 1.7479 1.8752 2.2009 5.5734 2.8252 1.5621 1.3178 1.4874 1.4465 0.8048 0.755 0.7613 0.9349 0.9938 0.9711 0.9931 1.253 1.7393 1.8792 1.9487 7.7062 17.0288 15.1283 17.2487 19.0669 19.1075 19.2182 19.4032 19.5018 19.5274 19.6674 19.7739 19.8088 19.9287 20.0051 20.0221 20.0271 20.0271 20.0271 20.0271 20.0271 20.0271 20.0271 20.0467 20.028 20.0383 20.1084 20.2732 20.3096 20.6301 20.7357 21.2793 21.7768 22.24 22.8726 23.1867 23.5016 23.6978 23.8861 23.8747 23.6911 23.6549 23.6293 23.6111 23.5978 23.5879 23.5803 23.7219 
1.9752 1.9469 1.9088 1.8554 1.7766 1.6531 1.4497 1.1431 0.7003 2.6285 4.1361 1.8196 2.1756 2.6877 2.286 1.2605 0.898 0.7326 0.7695 0.9845 0.9971 0.9313 0.9768 1.497 1.6561 1.8469 1.9485 6.3125 10.788 16.9537 16.6939 18.8993 19.0823 19.2538 19.3341 19.4641 19.495 19.5257 19.6975 19.8121 19.9726 20.0099 20.0271 20.0271 20.0271 20.0271 20.0271 20.02 20.016 20.0459 20.1658 20.1789 20.201 20.1626 20.5859 20.8482 20.9397 21.4706 22.0837 22.5008 22.6725 23.4257 24.0449 25.2702 24.7193 24.2731 24.0648 23.9551 23.8936 23.8004 23.7673 23.7452 23.73 23.7192 23.7114 
2.003 1.981 1.9514 1.9098 1.8473 1.7441 1.549 1.1161 1.5151 4.2518 4.6419 4.1167 3.5524 3.3421 2.3918 1.1789 0.687 0.5817 0.8865 1.0408 0.9299 0.8602 0.9559 1.363 1.7638 1.8606 1.9448 4.1256 8.8064 6.7311 14.9833 17.9158 19.0257 19.1672 19.2675 19.3432 19.4943 19.5266 19.5552 19.7828 19.9718 20.0071 20.0243 20.0271 20.0271 20.0269 20.0213 20.0163 20.0808 20.2486 20.2865 20.3961 20.3209 20.6275 21.1065 21.4818 21.8718 22.1948 22.5208 23.0466 23.1838 23.4523 24.214 25.6476 24.7176 24.3179 24.0297 23.9295 23.8781 23.8496 23.8331 23.8626 23.8563 22.6817 22.6236 
2.0355 2.0221 2.0052 1.9834 1.9548 2.1853 2.0988 2.147 3.0723 4.2522 3.6529 4.0891 3.8397 2.5581 2.1901 0.8866 0.5613 0.5089 0.7954 0.9149 0.7585 0.8097 1.0571 1.5562 1.8172 1.8538 2.0298 2.3861 5.2882 11.465 11.426 14.6432 18.8405 19.0195 19.225 19.3102 19.4964 19.5453 19.5622 19.7087 19.8413 19.9739 20.0141 20.0258 20.0396 20.0296 19.985 20.0965 20.2401 20.5353 20.582 20.5755 20.58 21.3622 21.6286 22.5601 22.6602 22.9202 23.3332 23.285 23.8243 24.0863 24.3208 24.2442 23.9874 23.8033 23.7792 23.7806 23.7866 23.7933 23.7997 22.6789 22.6037 22.5466 22.5035 
2.2035 2.193 2.1819 2.1718 2.3979 2.4007 2.4657 2.7051 3.4479 3.5575 3.1625 2.9628 2.2944 1.6179 0.7899 0.4682 0.4001 0.4956 0.8171 0.8472 0.6395 0.5625 0.8548 1.4818 1.766 1.8882 2.1146 2.3717 4.1027 10.6016 16.4358 17.3194 18.8198 18.981 19.0417 19.1672 19.3179 19.4972 19.5556 19.6382 19.8067 19.8843 19.9384 20.0103 20.1106 20.0685 20.12 20.437 20.5968 20.8304 21.0382 21.3766 21.7496 21.836 22.6485 23.191 23.4707 23.8309 23.7492 23.6275 23.83 24.5533 23.85 23.4644 22.9677 23.3057 23.4961 23.5979 23.6598 23.7007 22.5455 22.4756 20.6424 18.4338 18.348 
2.2233 2.2192 2.2174 2.2208 2.2353 2.2724 2.3502 2.8566 3.1262 2.6371 2.4327 2.4443 2.067 1.2094 0.7169 0.4029 0.3608 0.4303 1.0245 0.8449 0.5784 0.4885 0.6349 1.4739 1.7777 1.8482 2.5428 3.2004 4.0069 8.5684 16.9431 17.6704 18.7613 18.9309 19.0331 19.0951 19.2057 19.3512 19.592 19.6855 19.7252 19.8448 19.923 20.0039 20.094 20.1404 20.2535 20.7392 21.1796 21.1795 21.4878 22.3314 22.8064 23.4287 23.7017 23.8381 24.6585 24.356 24.3968 24.3565 24.2849 24.2802 23.3008 22.9748 22.8033 22.9069 22.7662 22.7459 20.9573 20.754 19.2897 18.4499 18.3283 17.5569 15.5038 
2.2404 2.2405 2.2437 2.2523 2.2691 2.7363 2.7299 2.9842 2.4286 1.7587 1.5318 1.729 1.1144 0.8988 0.7329 0.6456 0.4951 0.6858 0.9746 0.6053 0.569 0.4778 0.5432 0.7748 1.5199 1.8913 2.7264 3.7388 4.7344 8.3441 11.7739 17.1561 17.7434 18.8179 19.0099 19.1845 19.2359 19.2763 19.4861 19.6583 19.6819 19.698 19.8368 19.9878 20.5029 20.5485 20.4642 21.3858 22.0841 22.8879 22.9798 23.2517 23.9253 24.2965 25.018 25.2607 24.9537 24.912 24.6471 24.4575 24.5325 24.0324 23.0429 22.7362 22.6542 22.2947 20.6418 20.2327 18.6765 18.4125 18.24 18.1368 15.4157 15.3506 15.308 
2.2541 2.0171 2.0308 2.7646 2.5273 2.5391 2.6169 2.376 2.186 1.9991 1.8645 1.3954 1.1288 0.9862 0.8129 0.7865 0.9819 1.0718 0.8697 0.659 0.6625 0.6765 0.6454 0.5667 0.6264 1.8521 2.9413 4.2454 5.329 6.1867 11.0571 11.2539 15.7739 18.3282 18.9391 19.128 19.247 19.3175 19.3991 19.4232 19.6018 19.661 19.7193 20.5189 20.6921 21.3955 21.6716 21.9992 23.1072 24.601 25.4814 25.3121 25.8773 25.3181 26.264 26.0734 25.797 24.9096 24.5897 24.3445 23.9845 22.5242 22.5193 21.9151 21.2052 19.918 19.4603 17.0437 16.8586 14.317 14.2164 14.1524 14.113 12.6331 12.5951 
2.544 2.5496 2.5586 2.5719 2.5902 2.6731 2.5879 2.5951 2.6258 2.722 2.8013 2.096 1.4594 1.3323 1.4029 1.4032 1.5419 1.3005 1.2389 1.049 0.7477 0.7507 0.5581 0.5211 0.517 1.0928 2.4388 5.0386 5.8826 6.6797 11.8752 15.725 14.1415 17.1792 18.7564 19.0306 19.2032 19.3211 19.3884 19.3717 19.4906 19.9529 20.2722 21.4024 21.8391 22.4344 23.3515 25.1 25.7985 25.8038 27.5837 27.8522 27.3652 27.3146 26.5706 26.3992 26.363 25.5313 24.5322 24.0416 23.2109 22.035 20.973 20.7011 19.3493 17.492 16.338 14.5962 14.3379 14.1798 14.0922 12.6631 12.5991 12.5578 12.5308 
2.5742 2.5845 2.5074 2.6366 2.6483 2.6672 2.6994 2.7575 2.866 3.0562 3.2755 3.1769 2.473 1.8202 2.1329 2.0455 1.6763 1.4673 1.3865 1.3673 0.994 0.5586 0.4662 0.5232 0.5595 1.0505 2.3679 4.1586 4.8625 6.2262 8.6407 16.8628 17.1971 17.299 18.7251 18.9922 19.1604 19.3126 19.3679 19.4267 19.6394 20.2798 21.2509 21.9292 23.465 24.7636 26.389 27.6665 28.4716 30.31 29.2421 29.1599 29.5221 28.2187 28.2196 26.8516 25.9638 25.5869 24.6087 22.8127 21.6717 21.6096 19.5998 19.368 16.5788 16.1389 14.8553 14.3677 14.0859 12.7255 12.5953 12.5261 12.4886 12.4681 12.4572 
2.5163 3.2024 3.2042 3.2079 3.215 3.2274 3.2482 3.2802 3.4871 3.442 3.4265 3.6245 3.2268 2.8637 2.2485 1.9907 1.8812 1.5779 1.4895 1.4099 1.439 1.0918 0.8829 0.7955 0.6208 1.261 2.0002 3.7488 4.1402 4.6625 8.2068 12.6561 17.8907 17.0484 18.74 19.0794 19.17 19.2226 19.3085 19.4512 19.8155 20.6839 22.4249 23.5766 25.2583 26.6099 30.6643 31.2588 31.9989 32.5724 33.0303 31.5239 30.761 29.5213 28.9823 27.6973 25.5142 24.0396 23.9657 22.1202 19.7997 19.1237 17.2644 16.0879 15.0889 14.3867 14.5276 12.9618 12.5404 12.4078 12.3668 12.3579 12.3611 12.3688 12.378 
3.2348 3.2413 3.2505 3.2638 3.2829 3.3103 3.5832 3.5866 3.5977 3.6314 3.7092 3.6848 3.4059 3.0573 2.6661 2.1539 1.9675 1.8266 1.7438 1.6414 1.557 1.4865 1.2487 0.9256 0.8987 1.4048 2.879 3.4023 3.8692 4.3458 5.5873 12.2416 14.0072 18.1542 18.6657 18.9005 19.0794 19.0635 19.1053 19.2512 19.9118 20.8964 23.8965 25.5109 27.9631 32.4409 32.5888 34.5234 35.4074 34.6563 35.1018 33.8897 31.332 29.3069 28.813 28.1973 26.3506 23.8747 21.358 19.6768 17.5414 15.8357 14.9627 14.0825 12.3399 14.3181 12.2296 11.6317 11.8587 12.0091 12.1083 12.1778 10.8691 10.8677 10.8669 
3.2654 3.2769 3.2923 3.3131 3.6355 3.6432 3.6569 3.6825 3.7345 3.8491 4.1615 4.4816 3.5268 3.1341 2.9112 2.584 2.2087 2.1143 1.9375 1.8548 1.6919 1.5281 1.3255 1.0505 0.8449 1.56 2.9494 3.3433 3.5554 4.8629 7.0921 10.5859 19.2492 21.3729 18.6096 18.8914 18.8663 18.8159 18.8343 19.3077 20.8956 22.7658 27.861 31.4626 32.8773 35.8772 39.3089 37.1583 36.8828 36.9665 35.2907 33.6695 31.6915 30.4504 27.4797 27.0172 24.4957 21.9239 20.0168 17.5473 16.1389 15.2849 12.3066 12.0552 11.1058 9.4241 9.2122 9.9467 10.3907 10.5819 10.6773 10.7314 10.7651 10.7876 10.8034 
3.2929 3.777 3.7804 3.7858 3.7944 3.8084 3.8317 3.8715 3.961 4.0731 4.1835 4.1882 3.738 3.2244 3.1137 2.8077 2.4503 2.3074 2.2117 1.8958 1.7571 1.6416 1.4284 1.1954 0.9915 0.8005 1.993 3.3218 3.7283 5.6931 7.2772 11.771 26.6289 26.3556 18.7596 18.5761 18.5838 18.6297 18.6068 19.3482 22.3497 29.2407 36.8547 42.0411 37.9121 39.9313 40.5195 41.2525 38.3641 36.5854 34.7475 35.1004 32.0858 30.0339 26.2773 24.0961 22.1584 19.4777 16.8891 15.3364 13.7194 12.1329 9.5526 8.5564 7.6599 8.1296 8.9469 9.5805 10.1065 10.3637 10.5159 10.6102 10.6718 10.714 10.7441 
3.789 3.7938 3.8004 3.8099 3.8235 3.8437 3.8738 3.9855 4.0113 4.1062 4.1198 4.0743 4.1159 3.567 3.341 3.2183 2.8106 2.4426 2.3605 2.1448 1.9229 1.7723 1.6215 1.3748 1.1707 1.1585 1.4177 2.7293 5.5119 6.461 7.097 9.1656 16.1248 21.0789 21.8554 18.3912 18.2586 18.44 18.5361 19.7558 29.6953 35.3088 35.25 41.0133 41.5245 41.8101 40.2175 39.6756 37.9223 34.9916 32.992 32.1375 28.6235 27.4102 25.0589 22.809 19.9694 16.6338 13.7575 11.335 10.1459 9.9564 8.7071 6.6824 6.6894 7.4793 7.8286 7.946 9.2952 10.2496 10.4106 10.5207 10.5973 10.6522 10.6924 
3.802 3.8088 3.8178 3.83 3.8466 3.9363 4.1029 4.062 4.3773 4.3573 4.3192 4.257 4.1494 4.0038 3.4324 3.3776 3.29 3.0687 2.4344 2.4341 2.2229 1.9644 1.7366 1.5249 1.3181 1.2605 1.0912 2.1136 4.495 6.9491 8.1297 9.3163 16.8626 18.778 19.0052 20.2043 18.8064 24.1926 21.4713 23.207 35.9798 35.6363 39.2403 44.6225 47.2699 41.0237 39.5393 36.8905 34.2655 30.7795 30.3511 28.8121 27.5119 23.6438 22.8289 19.2637 15.7167 13.2446 11.5636 8.8528 6.1532 7.7394 7.4297 7.2425 6.9401 7.239 7.5698 7.7376 7.81 9.3326 9.447 9.5262 10.5444 10.6046 10.6505 
3.8135 3.8216 3.8321 4.4293 4.4149 4.4151 4.4154 4.4156 4.416 4.4175 4.5288 4.6251 4.5908 4.3905 4.0279 3.4857 3.4701 3.4109 3.0551 2.4165 2.2685 2.1177 1.8221 1.5147 1.273 1.2221 1.5562 1.9185 3.7683 6.8753 9.0229 12.2097 17.052 21.1466 19.0051 27.4326 29.4887 25.3123 26.5794 28.366 30.6747 38.6229 38.3813 39.618 38.4729 37.7574 32.8322 32.5295 32.6959 29.9734 29.4149 25.6809 22.7204 22.0572 17.6499 14.0304 13.938 12.2312 9.0889 7.1406 6.3969 7.1122 7.1456 7.0958 7.1852 7.3083 7.4558 7.607 7.6955 7.7419 7.7631 9.447 9.5093 9.5552 10.619 
4.352 4.3598 4.4241 4.4263 4.7268 4.7278 4.7303 4.7356 4.7466 4.7289 4.7679 4.8589 5.1584 5.3873 4.6007 4.0319 3.7575 3.5918 3.3903 3.0446 2.4865 2.2374 2.0251 1.7494 1.4759 1.3009 1.2543 2.2465 3.3381 7.1851 9.3916 11.7448 14.5764 23.5961 27.5573 30.3932 28.3694 24.5346 39.0723 27.1129 32.1682 33.0475 29.0701 26.2894 31.3332 29.8732 28.9999 27.7389 26.9847 27.5846 24.7309 21.3948 21.6258 19.2594 15.1859 13.3594 13.5965 11.849 9.2096 8.1055 7.5837 7.1071 6.6442 7.1305 6.9204 7.3751 7.4206 7.5373 7.6198 7.6727 7.7044 7.7219 9.4535 9.5034 9.542 
4.738 4.7389 4.7404 4.7428 4.7465 4.7524 4.7616 4.9185 4.9362 4.9683 5.0398 5.1033 5.2135 5.2763 5.2228 4.4378 4.4186 3.7552 3.5594 3.1949 3.0017 2.3554 2.1051 1.9401 1.7099 1.3811 1.3772 1.3013 3.5487 5.8759 9.1547 10.6188 11.8935 18.5202 35.2313 34.8848 23.1565 29.2946 32.3348 30.8543 23.0508 17.3103 21.5794 21.077 20.9232 25.1583 26.057 23.6126 22.4501 22.6333 15.562 18.8813 20.5663 18.5744 16.2055 13.8914 13.646 11.8607 9.781 8.7626 7.9158 7.3018 6.6502 6.6912 6.9098 6.7953 7.4715 7.5037 7.5732 7.624 7.6588 7.6816 7.6958 7.704 9.5032 
4.7474 4.7498 4.7532 4.7579 4.7646 4.9277 4.9387 4.9553 4.9809 5.0333 5.069 5.2278 5.2532 5.2702 5.2942 5.1243 5.1041 4.5403 3.8785 3.3531 3.0528 2.4286 2.2548 2.0956 1.6721 1.5277 1.4441 1.5188 2.1681 5.5863 8.3261 10.2923 12.9972 18.9599 25.5613 36.4021 39.725 36.1276 34.2939 28.9002 19.2744 10.5223 13.1465 14.2613 15.2076 15.7823 19.3773 21.3769 21.3736 19.4341 14.77 17.107 18.3533 16.8213 17.0773 14.1946 12.3112 11.882 10.0169 9.1483 8.7505 8.1653 6.673 6.7012 6.9022 6.7645 6.8474 7.4894 7.546 7.5911 7.6251 7.6496 7.6667 7.6782 7.6856 
4.7562 4.7599 4.7648 4.9308 4.9381 4.9482 4.9623 4.9821 5.0239 5.0469 5.2024 5.4199 5.4199 5.4285 5.3576 5.7536 5.1493 5.0255 4.2363 3.8517 2.9707 2.4162 2.1537 2.1155 1.9449 1.5153 1.4923 1.4925 2.0371 6.2712 8.4368 9.6382 14.5777 18.5448 27.6545 35.9202 44.5925 37.3207 32.037 27.1694 19.4189 13.0432 8.2182 9.168 9.3206 10.8615 9.3376 15.8733 18.3206 18.4235 18.0236 17.9155 18.092 16.4438 16.0809 15.8738 12.1771 11.8836 11.5476 9.6546 9.1029 8.3401 6.696 6.7145 6.7272 6.9557 6.8155 7.485 7.5306 7.5694 7.6007 7.6249 7.643 7.6563 7.6658 
4.7642 4.9317 4.9369 4.9437 4.9526 4.9643 4.9798 5.0153 5.4255 5.426 5.4272 5.4304 5.4391 5.4093 5.4305 5.491 5.2507 5.0847 4.6955 4.0623 2.7217 2.2923 2.0939 2.0594 2.0143 1.6631 1.4593 1.5255 1.164 2.3701 8.4897 10.55 12.5617 22.9262 30.5754 34.9009 39.4253 44.3672 29.5111 27.1017 19.7391 10.122 11.8994 9.6881 9.8298 10.5447 12.0592 14.683 16.9444 17.011 19.2952 19.0283 19.2568 16.2744 16.124 15.9014 12.0858 11.8768 11.6453 9.8416 9.2921 8.462 6.9498 6.7282 6.7381 6.4562 6.7937 6.8445 7.5226 7.5555 7.5834 7.6062 7.6242 7.6382 7.6487 
4.9357 4.9405 4.9467 4.9544 4.9641 5.2599 5.4271 5.4277 5.4287 5.4304 5.4335 5.4394 5.3889 5.3669 5.3849 5.3826 5.3346 5.0999 4.7458 4.554 2.8614 2.2297 2.0101 1.9468 1.8605 1.6659 1.6564 1.8227 1.3577 1.7987 5.2965 11.2637 14.4721 16.7584 27.3538 35.8796 40.0716 37.9616 29.6539 24.5344 22.3379 16.2298 13.3067 11.9484 9.4852 10.9138 13.0084 14.7464 15.9175 16.7483 17.8127 19.6329 19.5656 16.2137 16.1381 16.0105 14.3793 11.868 11.7001 9.7575 9.7277 9.2995 7.9263 6.7411 6.7485 6.4488 6.7792 6.8237 6.8612 7.5468 7.5713 7.5922 7.6094 7.6233 7.6344 
4.9427 4.9481 4.9547 4.9629 5.2624 5.4283 5.429 5.4301 5.4317 5.4342 5.4382 5.4449 5.3449 5.3519 5.3555 5.3478 5.3258 5.0912 4.7552 4.6203 2.2753 2.1968 1.8961 1.8673 1.8702 1.6979 1.7319 1.7475 1.4804 2.8951 5.4798 7.9497 13.9731 16.7885 21.4724 30.4145 35.0675 38.0176 34.2591 25.6802 22.6488 19.7986 14.5469 13.0935 10.1533 11.1091 13.4818 14.8931 15.6475 16.625 16.6358 16.8684 19.9347 16.1995 16.1516 16.0725 13.0138 11.8594 11.7326 9.8456 9.636 9.4058 7.9885 6.7526 6.7581 6.4449 6.4722 6.8087 6.8424 7.5416 7.563 7.5818 7.5979 7.6114 7.6224 
4.9486 4.9544 5.2587 5.4285 5.4291 5.4298 5.4308 5.4322 5.4342 5.437 5.4412 5.3774 5.3372 5.3397 5.3389 5.3322 5.3197 5.0777 4.7492 4.2644 2.2558 2.1812 2.104 2.1387 2.1404 2.0091 1.9229 1.8657 1.5828 1.1659 5.2414 7.8048 11.8837 16.1722 17.503 26.261 32.625 36.6927 33.6517 26.4824 21.9891 22.2757 14.8617 13.72 11.0876 9.6583 11.4415 15.0363 15.5553 16.5893 16.6337 16.8595 16.9671 16.2038 16.1678 16.1139 14.2104 11.8517 11.7528 9.9027 9.7305 9.5835 8.0357 7.094 6.7668 6.7709 6.4664 6.7982 6.8282 6.8543 7.5574 7.5743 7.5891 7.6018 7.6126 
5.2538 5.4286 5.429 5.4295 5.4302 5.4311 5.4323 5.4338 5.436 5.4388 5.3713 5.3289 5.3306 5.3309 5.3289 5.3237 5.3156 5.0649 4.6708 4.1399 2.2182 2.162 2.2439 2.3981 2.6885 2.6552 2.1043 1.8366 1.6671 0.7637 1.3069 6.294 11.0475 14.9714 18.1206 22.6122 30.4347 32.7726 32.2223 26.6233 22.4479 23.3626 14.8201 14.0029 13.6683 10.9746 10.5958 15.1639 15.5379 14.5353 16.6397 16.8461 16.951 17.7372 16.1851 16.1452 14.2428 11.5248 11.7659 9.9405 9.7976 9.6715 8.072 7.128 6.7747 6.7779 6.4628 6.4812 6.8176 6.8413 7.5537 7.5688 7.5823 7.5942 7.6045 
5.4289 5.4293 5.4298 5.4304 5.4312 5.4322 5.4335 5.4351 5.4372 5.3673 5.3236 5.3247 5.3252 5.3246 5.3224 5.3184 5.3127 4.9161 4.296 4.0427 2.1617 2.2235 2.358 2.51 2.7654 2.7556 2.2399 1.8396 1.5595 1.1823 1.0885 4.4888 8.1163 12.5885 15.4606 19.6559 29.7242 27.1808 32.1092 28.4651 22.6533 21.7629 20.0415 14.1076 13.9114 11.2541 10.5931 14.3454 15.5532 14.4736 14.6463 16.673 16.9369 17.0204 16.2023 16.1708 16.1373 11.5288 11.7745 9.966 9.8459 9.7374 9.6439 7.1548 7.1152 6.7843 6.4606 6.4767 6.8098 6.8313 6.8503 7.5648 7.5771 7.5881 7.5979 
5.4295 5.43 5.4305 5.4312 5.4321 5.4331 5.4344 5.436 5.4379 5.3665 5.3206 5.3211 5.321 5.3201 5.318 5.3148 4.927 4.8319 4.197 2.7316 2.1877 2.2805 2.3315 2.437 2.5389 2.4772 2.2264 1.8214 1.3159 1.5704 1.6553 3.7859 7.2046 11.637 12.8478 19.5238 25.0168 26.5915 27.3285 28.5524 22.7174 22.0363 21.4922 14.1295 14.0456 13.609 11.1633 13.4752 15.5822 14.4435 14.59 14.7047 16.9284 17.0045 15.9577 16.1924 16.1652 11.5307 11.4546 9.9833 9.8813 9.7875 9.7046 7.1759 7.1398 6.7901 6.4595 6.4736 6.4869 6.8234 6.8409 6.8564 7.5732 7.5834 7.5925 
5.4301 5.4306 5.4312 5.4319 5.4327 5.4338 5.435 5.4365 5.3639 5.3176 5.3181 5.3182 5.3177 5.3167 5.3148 5.3122 4.8588 4.7611 4.1255 2.2254 2.2306 2.2392 2.2899 2.3612 2.3746 2.3188 1.9946 1.8005 1.244 1.7814 1.8753 3.7924 6.8703 11.1171 12.1062 18.2018 24.7937 30.9307 24.281 27.0569 22.7168 22.1918 21.7457 20.3659 14.1169 13.7618 13.4571 13.4437 15.6161 14.4318 14.5553 14.6579 16.9254 16.9939 15.2173 16.211 16.1883 14.2486 11.4658 9.9951 9.9077 9.8261 9.7524 8.4389 7.1599 7.1312 6.459 6.4715 6.4833 6.8173 6.8334 6.8479 7.5704 7.5797 7.5882 
5.4306 5.4311 5.4317 5.4324 5.4333 5.4343 5.4355 5.3619 5.3153 5.3157 5.3159 5.3157 5.3151 5.3141 5.3124 4.8722 4.8015 4.2207 4.0768 2.198 2.1865 2.2155 2.2718 2.2876 2.2875 2.2399 1.923 1.5324 1.3778 1.9088 1.9864 3.836 6.7678 7.5403 11.653 12.2307 24.714 25.6856 28.1075 24.2676 22.6888 22.2776 21.9122 20.6469 14.152 13.861 13.6025 13.5606 13.6649 14.2887 14.5352 14.6256 14.701 16.9879 15.1955 13.7847 16.2079 14.2642 11.4738 10.0032 9.9275 9.8561 9.7906 9.7322 7.1764 7.1499 6.8016 6.4701 6.4807 6.4906 6.8274 6.8408 6.8529 7.5768 7.5847 
5.431 5.4315 5.4321 5.4328 5.4337 5.4346 5.3604 5.3614 5.3138 5.314 5.314 5.3137 5.313 5.312 4.8781 4.8254 4.7557 4.1709 3.4363 2.1532 2.1717 2.1908 2.2332 2.2371 2.2301 1.9612 1.8745 1.5118 1.3974 1.9932 2.0547 3.8822 6.7511 7.3162 11.3842 11.8742 18.5169 25.4708 27.9422 24.0891 23.7398 22.3225 22.0214 20.8486 14.1664 13.9255 13.7057 13.5146 13.5835 14.2992 14.5246 14.6038 14.6723 16.9857 17.0355 13.7523 16.2247 14.2764 11.4795 11.4312 9.9426 9.8796 9.8212 9.7683 7.1901 7.1656 7.144 6.4692 6.4787 6.4878 6.8226 6.835 6.8464 7.5746 7.5819 
5.4313 5.4318 5.4324 5.4331 5.4339 5.4348 5.36 5.3123 5.3125 5.3125 5.3124 5.312 5.3113 5.3104 4.8394 4.7871 4.7205 4.109 2.854 2.1432 2.1565 2.198 2.2033 2.2095 1.9578 1.9076 1.842 1.4977 1.4117 1.3352 2.1015 3.925 4.1617 7.192 11.2277 11.6362 11.961 25.3482 27.8468 23.9646 23.6361 22.3433 22.0931 21.8695 20.5828 13.9671 13.7795 13.6118 13.6564 14.3112 14.5203 14.5898 14.6515 14.7051 17.0311 13.7265 13.7689 13.3191 11.4834 11.4408 9.9541 9.8984 9.846 9.798 8.4751 7.1788 7.1586 6.4688 6.4773 6.4855 6.4933 6.8303 6.8409 6.8506 7.5797 
5.4316 5.4321 5.4327 5.4334 5.4341 5.3588 5.311 5.3112 5.3113 5.3112 5.311 5.3106 5.3099 4.8475 4.8071 4.7566 4.1708 4.071 2.1233 2.133 2.1739 2.1788 2.1857 1.9418 1.9123 1.871 1.8199 1.4875 1.4214 1.3612 2.1361 3.9632 4.1449 7.1222 7.429 11.4778 11.762 18.7737 23.2341 23.8769 23.9903 23.5652 22.1398 21.9475 20.7356 13.9936 13.8324 13.6853 13.5555 13.6688 14.5203 14.5813 14.6367 14.6859 17.0293 15.1881 13.7462 13.3267 13.2561 11.4482 9.9631 9.9133 9.8663 9.8226 8.4976 7.1901 7.1712 6.4686 6.4764 6.4838 6.4909 6.8264 6.8363 6.8454 6.8538 
5.4318 5.4323 5.4329 5.4335 5.3579 5.3585 5.3101 5.3102 5.3102 5.3101 5.3098 5.3094 5.3088 4.8201 4.7808 4.733 4.1329 2.877 2.116 2.1232 2.1607 2.1632 2.1712 1.9058 1.8795 1.8452 1.562 1.4799 1.4279 1.3796 2.1627 3.9967 4.1404 7.0831 7.3322 11.3723 11.6187 18.55 23.1305 23.4358 23.9157 23.509 22.1698 22.0037 20.852 14.01 13.8704 13.7411 13.6246 13.7179 14.3744 14.5767 14.6264 14.6714 14.7114 15.1803 13.7275 13.7599 13.2693 11.4539 10.1612 9.9254 9.883 9.8432 9.8066 7.1996 7.1821 7.1662 6.4757 6.4825 6.489 6.4952 6.8325 6.8411 6.849 