ncols 116 
nrows 99 
xllcorner 159510.505005
yllcorner 383964.743988
cellsize 0.25
nodata_value -9999 
8.7692 8.7729 15.072 19.6461 19.7047 19.7662 18.5089 19.6103 19.5643 21.6115 21.5644 21.5162 21.4673 15.3237 15.3096 11.3018 11.2953 10.8353 10.7936 9.9773 9.904 9.8286 4.8628 4.8031 4.8101 5.9427 5.9678 5.4365 5.0498 5.0493 5.0483 5.0468 5.0446 5.0419 4.976 3.4738 3.2919 3.2613 3.2298 3.1981 3.1667 1.7344 3.3744 3.4432 4.6929 4.7568 6.093 6.1134 6.138 6.1669 6.2002 6.2376 7.3304 7.3523 7.5439 7.5951 8.4129 8.4174 6.6991 10.1266 9.2898 9.3339 16.5013 15.6567 15.821 15.6353 11.5955 11.2941 10.9547 10.6014 10.2623 9.427 8.9991 2.0773 2.0758 2.0742 2.0728 2.0716 2.0705 2.1474 2.1495 2.1513 2.1601 2.161 2.1618 2.1984 2.1994 2.2002 2.3546 2.3559 2.357 2.5873 2.8164 2.818 3.202 3.2046 3.207 3.209 3.2108 3.2124 3.2137 3.2149 3.216 3.2169 3.2176 3.3992 3.3995 3.3998 3.4 3.4216 3.4208 3.42 3.4193 3.4187 3.4181 3.4175 
8.767 8.7708 15.0439 15.1044 19.6807 19.7461 18.5093 18.5319 19.5865 21.6253 21.5746 21.5225 21.4696 14.7468 15.3163 11.3139 11.3076 10.8564 10.8117 10.0007 9.9212 9.8392 9.7556 4.8453 4.8064 5.9305 5.9574 5.4357 5.0537 5.0534 5.0525 5.051 5.0488 5.0459 4.9837 4.9533 3.3007 3.2666 3.2316 3.1963 3.1612 1.7289 2.1227 3.4123 3.9605 4.7259 5.2815 6.0857 6.1113 6.1421 6.1784 6.2201 7.3188 7.3437 7.3711 7.5862 8.4131 8.4186 6.7334 6.6812 9.2703 9.3211 9.3812 15.6021 15.9216 15.7721 11.7911 11.4239 10.9957 10.5433 10.112 9.1764 8.6802 2.0782 2.0762 2.0743 2.0726 2.0711 2.0699 2.1485 2.1508 2.16 2.1612 2.1622 2.1989 2.2 2.2009 2.3549 2.3564 2.3577 2.5879 2.8166 3.1991 3.2025 3.2054 3.208 3.2102 3.2121 3.2138 3.2152 3.2164 3.2175 3.2184 3.3997 3.4 3.4003 3.4006 3.4226 3.4216 3.4207 3.4199 3.4192 3.4185 3.4178 3.4172 3.3503 
8.7646 8.7686 15.0123 15.076 19.6533 19.7228 19.796 18.534 19.6118 19.5566 21.5868 21.5304 21.4729 14.7465 15.3239 15.3072 11.3213 11.8905 10.8328 10.7812 9.9417 9.8523 9.7607 4.8543 4.8021 4.8106 5.9451 5.9764 5.4463 5.0578 5.0572 5.0558 5.0536 5.0505 4.9929 4.9591 3.3112 3.2732 3.2339 3.1942 3.1549 1.7224 1.7342 3.375 3.4619 3.9925 5.261 5.2792 6.079 6.1116 6.151 6.1974 6.2503 7.3322 7.3642 7.5732 8.4129 8.4197 7.6096 6.7197 9.2429 9.301 9.3733 16.6511 15.9061 16.066 15.638 11.6194 11.0658 10.4678 9.9025 8.8347 2.2442 2.0793 2.0766 2.0742 2.0721 2.0704 2.1469 2.15 2.1598 2.1614 2.1626 2.1995 2.2008 2.2019 2.3555 2.3572 2.5858 2.8146 2.817 3.1994 3.2032 3.2065 3.2093 3.2117 3.2137 3.2155 3.217 3.2182 3.2193 3.4002 3.4006 3.4009 3.4012 3.4015 3.4226 3.4216 3.4206 3.4198 3.419 3.4182 3.4175 3.3505 3.3496 3.1916 
8.7618 8.766 8.7705 15.0439 15.1159 19.696 19.7743 18.5359 19.6407 19.5822 21.6014 21.5402 21.4776 14.7457 14.7539 15.3145 11.3367 11.9085 10.8573 10.8015 9.9663 9.8684 9.7678 4.8651 4.7971 4.8061 5.9305 5.9642 5.4458 5.0628 5.0624 5.0612 5.0591 5.0559 5.0515 4.9663 3.4761 3.2812 3.2369 3.1921 3.1477 3.1048 1.7271 3.33 3.4247 3.9668 4.0337 5.2548 5.278 6.0738 6.1163 6.1678 6.2282 7.3167 7.3544 7.3956 8.5562 8.4204 8.4294 6.7721 9.2046 9.2697 9.3567 16.0798 15.8539 16.1861 15.9298 11.9262 11.1895 10.367 9.5979 8.3573 2.2343 2.0805 2.0769 2.0737 2.0712 2.0565 2.1487 2.1594 2.1615 2.1981 2.2003 2.2019 2.3537 2.3562 2.3582 2.5866 2.8147 2.8175 3.1999 3.2042 3.2078 3.2109 3.2135 3.2157 3.2176 3.2191 3.2204 3.4007 3.4012 3.4016 3.402 3.4023 3.4238 3.4226 3.4215 3.4205 3.4195 3.4187 3.4179 3.3508 3.3498 3.1925 3.1902 3.1881 
8.7588 8.7631 8.7679 15.0073 15.0835 19.665 19.7488 18.5373 18.5673 19.6118 21.619 21.5525 21.484 21.4147 14.753 15.3228 11.3541 11.3461 10.8861 10.8256 9.9959 9.8883 9.7774 5.3029 4.8415 4.8008 5.9131 5.9495 5.4447 5.0683 5.0683 5.0675 5.0654 5.0621 5.0574 4.9753 3.485 3.2912 3.2409 3.1898 3.1393 3.0907 1.7185 2.1069 3.3788 3.9346 4.0092 5.2254 5.2485 5.7311 6.0719 6.1288 6.1977 6.2773 7.3401 7.3903 8.548 8.4204 8.4322 7.6354 6.7484 9.2215 9.325 9.4641 15.7307 16.3296 16.5918 12.4304 11.4189 10.2281 9.1325 2.2382 2.087 2.0817 2.0766 2.0726 2.0572 2.1465 2.1586 2.1616 2.1986 2.2014 2.2034 2.3542 2.3572 2.3595 2.5877 2.815 2.8182 3.2007 3.2056 3.2097 3.213 3.2158 3.2182 3.2201 3.2217 3.4014 3.402 3.4025 3.4029 3.4032 3.4034 3.4238 3.4225 3.4213 3.4203 3.4193 3.4184 3.3512 3.35 3.1935 3.1909 3.1886 3.1864 3.1844 
8.7554 8.7599 8.7648 8.7703 15.0463 19.6291 19.7189 19.8141 18.5717 19.6463 19.5743 21.5677 21.4926 21.4163 14.7515 15.3321 15.3109 11.3663 11.9191 10.8542 10.0316 9.9129 9.7901 5.7681 4.8537 4.7945 4.8061 5.9316 5.4428 5.0743 5.075 5.0746 5.0728 5.0695 5.0644 4.9865 3.4959 3.3036 3.246 3.1874 3.1294 3.0739 1.7081 1.7249 3.3223 3.8941 3.9776 5.19 5.2121 5.2427 5.725 6.0771 6.1555 6.2494 7.319 7.3811 8.5364 8.4187 8.4345 7.6927 6.8381 9.1483 9.2664 9.4488 15.2391 16.1661 16.9558 16.2609 11.8719 10.0323 8.2279 2.2232 2.0914 2.0826 2.0753 2.0704 2.0552 2.157 2.1616 2.1993 2.2031 2.2056 2.355 2.3586 2.3613 2.811 2.8156 3.1951 3.2019 3.2075 3.2121 3.2158 3.2188 3.2212 3.2232 3.4022 3.4029 3.4035 3.404 3.4043 3.4046 3.4254 3.4239 3.4224 3.4212 3.42 3.4189 3.3517 3.3503 3.349 3.1918 3.1891 3.1867 3.1844 3.0707 3.0688 
8.7517 8.7563 8.7614 8.7671 15.0034 15.0963 19.6837 19.7865 18.5758 19.6863 19.6094 21.5866 21.5039 21.4195 14.7492 14.7603 15.3199 11.3895 11.9449 10.8885 10.4977 9.9435 9.8067 5.7704 5.2916 4.7871 4.7994 5.91 5.9572 5.46 5.0824 5.0828 5.0815 5.0783 5.0728 5.0007 3.5092 3.4724 3.2528 3.1849 3.1178 3.0537 2.9947 1.7131 3.2527 3.3879 3.9369 4.033 5.1671 5.1965 5.2388 5.7243 6.0963 6.2075 7.2872 7.3655 7.4512 8.5401 8.4351 8.0936 6.9736 9.0414 9.1603 9.3951 14.5496 16.0475 17.5078 17.3406 12.8377 9.754 2.3502 2.203 2.0976 2.0817 2.0716 2.0549 2.1535 2.1226 2.2004 2.2057 2.2089 2.3563 2.3608 2.5848 2.8109 2.8165 3.1958 3.2038 3.2102 3.2153 3.2194 3.2226 3.2251 3.2271 3.404 3.4047 3.4053 3.4057 3.406 3.4275 3.4256 3.4238 3.4223 3.4209 3.4196 3.3523 3.3506 3.3491 3.193 3.1899 3.187 3.1845 3.0706 3.0685 2.8124 2.8123 
8.7475 8.7522 8.7575 8.7635 14.9539 15.0528 19.6422 19.7533 18.5794 18.6208 19.6509 21.6101 21.5188 21.425 14.7458 14.7575 15.3302 11.4161 11.9755 11.9302 10.8433 9.9817 9.8286 9.6717 5.2952 4.8354 4.7913 4.8064 5.935 5.4583 5.0907 5.0922 5.0917 5.0888 5.083 5.019 3.5259 3.4828 3.2618 3.1822 3.1037 3.0293 1.6466 1.6984 1.9708 3.3159 3.8848 3.9931 4.9423 5.1376 5.1789 5.6568 5.7365 6.1439 6.3054 7.3386 7.453 8.5172 8.1144 8.1088 7.3909 6.9849 8.9766 9.2444 8.7605 15.4866 17.9699 19.4457 15.0204 9.3672 2.2754 2.1681 2.1039 2.0741 2.0533 2.1051 2.1228 2.2021 2.21 2.3505 2.3586 2.3642 2.587 2.8113 2.8182 3.1972 3.2067 3.2141 3.2198 3.2242 3.2275 3.2301 3.4054 3.4063 3.407 3.4075 3.4078 3.4081 3.4277 3.4256 3.4237 3.422 3.4205 3.353 3.351 3.3493 3.1944 3.1908 3.1875 3.1846 3.182 3.0681 2.8124 2.8122 2.758 2.7578 
8.7428 8.7476 8.753 8.7593 8.7663 15.002 15.1174 19.7134 19.8422 18.6295 19.7001 19.6023 21.5382 21.4335 14.7413 14.7533 15.3875 12.3271 12.0117 11.9631 10.8844 10.4511 9.8573 9.6798 5.2999 5.2733 4.7815 4.7977 5.9072 5.4419 5.0999 5.1029 5.1038 5.1016 5.0958 5.0857 3.5472 3.4962 3.2739 3.1795 3.0867 2.9992 1.6422 1.636 1.7429 3.2256 3.818 3.9408 4.1322 4.9073 4.9306 5.1608 5.6516 5.7781 6.2481 7.0756 7.4499 8.484 8.1089 8.117 8.1946 7.6394 8.7053 8.853 8.9366 13.9613 17.746 24.2735 18.8707 9.008 2.1206 2.2042 2.0768 2.0444 2.043 2.1202 2.2052 2.2182 2.3518 2.3628 2.3698 2.8002 2.8123 2.821 3.1997 3.2111 3.2197 3.226 3.2306 3.234 3.4071 3.4083 3.4092 3.4098 3.4101 3.4104 3.4306 3.428 3.4256 3.4235 3.4216 3.3539 3.3515 3.3495 3.3477 3.1919 3.1881 3.1848 3.1817 3.0677 2.8124 2.8122 2.8121 2.7579 2.7577 2.5187 
8.7376 8.7424 8.748 8.7544 8.7618 14.9422 15.0663 19.6652 19.806 18.6382 18.6902 19.6533 21.5636 21.4459 21.3262 14.7473 14.7638 15.326 11.4755 12.003 10.9355 10.4922 9.8951 9.6928 5.7579 5.2757 3.7952 4.7869 5.8723 5.9422 5.4709 5.115 5.118 5.1173 5.1118 5.1004 4.9817 3.5138 3.2902 3.1768 3.0655 2.9617 1.6367 1.6292 1.7227 1.9711 3.7326 3.8732 4.0862 4.1156 4.8571 4.8964 5.1495 5.6766 5.8851 7.0186 7.436 8.083 8.0993 8.1276 8.2282 8.291 7.3735 8.0109 8.3056 13.3829 14.145 24.7298 5.2251 2.8732 2.2857 2.0802 1.9973 2.027 2.1027 2.2101 2.2365 2.3561 2.3711 2.3796 2.7982 2.8148 3.1851 3.2043 3.2181 3.2279 3.2348 3.2395 3.4093 3.411 3.4121 3.4128 3.4132 3.5144 3.514 3.4312 3.4281 3.4255 3.4231 3.355 3.3522 3.3498 3.3476 3.1934 3.189 3.185 3.1815 2.8939 2.8157 2.8122 2.812 2.7579 2.7577 2.5904 2.5183 2.3797 
8.7318 8.7365 8.7422 8.7488 8.7566 8.7655 15.0051 19.6067 19.7611 18.6463 18.7071 19.7152 21.5968 21.4639 21.3277 14.7391 14.7563 15.3826 12.3942 12.0519 11.9831 10.5452 10.3656 9.7126 5.7619 5.2792 3.8118 4.7734 4.7152 5.9051 5.4589 5.1285 5.1347 5.1367 5.1323 5.1198 5.0059 3.5373 3.4546 3.1742 3.0388 2.9141 1.6298 1.6204 1.6975 1.7387 3.1944 3.7872 4.0289 4.047 4.0827 4.7794 4.8572 5.5257 5.7837 6.9018 7.2127 8.0888 7.9136 8.0713 8.1369 8.7503 8.5275 6.8832 4.0112 9.1627 2.1776 8.4912 7.4017 2.6482 2.6613 2.1031 1.9786 2.0447 2.1893 2.2924 2.3725 2.3889 2.4919 2.797 2.8206 3.1878 3.2125 3.2293 3.2622 3.2677 3.4124 3.4148 3.4162 3.4171 3.4175 3.5167 3.5161 3.5155 3.4316 3.4282 3.4251 3.3565 3.3531 3.3501 3.3475 3.2588 3.1901 3.1854 3.1813 2.8943 2.8159 2.8155 2.812 2.8118 2.7578 2.7575 2.5901 2.5178 2.3791 2.3736 
8.7254 8.73 8.7356 8.7424 8.7504 8.7598 14.9317 15.0917 19.7051 19.8887 18.7251 19.7906 19.6505 21.4894 21.3332 14.7281 14.7455 15.3815 12.4121 12.1119 12.0372 10.6142 10.4061 9.7418 5.7677 5.2844 5.2419 3.7923 4.6994 5.8571 5.4406 5.1428 5.1541 5.1607 5.159 5.1458 5.0405 3.57 3.4648 3.1714 3.0043 1.6351 1.6209 1.609 1.6177 1.7087 2.0451 3.6791 3.962 3.9611 3.971 4.0091 4.6489 4.8422 5.5988 6.4782 7.182 8.0754 8.0711 7.9355 7.7912 7.8746 7.7525 6.6709 4.6499 4.219 1.9517 1.9851 2.1602 2.4115 2.3934 1.7112 1.8361 2.058 2.4209 2.407 2.4344 2.6636 2.7026 2.8761 3.1947 3.2458 3.2632 3.2738 3.2798 3.4204 3.4225 3.4234 3.521 3.52 3.5191 3.5182 3.5173 3.432 3.428 3.3586 3.3542 3.3505 3.3473 3.2583 3.1915 3.186 3.1811 2.8948 2.8929 2.8156 2.8152 2.8118 2.7579 2.7575 2.7572 2.5897 2.3799 2.3785 2.373 2.1482 
6.23 8.7227 8.7282 8.7349 8.7432 8.753 14.8435 15.017 19.6351 19.8394 18.7436 18.8233 19.7305 21.5255 21.3448 14.7138 14.7303 14.758 12.4309 12.9889 12.1061 11.3866 10.4619 10.2059 5.7762 5.292 5.2415 3.8149 4.6789 4.7102 5.7197 5.486 5.1757 5.1902 5.1945 5.1821 5.1302 3.6169 3.4791 3.1681 2.9585 1.628 1.6091 1.5934 1.6031 1.6708 1.5511 2.5222 2.651 3.8647 3.8338 3.802 3.8089 4.4321 4.9604 6.0715 6.9806 7.9378 8.4342 7.5217 6.6539 6.0265 6.7474 6.2064 4.7963 3.3968 2.4567 1.7681 1.936 2.044 2.1934 1.7806 1.6866 1.9343 2.3801 2.4781 2.5521 2.7196 2.8952 3.2109 3.2547 3.28 3.2931 3.2988 3.4328 3.4337 3.5267 3.525 3.5234 3.522 3.5207 3.4375 3.4321 3.3616 3.3558 3.351 3.2614 3.2575 3.2542 3.1868 3.1809 2.8955 2.8932 2.8159 2.8154 2.8118 2.8461 2.7576 2.7573 2.757 2.5893 2.3793 2.3734 2.3116 2.1481 2.1476 
6.2397 8.7146 8.7198 8.7264 8.7347 8.7449 8.7572 14.925 15.1388 19.7752 18.2715 18.8591 19.8313 17.5404 21.3656 14.6954 14.7094 14.7381 11.8901 12.5336 12.1946 12.0777 10.5395 10.233 5.7887 5.7369 5.2422 3.8446 3.7828 4.6851 5.6441 5.4576 5.1977 5.2256 5.2422 5.2348 5.174 3.6874 3.5001 3.1619 2.8955 1.6191 1.5931 1.5881 1.5823 1.5846 1.4991 1.7289 2.6019 3.7723 3.6987 3.5774 3.3518 3.1508 4.5173 5.5319 6.9221 6.819 7.0846 6.2073 6.034 5.948 6.0543 5.6255 4.9989 3.1421 2.296 1.7572 1.9394 2.1409 2.2096 1.4795 1.5783 1.941 2.1884 2.6684 2.81 2.9159 3.1971 3.2735 3.313 3.3281 3.4526 3.5402 3.5367 3.5334 3.5304 3.5279 3.5257 3.5238 3.4383 3.3659 3.3581 3.267 3.261 3.2562 3.2523 3.2491 3.1808 2.8965 2.8937 2.8163 2.8156 2.8151 2.846 2.8458 2.7573 2.757 2.5897 2.5888 2.3785 2.3119 2.3115 2.1479 2.1474 2.1057 
6.2506 6.2495 8.7104 8.7166 8.7248 8.7352 8.7481 14.8113 15.0463 19.6912 18.251 18.8988 19.9587 17.4703 17.375 21.1436 14.681 14.709 11.8876 12.5745 13.0921 12.1805 10.6493 10.2767 5.807 5.7444 5.2449 5.1694 3.8146 4.6511 5.5414 5.348 5.1167 5.2651 5.306 5.3143 5.2457 3.8373 3.5318 3.1907 2.8043 1.6079 1.5708 1.5601 1.5503 1.4097 1.2627 1.4891 1.8065 2.6138 2.817 3.4462 3.1559 2.7108 3.7455 5.7704 6.8848 6.5404 6.0894 6.0778 5.8916 5.8721 5.7529 5.4855 4.6991 3.1083 2.3237 2.1494 2.2712 2.1671 1.8596 1.5359 1.523 1.7426 2.2833 2.6506 2.9259 3.1847 3.3087 3.3866 3.4857 3.5681 3.5584 3.5498 3.5431 3.5378 3.5336 3.5302 3.5275 3.3963 3.3848 3.268 3.2602 3.2542 3.2494 3.2456 3.1994 2.9812 2.8945 2.8682 2.8161 2.8153 2.8147 2.8457 2.7574 2.757 2.7566 2.5891 2.3795 2.3123 2.3118 2.1484 2.1478 2.1472 2.1054 2.1048 
6.2625 6.2625 6.2606 8.7055 8.7132 8.7235 8.7369 8.754 14.928 19.5808 18.2178 18.4348 19.3334 17.6061 17.4911 21.1456 14.6431 14.6665 14.7243 12.5922 13.1676 12.3213 11.7536 10.3468 5.8342 5.7573 5.2509 5.1558 3.8587 3.7565 4.6557 5.5887 5.0793 5.1983 5.3882 5.4383 5.3741 3.984 3.5798 3.0964 1.5342 1.5942 1.5571 1.5129 1.4969 1.3834 1.2441 1.1832 1.7278 2.1014 2.5848 2.6078 2.672 2.761 3.4249 4.3672 6.1238 6.1099 5.7833 5.9802 6.0147 5.4627 5.2552 4.9834 3.6757 2.8111 2.3166 2.167 2.1729 2.2672 1.5628 1.4005 1.6099 1.8882 1.9711 2.7303 3.1299 3.2902 3.6605 3.681 3.6283 3.5926 3.5707 3.5568 3.5474 3.5407 3.5357 3.4062 3.3892 3.2691 3.2586 3.2507 3.2448 3.2403 3.2369 3.0019 2.9792 2.8693 2.8679 2.8158 2.8149 2.8456 2.8453 2.7571 2.7566 2.7562 2.5884 2.3785 2.3122 2.3116 2.1483 2.1476 2.1469 2.1051 2.1045 2.194 
6.2756 6.2771 6.2766 8.693 8.6999 8.7097 8.7231 8.7411 14.7761 15.1116 19.8034 18.4233 19.4481 17.7844 17.6511 17.446 14.594 14.6052 14.666 12.6225 13.2654 13.2639 11.9271 10.4603 9.8565 5.7795 5.6697 5.1398 4.2093 3.8035 4.5919 4.1891 4.9034 5.1473 5.3721 5.6323 5.6296 4.2684 3.6694 2.9209 1.5348 1.578 1.5305 1.4229 1.5116 1.4431 1.4235 1.1495 1.1952 1.493 1.9412 2.348 2.6023 2.4911 2.1314 3.8363 5.9098 5.9238 5.7971 6.0492 5.8787 5.3154 5.0763 4.8428 3.6782 2.5485 2.0297 2.0431 1.9909 1.7295 1.4148 1.3359 1.5029 1.647 2.0855 2.3209 3.2581 3.9107 4.1504 3.7865 3.6534 3.6001 3.5737 3.5584 3.5485 3.3933 3.3965 3.27 3.2553 3.2448 3.2374 3.2321 2.8978 2.8952 2.9994 2.871 2.8691 2.8676 2.8154 2.8145 2.8451 2.8448 2.7566 2.7561 2.7556 2.5876 2.3127 2.312 2.3114 2.1481 2.1473 2.1467 2.1048 2.1934 2.1939 2.1944 
6.2805 6.2933 6.2948 6.2932 8.6847 8.6933 8.7062 8.7246 14.5804 14.955 19.6637 18.395 18.7207 19.4929 17.6857 17.352 14.5332 14.5177 14.5733 12.117 13.3936 13.4143 12.6872 10.6472 9.8533 5.8175 5.672 5.1213 4.2158 3.8707 4.5064 4.1266 3.9205 4.9093 5.3466 5.7911 6.1274 5.556 3.4803 1.6938 1.5864 1.5705 1.5407 1.2765 1.338 1.5729 1.7199 0.8196 1.032 1.437 1.8757 2.013 2.3819 2.4039 2.4183 2.5847 3.949 5.5787 5.5317 5.2053 5.7599 5.5513 4.7655 4.3927 3.2769 2.6187 1.9831 2.3372 1.6838 1.5802 1.4312 1.3094 1.3307 1.3937 1.4407 2.0376 3.1657 3.4688 3.7681 3.674 3.6093 3.5812 3.2611 3.4069 3.3746 3.27 3.2485 3.2341 3.2247 2.8779 2.8743 2.8945 2.9965 2.8924 2.8711 2.869 2.8162 2.8149 2.845 2.8446 2.8443 2.756 2.7555 2.588 2.3739 2.3126 2.3119 2.3112 2.1479 2.147 2.1052 2.1044 2.1933 2.1938 2.1943 2.1948 
6.2763 6.3032 6.3154 6.3165 6.3128 8.6743 8.6856 8.7035 8.7301 14.7428 19.4653 18.3393 18.7432 19.6797 17.9588 17.5614 10.6952 14.3954 14.4253 12.0929 13.0332 13.6343 13.2825 11.7355 9.8837 5.8835 5.683 5.1003 4.2253 4.1217 3.7689 4.0367 3.8075 4.4782 5.1065 6.1053 6.7047 8.1183 2.3305 1.7173 1.4754 1.5379 1.7272 1.5274 1.6099 1.5808 1.7254 0.766 0.7322 1.052 1.5431 1.9416 2.3431 2.5062 2.6115 2.6486 3.2904 4.158 4.8403 4.692 4.6022 4.5202 4.4865 3.8446 3.0539 2.1734 1.6858 1.735 1.6697 1.9109 1.2126 1.14 1.1158 1.007 1.0278 1.5879 2.0907 3.2601 3.2631 3.2645 3.1235 3.2153 3.3694 3.337 3.2337 2.7843 2.8852 2.8781 2.8732 2.8931 2.6998 2.8032 2.8927 2.8714 2.8687 2.8157 2.899 2.8444 2.844 2.756 2.7553 2.7547 2.6123 2.3735 2.3125 2.3116 2.1486 2.1476 2.1467 2.1047 2.1039 2.1932 2.1938 2.1943 2.1948 2.1851 
6.2689 6.2989 6.3328 6.3434 6.3434 8.6526 8.6608 8.6765 8.7033 14.4545 15.0441 18.0471 18.7487 19.9274 17.7698 17.8862 16.9731 14.2323 14.1885 11.9999 13.1641 13.9713 13.9181 12.1227 9.9846 6.1243 5.7084 5.0769 4.2406 4.1124 4.1001 4.1534 3.8525 3.684 3.2637 8.481 5.0015 2.0426 2.0341 1.5787 1.5303 1.992 2.3158 2.3968 2.7414 2.2162 1.8638 0.7887 0.6637 0.7189 1.1841 1.6696 2.089 2.5593 2.6216 2.5889 3.2888 3.5184 4.0343 4.1937 3.5658 3.4663 3.1123 2.8893 2.7422 1.7508 1.4411 1.3347 1.4731 1.4489 1.172 0.958 0.5515 0.5383 0.9401 1.0248 1.4568 1.9364 3.0927 3.0154 2.7956 2.6037 2.5917 2.7873 2.7766 2.8763 2.8699 2.7077 2.7047 2.803 2.8049 2.8931 2.8717 2.8684 2.8998 2.8444 2.8437 2.8431 2.7552 2.7544 2.6128 2.6117 2.3134 2.3123 2.3114 2.1484 2.1472 2.1463 2.1042 2.1923 2.193 2.1937 2.1943 2.1949 2.1854 2.1862 
6.2573 6.2903 6.3288 6.3726 6.3799 6.377 8.6321 8.6427 8.6668 8.7112 14.7293 17.7795 18.7194 19.4089 20.104 17.6627 17.223 10.6538 13.8138 11.7574 12.8023 14.5117 14.5566 13.3395 10.9023 6.3011 5.8527 5.0091 4.2692 4.0856 3.9251 3.5174 3.7481 3.119 2.7775 3.6044 1.6549 2.3062 1.4286 1.5846 1.5869 1.8289 2.4642 3.1208 3.8987 4.0782 2.2609 0.7162 0.5516 0.6739 0.9482 1.114 1.6551 2.598 2.776 2.911 3.6698 3.6359 3.4109 2.746 3.0268 2.5448 1.839 1.6797 1.8041 1.3414 1.3532 1.3191 1.227 1.2078 1.1879 0.7958 0.6249 0.6751 0.7411 1.0617 1.0743 1.2248 1.7317 2.2152 2.3277 2.5468 2.755 2.7579 2.5963 2.7179 2.7131 2.7089 2.805 2.8074 2.8937 2.8722 2.9018 2.8988 2.8435 2.8427 2.8421 2.754 2.7532 2.6122 2.611 2.3134 2.3121 2.311 2.1481 2.1468 2.1457 2.0589 2.192 2.1929 2.1936 2.1943 2.1847 2.1857 2.1867 2.1875 
6.2403 6.2758 6.3188 6.3698 6.4226 6.4287 6.2635 8.6019 8.6174 8.6601 14.2656 13.5555 18.421 19.567 20.0225 18.201 17.6968 10.9165 10.0637 10.7427 12.6946 14.8899 15.8695 14.1009 11.6708 6.8223 5.8983 4.9979 4.3179 4.0509 3.9473 3.7392 3.0565 3.3446 2.841 1.7363 2.6395 4.1946 3.4188 1.0054 0.9369 0.6026 3.2911 3.5522 4.8491 4.5232 2.6785 1.3185 0.9304 0.6733 0.6463 1.0536 1.5851 1.8149 2.7911 2.6204 2.8982 3.2973 3.0162 1.836 1.8652 1.5501 1.4644 1.4692 1.4396 1.3904 1.3986 1.3733 1.2839 1.166 1.1824 1.1673 0.848 0.7346 0.657 0.6312 1.1059 1.3695 1.5555 2.1032 2.2573 2.5764 2.609 2.6225 2.7292 2.7217 2.8042 2.8081 2.8109 2.8948 2.9062 2.9012 2.8974 2.8424 2.8414 2.8408 2.7526 2.6132 2.6115 2.61 2.3133 2.3118 2.3106 2.1476 2.1463 2.0592 2.0586 2.1918 2.1927 2.1936 2.1943 2.185 2.1861 2.1872 2.1881 2.1888 
6.2163 6.2532 6.3 6.3583 6.4288 6.4919 6.4956 6.2817 8.5534 8.5822 7.7371 13.1043 18.0018 19.7356 20.5449 18.759 17.7055 11.4701 10.0024 9.7353 11.4478 16.0248 18.9246 15.3971 11.3172 8.2752 6.6193 4.6569 4.1212 3.8085 3.8116 3.6176 3.4009 2.6608 2.5318 3.1532 3.4268 4.6204 3.0237 1.9581 4.2952 4.9163 5.1661 5.5414 5.638 5.3483 4.7967 2.7274 2.127 1.4789 0.9323 0.8464 1.4418 1.6968 1.7646 2.3029 2.1868 2.1408 1.949 1.584 1.5073 1.4727 1.5468 1.5657 1.5209 1.6476 1.5971 1.593 1.4401 1.4627 1.3621 1.5386 1.4511 0.9301 0.6381 0.5743 0.659 1.1252 1.7793 2.7104 2.48 2.664 2.6706 2.751 2.7374 2.8083 2.813 2.9413 2.8966 2.9073 2.9006 2.8955 2.8408 2.8396 2.7797 2.7788 2.6125 2.6104 2.4047 2.3132 2.3115 2.3101 2.1471 2.1455 2.0589 2.0582 2.1915 2.1925 2.1935 2.184 2.1854 2.1867 2.1878 2.1887 2.1896 2.1903 
6.1839 6.2201 6.2687 6.333 6.4163 6.5196 6.5965 6.4221 8.4787 8.4657 7.5119 12.341 14.0374 19.6695 21.3761 19.6763 18.9969 12.4179 9.8535 6.957 9.2157 15.6028 26.7201 13.4881 8.6836 7.8204 6.3623 4.948 3.6772 3.216 3.3834 3.4835 3.6244 4.9276 4.0629 3.7812 4.9329 6.1525 6.3681 5.3365 8.3181 8.0446 7.8394 8.2935 8.3896 7.3038 6.7925 5.5803 3.6602 3.3128 1.8849 1.269 1.3327 1.7128 1.8734 1.9573 1.8424 1.7956 1.7024 1.5721 1.5368 1.5584 1.7575 1.8105 1.7694 1.7743 1.7665 1.7893 1.6774 1.5696 1.4685 1.5434 1.6426 1.5304 0.8703 0.6364 0.6547 0.7098 1.3532 1.9792 2.69 2.7592 2.8017 2.8192 2.8168 2.8214 2.9431 2.9313 2.9094 2.8997 2.8407 2.8385 2.8371 2.778 2.777 2.6114 2.6091 2.5491 2.3129 2.311 2.1484 2.1463 2.0723 2.0585 2.1898 2.1911 2.1924 2.1934 2.1844 2.186 2.1873 2.1885 2.1895 2.1904 2.1912 2.7139 
6.2924 6.3456 6.2206 6.2868 6.3805 6.5088 6.6724 6.6825 6.4791 8.3082 7.3119 7.8084 13.1417 15.9845 22.5306 21.8866 20.1283 15.8351 9.1348 6.6443 7.8034 9.8693 13.7076 9.7645 8.24 7.0383 5.7227 4.9349 4.0574 3.0112 2.9918 3.0809 4.1867 5.4946 6.3086 6.1857 6.3555 7.0241 8.2165 9.0712 9.7104 10.5345 10.9155 10.1005 9.8631 9.3521 8.8664 7.2918 6.0155 4.6103 4.2187 2.5083 1.7476 1.8123 2.0787 1.9825 1.7554 1.6947 1.7534 1.7875 1.7994 1.8005 1.8771 2.0721 1.8732 1.7658 1.7869 1.7901 1.7338 1.6894 1.5433 1.4933 1.5436 1.6923 1.5309 0.6594 0.6717 0.6264 0.7315 1.4504 2.3824 2.6089 2.8902 2.8356 2.9377 2.9746 3.0513 3.051 2.8985 2.8379 2.835 2.7775 2.7755 2.6136 2.6099 2.6071 2.3155 2.3126 2.3103 2.1477 2.1453 2.072 2.0581 2.1892 2.1908 2.1922 2.1934 2.185 2.1867 2.1882 2.1894 2.1905 2.1914 2.1922 2.7158 2.72 
6.2013 6.24 6.301 6.2114 6.3062 6.4543 6.6747 6.9633 6.8517 6.4403 6.8966 7.6657 8.1672 14.7363 21.7195 29.2645 19.6711 20.2388 7.3978 6.2732 6.1912 6.2017 6.9306 7.9146 7.3884 6.7406 5.7324 4.7176 4.0737 3.1253 2.7974 3.2108 5.192 6.2248 6.9189 6.9934 8.1824 8.4403 9.1313 10.244 11.0265 12.4724 12.6749 11.8265 11.223 10.8293 10.1586 9.4345 7.575 6.3847 5.5574 5.1645 3.1122 2.6209 2.0628 1.8866 1.7873 1.8143 1.9101 1.9561 1.9614 1.9083 1.9612 1.9162 1.7923 1.6871 1.7456 1.7552 1.7458 1.7499 1.7824 1.5912 1.5183 1.7241 1.766 0.8031 0.6732 0.6794 0.6739 0.8265 1.8401 2.4877 2.7209 2.9765 3.024 3.0648 3.0568 2.9439 2.9053 2.7783 2.7741 2.7718 2.6123 2.6077 2.6044 2.3157 2.3121 2.2017 2.1467 2.0727 2.0587 2.0301 2.1884 2.1903 2.192 2.1834 2.1857 2.1876 2.1892 2.1905 2.1917 2.1926 2.7129 2.7181 3.1525 3.1566 
6.0976 6.1147 6.1489 6.2131 6.3312 6.3171 6.581 7.0323 7.4842 7.1653 5.6531 5.4459 9.8297 13.249 16.6138 34.3174 6.0613 3.9444 4.453 5.2864 5.3637 5.3355 6.3376 6.6046 6.6713 6.1879 5.6852 4.6022 3.6848 2.7556 3.003 3.9487 5.4577 6.3172 6.9297 8.0751 8.7865 9.104 10.078 10.9596 11.3264 11.8254 12.4864 12.3323 12.0853 12.0415 10.9963 10.3673 9.588 8.0771 6.5322 5.8725 5.3337 3.3962 2.2415 1.9184 1.7691 1.8118 1.9121 1.9643 1.9545 1.9076 1.722 1.6977 1.6843 1.6379 1.5322 1.6805 1.6687 1.7208 1.7501 1.7356 1.7111 1.7296 1.582 1.3419 0.9625 1.0366 0.9249 1.4856 1.7259 2.71 3.0646 3.1421 3.1479 2.9945 2.941 2.8705 2.7743 2.7684 2.7658 2.61 2.6041 2.5452 2.3159 2.3114 2.2007 2.074 2.0723 2.0306 2.0295 2.1875 2.1898 2.1917 2.1841 2.1866 2.1887 2.1905 2.1919 2.1931 2.1941 2.7153 2.7105 3.1543 3.1587 3.1626 
5.0639 5.045 5.0225 5.9845 6.0303 6.153 6.2673 6.8298 8.0508 9.4793 5.4127 3.209 7.3821 7.2901 4.6771 11.6253 8.3052 3.1597 3.9441 4.7672 5.1257 5.2529 6.2992 6.5273 6.4452 6.1619 5.8587 4.2114 3.3771 2.7168 3.6887 4.85 5.4345 6.1567 7.153 8.2078 8.8025 9.2268 10.1101 10.7125 11.2759 11.6353 11.8721 12.3746 12.5027 12.2073 12.0671 11.1016 10.4207 9.4154 8.1728 6.578 5.5587 4.7986 3.161 1.8801 1.7796 1.8185 1.8266 1.8752 1.8045 1.7437 1.5347 1.5332 1.4782 1.4355 1.5074 1.487 1.5362 1.5335 1.6138 1.6906 1.8505 1.9145 1.6963 1.7038 1.895 1.5722 1.8539 2.9963 2.9658 3.1166 3.2482 3.1906 3.0771 2.905 2.8572 2.7653 2.7569 2.7551 2.6058 2.5984 2.5416 2.3574 2.2025 2.1993 2.0738 2.0717 2.0301 2.0288 2.1864 2.1892 2.1815 2.185 2.1878 2.1902 2.1921 2.1936 2.1949 2.7011 2.7079 3.151 3.1565 3.1613 3.1654 3.1691 
5.051 5.0255 4.9913 4.9444 4.8798 5.6292 5.6341 5.8346 7.3915 9.2504 4.1231 3.0376 5.5232 4.5865 4.6348 5.7219 5.2925 4.0185 4.4195 5.0223 5.4948 5.5817 5.6326 6.4383 6.4567 6.1971 5.8205 4.5276 3.2994 3.0324 3.9589 4.9646 5.8144 6.6582 7.7479 8.2222 8.6641 9.9332 10.4532 10.4668 11.3071 11.6928 11.9697 12.2864 12.3607 12.2713 12.1603 11.582 11.1027 10.6251 9.8926 8.5326 6.3188 5.1599 4.3762 2.1961 1.9064 1.7755 1.854 1.7303 1.5929 1.5383 1.4309 1.3709 1.3946 1.367 1.3986 1.3629 1.4324 1.4041 1.5914 1.7665 1.807 2.2327 2.5559 2.5143 3.0487 2.9888 3.0281 3.1794 3.4191 3.5104 3.24 3.0823 2.947 2.8509 2.7359 2.7283 2.6124 2.5978 2.3787 2.3591 2.356 2.201 2.0772 2.0735 2.0708 2.0293 2.0278 2.185 2.1885 2.1822 2.1863 2.1895 2.1921 2.1942 2.1958 2.1971 2.704 3.1465 3.1534 3.1593 3.1645 3.1689 3.1727 3.176 
3.8096 3.81 3.8075 3.7978 4.8299 4.6724 4.383 3.5756 3.4735 5.8561 3.5501 3.971 5.4468 5.4557 5.4661 5.6036 5.2894 5.0254 5.0039 5.1753 6.0881 5.488 5.4368 5.3262 5.3735 6.1751 5.0462 4.5846 3.851 4.0412 5.0296 5.4013 5.8128 6.8686 7.7139 8.3577 9.2842 10.4216 10.8957 11.3731 11.7269 11.8965 12.2724 12.0767 12.3795 12.7278 12.4687 12.7498 11.7956 11.1561 10.8156 9.6565 8.397 5.7248 4.884 3.7133 1.7478 1.6074 1.7089 1.6461 1.4797 1.3515 1.3273 1.3745 1.4317 1.5427 1.6498 1.6444 1.8264 1.8306 2.3678 2.4484 2.3104 2.6177 2.8708 3.1513 3.2404 3.3995 3.3749 3.4177 3.5632 3.5798 3.2744 3.0327 2.8836 2.6521 2.6184 2.5967 2.4105 2.3722 2.357 2.3531 2.2337 2.0782 2.073 2.0694 2.0281 2.0263 2.1832 2.1876 2.1834 2.1882 2.1919 2.1947 2.1969 2.1986 2.6982 2.7078 3.149 3.1565 3.163 3.1685 3.1732 3.1772 3.1805 10.5459 
3.8355 3.845 3.8569 3.8716 3.8876 3.8938 3.912 3.5653 2.9278 2.6002 2.3991 3.8114 3.8664 6.1086 5.3251 4.8841 4.9896 5.0162 5.0913 5.0336 4.3223 5.4057 5.379 5.2713 4.9289 4.4214 3.8214 3.8609 3.4469 3.518 4.8692 5.6297 6.0259 6.9111 7.8372 9.2702 10.7036 11.1238 11.6755 11.9279 11.8983 11.7201 11.6939 12.3679 13.1249 13.1515 12.4266 12.7477 11.7756 11.2215 10.8077 10.0326 8.6747 6.3096 5.1307 4.2897 2.4523 1.7261 1.5453 1.5636 1.3675 1.238 1.3387 1.4148 1.5774 1.702 1.9127 1.9952 2.2492 2.621 2.8439 2.9679 3.0341 2.9608 3.0638 3.1684 3.2834 3.3842 3.3281 3.3587 3.2827 3.2863 3.1377 2.8146 2.7649 2.6847 2.5275 2.4196 2.3508 2.1792 2.2436 2.2296 2.0798 2.072 2.0295 2.0261 2.1736 2.1807 2.1779 2.1853 2.1909 2.1951 2.1983 2.2006 2.2023 2.702 3.1424 3.1523 3.1606 3.1677 3.1735 3.1785 3.1826 10.4589 10.5806 10.6889 
3.8584 3.8758 3.9005 3.938 4.0001 4.1162 4.365 4.7103 4.0701 2.8938 2.5598 3.0414 3.6245 4.2901 4.6366 4.5237 4.3964 4.5598 4.7204 4.9057 4.5785 4.3148 4.8036 4.9336 4.0037 3.779 2.6783 2.8265 3.142 3.1556 3.551 5.0936 6.2119 7.0149 9.2304 9.992 11.1105 12.2435 12.452 11.9914 12.0268 11.4647 11.9707 11.7589 14.4515 13.9794 14.0691 13.3611 11.7128 11.366 10.5577 9.8802 9.2038 7.8425 5.5155 4.5974 3.8209 1.9441 1.2612 1.4058 1.2112 1.3766 1.4416 1.4638 1.6731 1.8934 2.1206 2.241 2.4725 3.2378 3.2964 3.1504 3.109 3.0848 3.2476 3.1396 3.2408 3.2375 3.0962 3.0119 3.003 2.9623 2.6755 2.3905 2.5111 2.432 2.5103 2.2235 2.1844 2.1963 2.0741 2.0829 2.0699 2.0273 2.0228 2.1671 2.1774 2.1791 2.1884 2.1951 2.1999 2.2032 2.2055 2.6928 3.1323 3.1458 3.1569 3.1661 3.1737 3.18 3.1851 10.3394 10.4906 10.6245 11.0636 11.1315 
3.8162 3.837 3.8663 3.9103 3.9815 4.1109 4.3925 5.2091 4.589 2.443 2.6434 2.6773 3.0026 3.368 3.6829 3.9717 3.995 4.0503 4.0808 4.2283 4.2129 3.9843 3.7336 3.6572 2.9021 2.1296 1.9137 1.6941 1.903 3.0686 3.4759 4.265 6.5739 8.3517 9.5822 11.0067 12.2073 13.1194 14.4525 12.1563 13.256 12.3606 13.0761 12.8903 13.3351 12.8062 13.0794 12.3419 11.1152 11.4938 10.9037 10.1761 10.1757 8.5456 7.1716 4.9414 4.0774 2.7989 1.5739 1.4666 1.6328 1.7765 1.6927 1.6936 1.7951 1.8152 2.1197 2.3977 2.5613 2.7478 2.9975 3.1097 3.1142 3.0926 3.01 2.9667 2.8527 2.9631 2.9611 2.6602 2.6075 2.4605 2.2406 1.9303 1.7887 2.0374 1.9344 2.1371 2.0979 2.1061 2.0909 2.0649 2.022 2.0163 2.1568 2.1642 2.1817 2.1937 2.2016 2.2068 2.2102 2.2123 2.6981 3.1354 3.1509 3.1634 3.1735 3.1817 3.1882 3.1935 10.364 10.5326 10.6806 11.1079 11.1812 11.0202 
3.7948 3.8081 3.825 3.707 3.7285 3.7368 3.6503 3.0654 2.6535 2.2596 2.2824 2.126 2.3239 2.829 2.8645 3.1573 3.5065 3.4612 3.5152 3.0373 3.2699 3.4613 3.0793 2.6361 1.8352 1.4512 1.4231 1.2918 1.3684 2.2797 4.1384 4.929 6.8162 8.948 10.2936 11.74 12.2164 12.6607 16.0707 14.3612 13.8653 12.0489 10.6783 9.3525 10.1999 11.3148 11.898 12.4905 11.2135 10.8259 10.5417 10.4097 9.7615 8.9208 7.5882 5.7086 3.956 2.4496 1.8082 1.6814 1.9566 1.9203 1.9986 1.9304 1.8139 1.7855 1.7492 2.0539 2.2955 2.394 2.4476 2.8037 2.7148 2.926 2.9042 2.8424 2.5754 2.4168 2.6046 2.5093 2.1345 1.9317 1.7067 1.4266 1.2213 1.2735 1.5887 2.0065 2.207 2.1321 2.049 2.0067 2.0023 2.139 2.1624 2.1874 2.2029 2.2122 2.2175 2.2676 2.2685 3.1179 3.1405 3.1584 3.1725 3.1836 3.1922 3.1989 10.1831 10.3993 10.5882 10.7523 11.1635 11.0254 11.0546 11.0781 
3.736 3.7362 3.6007 3.5862 3.5493 3.3765 3.186 2.8098 2.1568 2.1015 1.9239 1.9091 1.8939 2.1756 2.4745 2.395 2.3583 2.7168 2.4479 2.3957 2.163 2.2703 2.4405 1.6312 1.4255 1.3652 1.3678 1.1243 1.7454 2.2895 4.0924 5.8215 7.2032 9.0144 10.8109 11.6239 11.7937 11.9072 14.66 13.6652 12.2815 9.6562 8.5155 6.8013 7.3221 7.7203 9.3368 11.8849 14.3868 10.4026 10.2397 10.0979 9.9739 9.0262 7.941 5.9214 4.1095 2.8472 1.3508 1.3982 2.0226 2.1137 2.0962 1.8338 1.7283 1.6767 1.4955 1.5598 1.7981 1.9204 2.0667 2.344 2.2173 2.6124 2.6994 2.4067 2.3729 1.8256 1.6772 1.9121 1.9248 1.6393 1.2023 1.2121 0.9266 0.8936 1.0631 1.8451 2.4176 1.9137 1.9468 1.9752 2.0381 2.1618 2.1999 2.2203 2.274 2.2776 2.2787 3.0869 3.1219 3.149 3.1698 3.1856 3.1975 3.2064 3.5104 10.2028 10.4491 10.662 11.1309 11.0261 11.0654 11.0965 11.1209 11.1398 
3.684 3.4246 3.4017 3.3627 3.2962 3.1842 3.0075 2.2622 2.1642 1.9441 1.7666 1.8218 2.0529 1.8113 1.8145 1.93 1.7354 1.6426 1.6733 1.8778 1.4632 1.4345 1.3273 1.4045 1.3918 1.3382 1.437 1.5326 2.0433 2.7188 4.1795 6.2067 7.3174 8.8202 9.99 11.1289 11.6252 13.6447 14.9611 12.1881 9.5815 8.3635 6.2553 4.246 3.8981 6.8637 8.1515 10.6991 11.2236 10.1761 9.9661 9.9275 9.52 8.8735 8.087 6.9583 5.1604 3.0513 1.3132 1.277 2.0621 2.1522 1.9145 1.6005 1.4483 1.2997 1.2763 1.4656 1.501 1.408 1.2813 1.5448 2.1639 2.1542 2.0459 2.0302 1.8043 1.5434 1.1759 1.1882 1.2376 1.1576 0.981 0.6546 0.6485 0.755 1.0598 1.1717 1.7658 1.7764 1.8372 2.0072 2.2048 2.264 2.289 2.2971 2.298 2.6609 3.0861 3.1303 3.1631 3.1872 3.2045 3.5086 3.5159 3.5211 10.236 10.5189 10.7605 11.2106 11.0724 11.1152 11.148 11.1729 10.826 10.824 
3.3852 3.361 3.3252 2.3073 2.3196 2.3418 2.3872 2.4332 2.6018 2.2522 1.9667 1.7607 1.854 1.5133 1.5659 1.6273 1.5918 1.4697 1.3355 1.2174 1.3436 1.2379 1.2644 1.3511 1.4126 1.5124 1.6337 1.5984 1.9951 3.3819 4.125 5.6123 7.6713 8.5319 9.5723 10.8353 11.6831 11.6324 13.1033 12.5933 8.7965 7.1384 5.2206 3.8577 2.8619 4.4906 8.2412 11.2394 12.129 11.857 10.4647 10.1147 9.3404 8.512 7.5359 7.2422 5.8351 3.4843 1.5428 1.1987 1.3981 2.0551 1.8056 1.66 1.2276 1.1598 1.2999 1.4361 1.3907 1.1489 1.108 1.1038 1.4433 1.7799 1.4673 1.5765 1.3112 1.3013 1.1507 0.9708 0.7524 0.7603 0.8006 0.6622 0.6593 0.8114 1.4557 1.5581 1.6884 1.8574 1.9474 2.1435 2.2998 2.3433 2.3436 2.5823 2.9077 3.0901 3.1468 3.1868 3.498 3.5136 3.5242 3.5312 3.5358 10.2881 10.6164 10.7131 11.0699 11.1317 11.178 11.2121 10.8721 10.8705 10.8664 10.8604 
2.3764 2.3804 2.3862 2.3711 2.3806 2.3967 2.4281 2.4688 2.6612 2.3196 2.1684 2.1071 1.871 1.692 1.2958 1.3529 1.5049 1.1381 1.1205 1.1184 1.2188 1.2286 1.3088 1.4245 1.4495 1.6268 1.6664 1.5021 1.8276 2.66 4.899 5.7172 7.1608 8.6949 9.6218 10.3322 11.3321 11.1998 11.7332 12.3406 10.3913 6.0259 4.4729 5.7222 3.6206 5.0975 7.5841 10.4684 13.2408 12.6261 11.0104 10.125 9.5881 8.4993 7.3598 6.3279 5.3162 3.6875 1.6882 1.2955 1.8091 2.1861 1.823 1.6538 1.2902 1.2219 1.3208 1.4458 1.5114 1.3761 1.1046 1.1412 0.8426 0.9777 1.1738 0.9238 1.0121 0.9981 1.1069 1.2362 0.8438 0.545 0.8215 0.6946 0.9169 1.1471 1.3424 1.9621 2.0055 2.0677 2.092 2.3806 2.5456 2.5154 2.6135 2.9171 2.9724 3.4514 3.4941 3.5211 3.5377 3.5477 3.5533 3.5562 10.5468 10.5978 11.0449 11.1399 11.2091 11.2586 10.9291 10.9287 10.9241 10.9168 10.9076 12.8883 
8.6643 8.6052 8.5184 8.3855 8.172 7.6789 6.93 5.6915 2.2664 2.0483 2.1723 2.1218 1.8001 1.4996 1.2775 1.285 1.261 1.0375 1.0295 1.0682 1.2419 1.2129 1.2623 1.3284 1.3776 1.6888 1.5724 1.4466 2.1997 2.5625 4.0768 5.4487 7.1588 8.1724 9.4068 10.0533 10.819 11.2698 11.5943 10.8717 11.0506 7.8737 5.1184 5.6459 6.5755 5.9045 8.5228 10.7798 12.8043 12.4956 11.5379 10.4429 9.1175 8.4775 7.1516 6.0178 4.8206 2.7327 2.1495 1.4532 1.922 2.1251 1.8384 1.5538 1.2645 1.2399 1.2764 1.538 1.5641 1.5778 1.4198 0.8823 0.4284 0.4949 0.6663 0.7143 0.9063 0.877 1.3584 1.3704 1.0647 0.938 1.0538 1.0485 1.1217 1.4233 1.6839 2.0281 2.1943 2.3196 2.3825 2.5301 2.6821 2.7311 2.9508 3.3881 3.4793 3.5327 3.5622 3.5772 3.5839 3.5858 10.0673 10.5947 10.5584 10.7493 11.2352 11.3122 11.0005 11.0031 10.9986 10.9895 10.9774 10.9636 12.9324 12.7899 
8.9188 8.9264 8.935 8.9435 8.9486 8.9351 8.8368 8.1424 6.1083 2.3051 2.3732 2.2721 1.8535 1.4681 1.342 1.319 1.1505 1.0697 1.0114 1.0187 0.9962 1.1075 1.1717 1.2195 1.2479 1.6315 1.5512 1.4539 1.4542 2.9743 4.4989 5.1628 6.6472 7.7133 8.8545 9.5728 10.3111 11.5456 13.1649 13.243 12.2656 10.4823 9.4004 7.967 8.0439 8.0196 11.6555 11.7652 12.8991 13.7887 11.8376 10.4214 9.2653 8.0197 6.4668 5.5602 4.6187 2.6898 1.7258 1.0911 1.2395 1.6961 1.8122 1.5271 1.2226 1.242 1.3121 1.5656 1.6696 1.6178 1.4869 1.0148 0.5354 0.5163 0.5662 0.8017 1.2492 1.35 1.5553 1.5194 1.127 1.3897 1.5891 1.5764 1.7304 1.9009 2.1551 2.4126 2.4199 2.3648 2.6226 2.7696 2.8919 3.0883 3.4386 3.5513 3.6113 3.637 3.6436 3.8635 3.8612 10.1056 10.6519 10.8621 10.8467 11.3684 11.0899 11.1004 11.0975 11.0863 11.0701 11.0511 11.3459 12.8482 12.8011 13.2333 
9.206 9.2828 9.3937 9.4109 9.6248 9.9648 10.5166 11.1406 10.5594 9.0749 4.6356 2.0856 1.8275 1.6276 1.2416 1.0529 1.041 1.0168 0.8365 0.922 0.8727 0.9254 0.9176 0.9852 1.0261 1.1921 1.38 1.3291 1.2111 1.6981 4.0892 5.2924 5.9395 7.1366 7.9272 9.2678 9.824 10.4929 11.8526 12.6783 13.4007 11.7285 12.2865 11.2727 9.5246 10.7493 12.476 9.8579 11.0676 12.6418 11.0403 10.1781 9.1751 7.0833 6.2354 5.0048 3.4845 2.4154 0.9901 0.7382 0.7848 1.4685 1.6827 1.5656 1.3836 1.3142 1.429 1.8482 1.9251 1.6438 1.28 1.4171 1.4355 0.9887 0.9346 1.1093 1.6 1.6274 1.8867 1.9577 1.6984 1.8568 1.9951 2.0869 2.0305 2.2743 2.5295 2.6363 2.7509 2.7987 2.6972 2.9951 3.3923 3.531 3.8422 3.8961 3.9355 3.9311 4.0051 3.9907 9.9154 10.5635 10.9165 10.9887 11.1976 11.2298 11.2338 11.2208 11.1984 11.171 11.1415 10.9799 12.865 13.2859 13.2344 13.1906 
9.1713 9.2498 9.3614 9.5276 9.7268 10.0701 10.7409 12.2475 14.3838 13.1402 2.1928 1.997 1.9991 1.9062 1.0569 0.9679 1.1048 0.7419 0.6872 0.6388 0.6611 0.684 0.7717 0.7825 0.905 1.0147 1.2417 1.2675 1.118 1.4824 1.9876 4.7809 5.9502 6.9622 8.0031 8.9887 9.7869 10.2339 11.0145 12.9812 12.37 14.0718 12.6795 10.1533 10.5754 10.3551 10.6293 10.7422 10.7262 10.634 10.4131 9.7098 8.8865 7.3024 5.7931 4.8685 3.6027 1.8328 0.8515 0.7521 0.9184 1.5545 1.6869 1.6323 1.5181 1.389 1.5755 1.8396 1.9345 1.8214 1.6347 1.6289 1.6775 1.587 1.4402 1.5805 1.7361 1.9472 2.3359 1.9698 1.9999 2.3055 2.2946 2.2723 2.5312 2.507 2.7124 2.8674 3.0069 3.018 3.1553 3.3732 3.597 3.929 4.0567 4.1131 4.1076 4.0465 3.9761 3.9411 10.4357 11.0025 11.2043 11.3989 11.4279 11.4174 11.3857 11.3441 10.8834 10.8045 11.023 12.8808 13.2898 13.2318 13.1831 14.1933 
8.9924 9.0245 9.0695 9.1349 9.2333 9.3855 9.5411 9.572 8.8552 4.9948 2.5894 2.0824 2.0891 2.1618 1.2806 1.7924 1.8465 0.9975 0.5021 0.4879 0.5086 0.5303 0.5659 0.7105 0.8582 1.1736 1.3997 1.3626 1.3982 1.6203 1.8656 2.7456 5.0568 6.5272 8.1241 8.4783 9.1182 10.2796 10.7892 11.2406 13.157 13.8668 11.7405 10.5687 10.4026 10.402 10.7057 10.7688 10.6313 10.3943 9.9952 9.0963 8.1406 6.987 5.4728 4.4154 2.8913 1.6196 0.9004 0.9013 1.0196 1.3422 1.6555 1.6797 1.5331 1.6271 1.7073 2.0228 2.154 2.1724 1.9174 1.9205 1.8521 1.8303 1.9898 2.2003 2.2564 2.4879 2.6066 2.5946 2.6775 2.6463 2.6493 2.7923 2.7699 2.8404 2.9696 3.2143 3.0751 3.1368 3.2134 3.58 3.7934 4.0363 4.2233 4.2439 4.1437 4.0146 3.9558 10.2432 11.1419 11.3184 11.7067 11.7211 11.6791 11.6121 11.1068 10.9899 11.1829 11.0692 12.8939 13.2885 13.2231 13.1694 21.9685 21.995 
8.7969 8.7735 8.7361 8.6722 8.5407 8.2206 7.5592 6.079 2.6381 2.6706 2.5917 2.3887 2.1937 2.0545 1.9298 2.0127 2.008 1.3787 0.757 0.4093 0.4665 0.5031 0.4668 0.6769 1.0155 1.1311 1.2318 1.3493 1.3559 1.5022 2.3188 2.417 3.0828 5.395 6.8076 8.0899 8.4401 9.1209 10.5946 10.8865 11.4607 11.811 11.451 11.1813 10.8917 10.824 10.6941 10.5723 10.3527 10.0521 9.2951 9.0177 7.1421 5.709 5.2269 3.6837 2.6673 1.6133 1.0894 1.1264 1.3022 1.4767 1.6605 1.674 1.6383 1.8338 1.9644 2.1684 2.465 2.409 2.2199 2.137 2.2381 2.2874 2.2905 2.6273 2.962 3.0748 2.7632 2.8892 2.9608 3.0816 3.0435 3.0019 3.0351 3.1336 3.1505 3.2282 3.2407 3.1188 3.2551 3.4081 3.7812 4.0263 4.3417 4.2409 4.0623 3.8678 9.768 11.0694 11.6754 12.2052 12.1777 11.6294 11.4687 11.2803 11.1218 11.2568 11.8619 12.9011 13.2787 13.2053 14.1935 21.9225 21.9576 21.9898 
8.6318 8.5235 8.3661 8.1297 7.7619 7.1722 2.582 2.6094 2.5766 2.647 2.5754 2.3529 2.1896 2.0679 1.9438 1.8307 1.5646 1.2265 0.8724 0.5659 0.4796 0.5725 0.6388 0.7839 0.7801 0.9055 0.971 1.0786 1.0955 1.0377 1.1774 2.1004 2.7394 3.6402 5.3017 6.3558 7.8225 8.7864 9.617 10.3938 10.674 10.9639 11.1573 11.072 11.3498 10.9964 10.3938 9.9706 9.8865 9.0816 8.6963 7.757 6.6108 5.2266 4.1319 3.4214 2.5441 1.4387 1.2656 1.3547 1.4229 1.6552 1.8103 1.8864 1.9064 2.0066 2.2373 2.2958 2.372 2.3356 2.5323 2.643 2.5406 2.6565 2.8981 3.0155 3.2205 3.5049 3.6208 3.1704 3.2393 3.3097 3.3797 3.3595 3.3072 3.4608 3.4687 3.3273 3.2846 3.2076 3.2575 3.3705 3.7079 3.8889 3.8216 3.8314 3.672 3.4509 10.9455 12.2382 12.3763 12.3646 12.0796 11.7936 11.5122 11.5635 11.3367 11.886 12.8964 13.2544 13.1728 14.9945 21.8639 21.9113 17.5741 17.6566 
2.5615 2.5614 2.5612 2.5611 2.5983 2.5954 2.5902 2.576 2.5354 2.622 2.7199 2.4938 2.3497 2.1398 1.9018 1.7471 1.3989 1.0394 0.7787 0.6703 0.5699 0.8309 0.8766 0.6153 0.3961 0.3622 0.684 0.8157 0.9027 0.7773 0.3361 1.2865 2.0193 2.4824 3.7445 5.2295 5.6568 7.6386 8.9102 9.5088 9.6912 9.7097 10.8032 10.4228 10.3052 10.0433 10.2879 9.6439 8.6934 8.462 7.7537 6.2206 5.8892 4.5128 3.7374 2.7384 2.1107 1.5346 1.3293 1.3977 1.7025 1.8088 1.9246 2.0514 2.1757 2.2572 2.3132 2.4108 2.6091 2.654 2.7409 2.8113 2.9113 3.0933 3.1601 3.5479 3.6253 3.7154 3.8464 3.8136 3.537 3.4854 3.4843 3.487 3.5839 3.623 3.5111 3.5269 3.267 3.2046 3.2312 3.4144 3.4833 3.4967 3.4877 3.3656 3.1619 9.6336 12.2336 13.2835 13.3722 12.8443 12.2919 11.8331 11.7183 11.4144 11.8889 13.325 13.2052 14.9907 14.8914 21.7888 17.5062 17.6204 17.7118 17.785 
2.2458 2.2505 2.2564 2.264 2.2739 2.5862 2.579 2.5702 2.5774 2.6455 2.7255 2.6098 2.4885 2.3328 1.5922 0.7634 0.8741 1.044 0.8944 0.8948 0.826 1.0956 1.1205 0.7889 0.2442 0.2078 0.2713 0.4865 0.7437 0.7363 0.6171 0.916 1.4144 2.0031 3.1285 4.4388 4.7754 5.4698 7.0942 8.1413 8.9846 8.804 8.9891 9.8489 9.6288 9.4504 9.2924 8.5272 8.064 7.6473 7.2684 5.8287 4.612 3.9602 2.8617 2.3648 1.774 1.3899 1.4507 1.647 1.7858 1.9158 2.1089 2.0892 2.2642 2.4225 2.5159 2.6349 2.7666 2.9419 2.9804 3.1038 3.3486 3.4365 3.7186 3.7287 3.947 4.0569 3.9215 3.8527 3.7178 3.5989 3.617 3.6769 3.8361 3.6657 3.3987 3.2938 3.1749 3.1129 3.1443 3.2099 3.366 3.421 3.2778 3.2719 2.8807 10.3177 14.6139 15.5691 14.4115 13.1393 12.5302 11.88 11.4644 11.842 13.2415 14.0252 14.837 14.7414 17.3913 17.5577 17.6873 17.788 17.8661 17.9267 
2.2202 2.2192 2.2173 2.2141 2.2086 2.1998 2.2145 2.2161 2.2403 2.1966 2.5957 2.5655 2.3425 1.6215 1.2283 0.9116 0.8358 0.6534 0.8348 1.131 1.263 1.2561 1.1544 1.1192 0.4813 0.2067 0.2305 0.3453 0.4005 0.656 0.6844 0.6379 1.2189 1.8328 2.3526 3.0334 4.2863 4.6209 4.9646 5.9365 7.5349 8.0491 7.7981 7.7252 8.7752 8.462 7.5335 7.8288 6.8205 6.2863 6.2973 4.935 3.9133 3.1077 2.3345 1.8462 1.3318 1.2755 1.3244 1.7297 1.8482 2.0677 2.136 2.2686 2.3794 2.5125 2.7502 2.8482 2.9837 3.0883 3.3127 3.5064 3.6482 3.9123 4.0079 4.0581 4.2455 4.1215 4.0601 3.8029 3.7101 3.5856 3.6853 3.8906 3.649 3.4492 3.0381 2.8216 2.7725 2.8972 2.8018 2.8217 2.6784 2.8863 2.9439 3.2401 2.481 11.9011 21.2955 18.631 14.8167 13.0131 11.9634 12.0547 11.6789 13.0648 13.7673 14.5999 8.4019 17.4431 17.6383 17.7847 17.8941 17.9757 18.0361 25.5913 
1.7729 1.77 1.7653 1.425 1.4335 1.4462 1.471 1.5378 1.7826 1.8608 1.2171 1.7999 1.7168 1.3934 1.162 1.0514 0.8062 0.6165 0.6516 1.1198 1.323 1.418 1.1838 1.1577 1.0093 0.7154 0.4509 0.4033 0.391 0.5087 0.6894 0.6954 0.7379 1.1463 2.1766 2.5227 3.1411 3.8954 4.1629 4.5478 5.0408 6.6286 7.1351 6.5056 6.6547 7.0513 7.055 6.1478 5.9369 4.9081 4.214 3.2213 3.0972 2.5024 1.726 1.3427 1.2302 1.1671 1.162 1.5092 2.0201 2.0757 2.2983 2.401 2.5103 2.6292 2.7219 2.9464 3.1359 3.2007 3.3873 3.6885 4.0267 4.129 4.1086 4.0475 3.8569 3.976 3.9327 3.6819 3.608 3.3879 3.2105 3.0693 2.8304 3.1113 2.564 2.3282 2.062 2.0508 2.3889 2.1794 2.4357 2.5697 2.3788 2.211 2.0555 12.0865 36.8804 18.4334 13.0969 11.5605 11.5653 11.2469 13.4772 13.3324 8.3651 15.2973 17.5362 17.7649 17.9281 18.0438 18.1252 25.5167 25.6479 25.7538 
1.4166 1.4146 1.1044 1.112 1.1222 1.136 1.1542 1.1708 1.1336 0.8547 0.6493 0.8331 1.3043 1.3551 1.1702 1.0086 1.0369 0.8113 0.8799 0.9725 1.2455 1.3898 1.4254 1.2732 1.0441 0.913 0.6478 0.3859 0.3027 0.4537 0.5688 0.69 0.7153 0.8853 1.0031 2.1078 2.414 2.7301 3.5254 3.7299 4.7015 4.2999 5.0325 5.7842 5.8382 5.3266 5.2435 5.2811 4.5995 3.2454 3.0821 2.7453 1.8063 1.8318 1.4276 1.1105 1.1432 1.1869 1.2539 1.4304 1.8105 2.2735 2.4037 2.4979 2.6444 2.6683 2.6668 2.8669 3.0936 3.0508 3.2881 3.6347 3.9379 3.743 3.8364 3.8532 3.7582 3.7694 3.5086 3.3047 3.2373 3.1009 2.5996 2.2881 2.3038 1.8285 1.4375 1.7381 1.5631 1.5564 1.6755 2.1864 2.3575 2.3621 1.6953 1.7345 2.0482 4.2595 9.3089 8.6237 8.951 10.0118 10.9175 6.5948 8.2643 8.4353 15.3921 17.6997 17.9653 18.593 19.5609 19.5951 25.58 25.7299 25.8475 25.9392 
1.0782 1.0788 1.0788 1.0777 1.0742 1.0652 1.044 0.9938 0.8812 0.654 0.6805 0.7876 1.4692 1.7039 1.4013 1.0872 1.0 0.9611 0.9871 1.0407 1.1579 1.2518 1.2661 1.2648 1.0578 0.8793 0.7099 0.2814 0.128 0.4034 0.501 0.5877 0.6714 0.7728 0.987 1.2301 1.5309 2.1955 2.5719 3.1612 3.7685 3.8766 3.612 3.7614 4.1878 4.3584 3.7157 3.2904 1.9124 2.3589 1.5717 1.5504 1.4639 1.2702 1.187 1.1674 1.2296 1.2416 1.288 1.3755 1.7647 1.945 2.1553 2.3795 2.6475 2.6848 2.7524 2.8537 2.9319 3.1366 3.2853 3.2878 2.9914 3.1785 3.3887 3.05 2.9534 3.2313 3.021 2.7888 2.3067 2.2904 1.6064 1.5528 1.5138 1.086 1.1003 1.1696 1.3908 1.5137 1.637 1.6707 1.9044 1.7029 1.4021 1.7051 2.6128 2.582 3.2599 4.1105 4.604 4.9295 6.6066 8.368 8.5908 17.9169 18.3354 18.6025 19.6143 19.679 19.712 25.6801 25.8507 25.9796 30.0965 30.1667 
1.137 1.133 1.1269 1.1175 1.1025 1.0779 1.0371 0.7732 0.7722 0.6698 0.7139 0.9323 1.9872 1.8499 1.3406 1.0071 0.9589 0.9106 1.0239 1.0723 1.0644 1.104 1.1327 1.0706 0.9549 0.7445 0.5406 0.3057 0.2885 0.3711 0.4972 0.612 0.708 0.8589 0.9509 1.1937 1.4368 1.6964 1.8759 2.1998 2.7757 2.9843 2.9927 2.6218 2.6303 2.1068 2.4996 2.1921 1.6378 1.3123 1.2223 1.1774 1.1732 1.1387 1.1714 1.2536 1.2675 1.2841 1.3141 1.411 1.4432 1.6911 1.8213 1.9186 2.2305 2.212 2.4447 2.687 2.7837 2.9494 2.9491 2.867 2.7211 2.5919 2.7184 2.6793 2.1437 1.7709 2.0732 1.7182 1.4286 1.2754 1.2176 0.9001 0.8006 0.8936 0.916 1.0335 1.1941 1.4769 1.5811 1.5029 1.4294 1.4902 1.7088 1.9091 2.5551 3.1656 3.7713 4.5629 5.2225 7.9782 8.6588 10.8952 17.812 18.4766 19.6455 19.7949 19.863 25.5768 25.8408 26.0323 30.1211 30.2176 30.2878 30.3383 
1.0624 1.0564 0.7505 0.7532 0.7574 0.8637 0.8776 0.877 0.8835 0.9029 0.9087 1.1112 1.739 1.5701 1.2821 1.0695 0.7998 0.7801 0.9989 1.0715 1.0118 1.0465 1.0421 0.9728 0.8749 0.6879 0.5148 0.4861 0.3744 0.4311 0.5802 0.693 0.7887 0.9471 0.9625 1.066 1.3011 1.3665 1.258 1.5624 1.8892 1.7923 2.0811 1.9534 1.6284 1.4041 1.4098 1.5084 1.4263 1.1342 1.1327 1.1442 1.1537 1.2341 1.266 1.2758 1.3014 1.3154 1.3152 1.3208 1.3576 1.325 1.7006 1.7887 1.7845 1.8476 2.0633 2.274 2.2303 2.2853 2.4205 2.2667 2.2332 1.937 1.9081 1.5331 1.5543 1.2962 0.9166 1.1648 1.0363 0.8924 0.8314 0.7425 0.7141 0.7451 0.8575 0.9314 1.1354 1.2684 1.5757 1.5288 1.3575 1.363 1.9072 2.4296 2.8392 3.2618 4.1832 6.1162 6.7658 9.4666 10.39 17.5531 19.4448 19.9347 20.1239 24.7407 25.8008 29.9561 30.1599 30.2999 30.3948 30.4583 30.4995 30.5251 
0.6867 0.6881 0.6902 0.6933 0.6983 0.8137 0.8239 0.8448 0.8857 0.981 1.0599 1.0662 1.4298 1.1156 1.0964 1.1008 0.7261 0.9812 1.1898 1.2318 1.0817 1.144 1.1274 1.0149 0.8711 0.7671 0.6278 0.5839 0.5526 0.6028 0.703 0.9829 1.0915 1.1347 1.0957 1.1828 1.1632 1.2763 1.308 1.2542 1.3359 1.3561 1.0674 1.1649 1.1557 1.1458 1.0931 1.1649 1.2363 1.1689 1.2015 1.226 1.2367 1.2655 1.2707 1.2774 1.3039 1.3154 1.3142 1.2837 1.2735 1.2926 1.3371 1.6114 1.5898 1.571 1.7209 1.7618 1.9404 1.7554 1.6655 1.6184 1.6494 1.5453 1.2152 1.0631 1.0076 0.8912 0.8373 0.7621 0.7357 0.711 0.6898 0.6467 0.6284 0.6318 0.6939 0.8187 1.0219 1.2892 1.2753 1.1396 1.1376 1.4576 2.2793 2.617 2.9846 4.0774 5.2013 6.7682 8.916 11.7872 16.8364 19.6813 20.6538 25.0033 25.1887 29.8917 30.2301 30.4461 30.5796 30.6586 30.702 35.623 35.6467 35.6609 
0.6812 0.6813 0.6814 0.6817 0.7645 0.7626 0.7604 0.7588 0.7645 0.8191 0.8983 0.6783 0.681 0.8974 1.0938 1.0684 1.0687 1.228 0.8962 1.0863 1.1316 1.1492 1.1561 1.1419 0.9536 0.837 0.7684 0.7956 0.8141 0.8739 1.0234 1.1572 1.2114 1.2777 1.2902 1.2788 1.3291 1.3275 1.3772 1.4318 1.2197 1.0439 0.9989 1.0375 1.0877 1.0867 1.1156 1.1968 1.2045 1.2126 1.2154 1.2381 1.2444 1.2635 1.2721 1.2762 1.2837 1.3107 1.3089 1.2819 1.2733 1.2719 1.2712 1.2884 1.4258 1.439 1.2348 1.4905 1.3793 1.4524 1.3317 1.1381 1.1874 1.0125 0.9038 0.8842 0.8007 0.7913 0.7435 0.7399 0.662 0.5924 0.5688 0.5536 0.5369 0.4664 0.53 0.8054 0.9936 1.1331 1.0551 1.0083 1.1646 1.4122 2.1719 2.8393 3.1127 4.6016 5.7118 9.313 10.7429 12.5981 20.9023 26.4244 29.2872 29.3687 30.3943 30.742 30.9348 35.5257 35.7047 35.75 35.7729 35.782 35.7828 35.7783 
0.6547 0.6531 0.6509 0.6478 0.6431 0.6355 0.6222 0.6755 0.604 0.4827 0.4943 0.413 0.3856 0.4597 1.0032 1.0844 1.1081 0.9144 0.7981 1.0647 1.141 1.1991 1.165 1.1477 1.126 1.0213 0.9797 0.9749 1.0102 1.179 1.2679 1.3069 1.3532 1.4001 1.4548 1.4838 1.4838 1.4468 1.5223 1.493 1.4069 1.2081 1.0866 1.0922 1.0997 1.0867 1.1053 1.1982 1.2129 1.2158 1.228 1.2399 1.2444 1.2597 1.2709 1.2794 1.3056 1.3142 1.2845 1.2742 1.2728 1.2719 1.267 1.2405 1.252 1.2533 1.2246 1.2186 1.1217 1.1795 1.067 0.9877 0.8903 0.8839 0.7983 0.7848 0.7542 0.7002 0.6691 0.627 0.5547 0.5338 0.4846 0.4414 0.4327 0.4076 0.4033 0.522 0.8847 1.0033 0.9719 1.0223 1.17 1.552 2.3019 2.8983 3.7811 4.8366 10.4997 12.3559 14.814 22.0085 39.3836 32.4107 31.3554 35.1665 35.5563 35.7464 35.9561 36.0005 36.0069 35.9948 35.974 35.9496 35.9241 35.8989 
0.6457 0.6422 0.6374 0.6308 0.6214 0.509 0.3826 0.3884 0.3968 0.4105 0.3586 0.234 0.2021 0.4152 0.9434 1.0661 1.0953 1.1331 1.0631 1.1481 1.2516 1.261 1.3623 1.1945 1.1698 1.2552 1.2533 1.2628 1.3226 1.2894 1.4104 1.4255 1.4712 1.5917 1.5616 1.5525 1.6188 1.6631 1.5791 1.4581 1.178 1.1368 1.1084 1.1719 1.1066 1.0867 1.1244 1.176 1.2018 1.2221 1.2356 1.2386 1.2423 1.2546 1.2732 1.2714 1.2678 1.2782 1.2717 1.2575 1.2687 1.2377 1.1945 1.2195 1.1709 1.1206 1.1228 1.1011 1.098 1.0246 0.945 0.8828 0.8171 0.7794 0.7345 0.6856 0.62 0.578 0.5586 0.4885 0.4679 0.4024 0.4026 0.3366 0.2539 0.2786 0.3663 0.3501 0.5226 0.9132 0.978 1.0808 1.2388 2.1259 2.5033 3.1855 4.1334 8.2978 14.3574 16.3555 21.9419 32.7245 32.6365 32.2184 35.7641 36.3371 36.6152 36.5946 36.5108 36.4164 36.3276 36.2483 36.1789 36.1182 37.5274 37.3655 
0.5547 0.5517 0.4371 0.4372 0.4372 0.4373 0.3835 0.3899 0.3984 0.3991 0.2917 0.221 0.2782 0.4995 0.7032 1.0112 1.023 1.0147 1.0967 1.0865 1.3069 1.4214 1.4975 1.5272 1.3622 1.4839 1.4792 1.5768 1.6282 1.4549 1.4973 1.5941 1.617 1.6519 1.7066 1.6834 1.7578 1.7201 1.7571 1.5294 1.194 1.1025 1.1018 1.1119 1.1041 1.0867 1.1136 1.1488 1.2096 1.2321 1.2379 1.238 1.2447 1.2648 1.2723 1.2349 1.1697 1.2 1.2139 1.1924 1.1749 1.1707 1.1521 1.1388 1.1097 1.0879 1.0256 1.0123 0.9896 0.9483 0.8687 0.7718 0.7395 0.6842 0.6363 0.5295 0.5203 0.4302 0.4179 0.4454 0.3951 0.2493 0.2577 0.219 0.1026 0.1806 0.2384 0.3447 0.4871 0.6714 0.9607 1.0687 1.2194 1.5518 3.0392 3.9852 6.7616 11.8303 15.7726 19.4079 21.6457 32.7234 33.727 38.3359 40.3844 40.4116 37.8718 37.408 41.0811 41.0401 41.0092 40.9848 39.51 39.2657 39.0737 38.9256 
0.5277 0.5267 0.5255 0.5238 0.4967 0.4964 0.4963 0.4968 0.4757 0.4797 0.4433 0.3265 0.3352 0.4236 0.5737 0.7537 0.923 0.9109 0.9417 1.0573 1.5221 1.5816 1.5927 1.7085 1.6962 1.5693 1.6622 1.6729 1.674 1.6727 1.6212 1.7283 1.7163 1.732 1.8253 1.815 1.7601 1.7803 1.721 1.3898 1.2182 1.1031 1.0888 1.0877 1.0903 1.088 1.0874 1.1446 1.2078 1.2276 1.228 1.2283 1.2299 1.2665 1.2238 1.1725 1.163 1.1619 1.1598 1.1375 1.1351 1.1606 1.0995 1.0842 1.0361 0.9831 0.9593 0.9139 0.904 0.8547 0.7697 0.7237 0.6275 0.6199 0.4923 0.4434 0.3139 0.3367 0.316 0.293 0.241 0.2279 0.2169 0.2215 0.2272 0.3121 0.0845 0.2803 0.5366 0.7001 0.8874 1.0743 1.1944 1.4835 3.0306 5.6554 10.8974 12.3289 16.4253 21.2477 28.6897 33.9803 36.0017 41.3582 42.705 41.3677 40.9761 40.6689 40.4894 40.3703 38.3493 37.9618 37.6591 37.4294 37.2589 37.1345 
0.5328 0.533 0.5332 0.5335 0.5606 0.5601 0.5592 0.5569 0.5309 0.5344 0.5616 0.5309 0.3933 0.4148 0.5826 0.6915 0.7234 0.8846 1.0399 1.1115 1.4454 1.661 1.775 1.782 1.76 1.743 1.7875 1.7522 1.704 1.7073 1.7885 1.8155 1.7794 1.7736 1.8045 1.8068 1.7997 1.673 1.4658 1.1772 1.1153 1.0452 1.063 1.0853 1.0984 1.08 1.0962 1.1053 1.1266 1.1537 1.1675 1.143 1.1558 1.1987 1.1659 1.1471 1.1081 1.1518 1.1197 1.0564 1.0514 1.0464 1.0248 0.9843 0.907 0.8809 0.7766 0.7846 0.8201 0.7252 0.676 0.5866 0.5419 0.4877 0.3879 0.3332 0.2473 0.1769 0.137 0.1703 0.1885 0.2024 0.2207 0.2906 0.3148 0.2494 0.1935 0.3954 0.503 0.6491 0.774 1.0241 1.2484 1.8515 3.4333 5.9515 11.613 14.2824 16.4849 24.9371 32.5613 35.0382 37.8434 40.0382 42.2233 41.626 41.2143 40.7997 40.6046 39.0127 38.5008 38.1133 37.8351 37.6435 36.9266 36.8396 
0.6183 0.6187 0.6463 0.6454 0.6441 0.6422 0.6395 0.6357 0.6307 0.5931 0.5806 0.5195 0.481 0.4132 0.5431 0.6615 0.6531 0.7094 1.0174 1.104 1.1556 1.5231 1.7206 1.8087 1.8438 1.8028 1.8043 1.8016 1.8011 1.8203 1.9548 1.8567 1.8154 1.8141 1.8055 1.7685 1.648 1.2324 1.1652 1.1182 1.0115 0.9911 0.9978 1.0602 1.0578 1.0687 1.0856 1.0999 1.1064 1.1237 1.1248 1.1256 1.1245 1.1264 1.1243 1.0783 1.0534 1.0317 1.0507 1.0167 0.9594 0.945 0.9412 0.8257 0.759 0.707 0.7098 0.6664 0.6376 0.6143 0.5457 0.4934 0.4538 0.3726 0.3068 0.232 0.1843 0.1382 0.1233 0.176 0.3073 0.2901 0.4713 0.4944 0.2884 0.2512 0.229 0.4027 0.555 0.587 0.6878 0.8755 1.2756 1.7127 3.9471 7.1538 10.8311 17.3499 22.7598 32.1964 35.6517 37.7641 39.0683 40.9387 41.239 41.261 41.1022 39.7456 38.9355 38.2617 37.768 37.4396 37.2382 37.1255 37.0712 37.0543 
0.6524 0.653 0.6539 0.6551 0.6569 0.6598 0.6643 0.6719 0.6842 0.6986 0.6506 0.5276 0.5112 0.5351 0.4868 0.5917 0.6699 0.7453 0.8328 1.0707 1.1987 1.3235 1.6402 1.8534 1.8213 1.8903 1.8602 1.884 1.9034 1.9189 1.9087 1.8757 1.8805 1.8458 1.7948 1.6821 1.4276 1.1819 1.0894 1.0169 1.0013 0.9875 0.9841 0.996 1.0225 1.0131 1.0561 1.0967 1.1125 1.1244 1.1244 1.0891 1.0946 1.1438 1.0298 1.0109 0.9944 0.9482 0.9335 0.8571 0.8611 0.8698 0.7873 0.7292 0.6941 0.6375 0.5864 0.5833 0.541 0.4541 0.4681 0.4309 0.3509 0.3257 0.2538 0.182 0.1941 0.2417 0.2736 0.3294 0.4748 0.5614 0.6069 0.5367 0.3943 0.344 0.3402 0.5074 0.5867 0.651 0.6955 0.9049 1.4146 2.4615 3.1174 6.068 13.8732 26.5583 31.2257 35.3931 39.2209 39.9936 42.2884 43.2662 41.9991 41.6941 39.7173 38.6621 37.7436 37.0987 36.7238 36.5467 36.4929 36.5087 36.5608 36.6296 
0.6571 0.6588 0.6611 0.6643 0.7312 0.7355 0.7636 0.7653 0.7671 0.7568 0.728 0.6458 0.6191 0.6361 0.5487 0.5573 0.6332 0.7414 0.8341 1.0404 1.1845 1.2628 1.4467 1.5055 1.4308 1.8072 1.8736 1.7668 1.8688 1.8893 1.7928 1.8012 1.7494 1.7667 1.6039 1.3506 1.2636 1.1178 1.0197 1.0127 1.0101 0.9903 0.9841 0.9841 0.9844 0.995 0.9868 1.0565 1.1213 1.1114 1.071 1.0249 1.0166 1.0342 1.0102 0.9104 0.8972 0.9019 0.8195 0.7808 0.7542 0.736 0.6841 0.6383 0.5385 0.5374 0.4222 0.4059 0.3624 0.3402 0.2735 0.3371 0.3345 0.3162 0.2874 0.2546 0.2389 0.2987 0.4998 0.519 0.6134 0.6808 0.6147 0.5122 0.5188 0.5253 0.5289 0.5221 0.7654 1.0006 1.4998 1.4418 1.8895 3.2415 4.478 6.4638 19.1749 33.8733 35.4 38.3397 40.6114 41.0518 41.8133 42.0944 41.8833 39.6552 38.1552 36.765 35.8282 35.4035 35.3312 35.4393 35.6191 35.8157 36.0052 36.1784 
0.8944 0.8943 0.958 0.9536 0.9476 0.8133 0.8135 0.814 0.8167 0.8313 0.8429 0.6908 0.6642 0.6165 0.5843 0.5631 0.57 0.6394 0.7392 1.0091 1.1522 1.2114 1.2301 1.3012 1.3421 1.4809 1.642 1.3641 1.5427 1.7739 1.432 1.371 1.4978 1.4611 1.2888 1.1607 1.0205 0.9988 0.9947 0.9352 0.9497 0.9664 0.9732 0.9841 0.9841 0.9842 0.9924 0.9873 1.0384 1.0282 1.0111 0.9651 0.9535 1.0009 0.9563 0.9044 0.8124 0.7932 0.7782 0.7055 0.6787 0.6028 0.4533 0.2962 0.3298 0.2882 0.2844 0.2651 0.2399 0.2786 0.2807 0.3562 0.3883 0.359 0.3605 0.4043 0.468 0.6531 0.5744 0.517 0.5136 0.5516 0.4797 0.4033 0.4414 0.6094 0.7154 0.8699 0.9526 2.1443 2.7234 2.6327 2.7178 5.0635 8.8167 16.1494 33.7575 37.8121 40.9551 41.4567 42.4651 41.6975 41.6969 41.8004 39.7103 37.9086 35.3554 33.6801 33.042 33.1879 33.6622 34.1942 34.6799 35.094 35.4392 35.7257 
1.0884 1.0865 1.084 1.0806 1.076 0.9615 0.9567 0.9491 0.9368 0.848 0.8826 0.8705 0.7298 0.6555 0.632 0.5886 0.5787 0.6136 0.8632 1.0584 1.1166 1.1416 1.1678 1.152 1.3073 1.4311 1.4162 1.3404 1.3005 1.3594 1.3154 1.2128 1.1716 1.1258 1.0892 0.9964 0.9057 0.9025 0.9184 0.9095 0.9049 0.8809 0.9101 0.9834 0.9702 0.9522 0.9824 0.9423 0.9018 0.9437 0.9482 0.9029 0.8888 0.8737 0.901 0.8709 0.7788 0.6793 0.6451 0.5402 0.5358 0.4255 0.3106 0.2042 0.1305 0.1804 0.1811 0.1808 0.231 0.2897 0.3345 0.4003 0.4393 0.4666 0.483 0.5191 0.8184 0.7796 0.6204 0.5055 0.4557 0.4147 0.4087 0.4457 0.5636 0.8627 1.1161 1.6029 3.6872 3.414 3.8083 5.5247 5.5 6.2227 15.5084 25.0778 37.6927 41.5367 42.6832 42.5041 41.8725 42.0159 42.2077 37.6136 33.5822 34.8299 29.2269 28.2751 28.3221 28.9379 29.6323 30.223 30.6842 31.0359 31.304 31.51 
1.1004 1.1012 1.1023 1.1039 1.1065 1.1105 1.1323 1.1326 1.1313 1.1177 1.0317 0.8948 0.7659 0.7362 0.6701 0.5818 0.5397 0.9791 1.0422 1.0603 1.0146 1.0652 1.0953 1.0615 1.0919 1.3041 1.3179 1.2428 1.1797 1.1838 1.2113 1.0877 0.9873 0.9041 0.9404 0.9019 0.9022 0.8993 0.8826 0.866 0.8983 0.8807 0.8788 0.8972 0.883 0.8919 0.9095 0.882 0.8747 0.8799 0.8861 0.868 0.7951 0.7828 0.7146 0.7234 0.6583 0.4738 0.4184 0.2901 0.221 0.2568 0.1916 0.1328 0.0872 0.109 0.1441 0.1893 0.2705 0.313 0.3917 0.4421 0.5704 0.5898 0.7559 0.8717 0.8869 0.6306 0.5629 0.4561 0.3581 0.3913 0.4161 0.4932 0.8627 1.4412 1.6104 3.6652 4.7316 5.9526 6.5869 6.8415 7.1328 12.2081 32.3687 37.0858 42.0453 44.7194 43.153 42.8092 42.6485 36.4303 33.7621 30.5017 29.8106 28.546 26.9566 26.2517 26.6687 27.5897 28.5221 29.2964 29.901 30.3666 30.7264 31.0073 
1.1122 1.1155 1.1201 1.1461 1.152 1.1608 1.1749 1.1989 1.2424 1.3067 1.3832 1.0851 0.8033 0.8482 0.896 0.6628 0.4465 1.0966 1.1492 1.0706 0.979 0.9281 0.9556 1.0051 0.9576 0.9673 1.1069 1.0217 1.0043 0.9996 0.9885 0.8808 0.9202 0.8869 0.8986 0.864 0.8455 0.8602 0.8224 0.7964 0.8455 0.8989 0.8717 0.8721 0.8721 0.8719 0.8715 0.871 0.8708 0.8667 0.7627 0.7179 0.741 0.6517 0.5169 0.3871 0.4383 0.2422 0.2052 0.1956 0.1198 0.1274 0.1364 0.1286 0.0826 0.1075 0.1808 0.2558 0.3286 0.3765 0.5394 0.6084 0.7093 0.8274 0.8804 0.8416 0.678 0.628 0.427 0.2101 0.2118 0.325 0.5083 0.7101 1.2319 1.649 3.2067 4.0031 6.2132 7.681 7.5727 8.082 9.6148 19.0874 36.1651 42.012 43.83 44.0498 43.7814 38.8164 34.2679 28.4092 25.6712 24.5622 26.0809 26.7413 26.2834 25.9015 26.2181 27.0116 27.8838 28.6621 29.3042 29.82 30.2321 30.5627 
1.1232 1.1482 1.1533 1.4449 1.4493 1.4564 1.4677 1.5155 1.5145 1.5027 1.4713 1.4205 1.0091 1.0073 1.3548 1.4915 1.1616 1.1853 1.1715 1.0915 0.9613 0.8504 0.8125 0.8167 0.8719 0.8687 0.8557 0.8972 0.8431 0.854 0.8286 0.798 0.8711 0.8662 0.8354 0.8027 0.796 0.7929 0.7938 0.7869 0.7978 0.828 0.8153 0.8473 0.8638 0.8636 0.8687 0.8564 0.7486 0.7207 0.6392 0.5025 0.3989 0.3105 0.32 0.2706 0.1492 0.1572 0.1535 0.1445 0.1583 0.1779 0.1837 0.259 0.2773 0.286 0.3203 0.3668 0.4096 0.5601 0.7241 0.8139 0.8343 0.9137 0.987 0.7159 0.6455 0.5747 0.3083 0.1857 0.2432 0.3565 0.4602 0.8369 1.5595 2.8423 4.0791 6.7853 9.738 9.7247 10.0095 11.7362 20.2741 31.2702 41.596 44.8392 44.9624 43.9004 43.9357 34.8257 25.6641 16.8365 14.3905 18.233 22.6261 25.224 26.0791 26.1565 26.3675 26.8696 27.586 28.2688 28.8768 29.3936 29.8244 30.1814 
1.8038 1.8039 1.8046 2.1526 2.1372 2.1164 1.8316 1.8102 1.7792 1.7452 1.817 2.2267 1.7466 1.9029 1.8206 1.6629 1.4887 1.2627 1.173 1.0622 1.0252 0.8606 0.7243 0.6992 0.7266 0.7741 0.7713 0.7521 0.7504 0.7706 0.7606 0.7481 0.7819 0.7984 0.759 0.7534 0.778 0.7917 0.7682 0.7921 0.7685 0.7915 0.784 0.7449 0.7663 0.7609 0.6499 0.56 0.5924 0.5201 0.428 0.3272 0.2587 0.1841 0.1306 0.1182 0.093 0.1065 0.1161 0.1462 0.2026 0.3011 0.3057 0.3287 0.3764 0.4224 0.4071 0.4583 0.5843 0.6713 0.773 0.9583 0.9668 0.8034 0.8035 0.6547 0.6112 0.3818 0.2036 0.246 0.3475 0.4392 0.9471 1.9737 2.7246 3.2959 6.7671 8.5507 9.8938 11.0603 11.8234 25.9372 35.19 37.9955 41.331 42.3736 43.7277 44.2082 37.5646 30.4832 19.4616 10.0595 9.641 14.5979 19.9495 23.7539 25.4591 26.1278 26.4946 26.8835 27.3829 27.8911 28.5709 29.0654 29.4942 29.8609 
2.3623 2.3561 2.1927 2.1887 2.1845 2.1806 2.1786 2.1824 2.204 2.2745 2.3545 2.447 2.2501 2.1324 1.8333 1.691 1.5403 1.2825 1.2127 1.0904 0.962 0.8875 0.7442 0.6736 0.6473 0.6792 0.7306 0.7394 0.7392 0.7334 0.7243 0.7116 0.7203 0.6883 0.716 0.6912 0.7214 0.7418 0.6964 0.6979 0.6874 0.6798 0.7281 0.6857 0.6191 0.5353 0.4567 0.4521 0.3241 0.2989 0.2711 0.1925 0.1576 0.0806 0.0918 0.1119 0.1426 0.1795 0.1882 0.3051 0.3442 0.4154 0.4244 0.4623 0.5055 0.5246 0.5805 0.6007 0.7352 0.5502 0.6798 0.7709 0.8329 0.8843 0.8186 0.807 0.6899 0.3918 0.2615 0.3815 0.5425 0.817 1.0259 4.6387 5.0439 6.1238 9.0736 8.7977 9.4229 11.1771 20.7983 39.9053 40.5155 41.0646 41.8376 41.6558 41.9981 43.9476 35.6199 28.5636 19.4655 12.542 11.5665 15.1403 19.2873 22.8302 24.8168 25.7919 26.4055 26.8813 27.3 27.7652 28.2033 28.8094 29.2277 29.5942 
2.4736 2.4737 2.4744 2.4759 2.7527 2.7536 2.757 2.6378 2.6676 2.8147 2.7727 2.8375 2.4002 2.1814 1.8224 1.6319 1.5456 1.3644 1.2054 1.1379 1.0122 0.8707 0.7382 0.6588 0.6364 0.6312 0.6713 0.7138 0.6912 0.69 0.6297 0.6336 0.6331 0.65 0.6572 0.6796 0.6822 0.6836 0.6703 0.5951 0.5955 0.5323 0.5359 0.5706 0.4345 0.3804 0.3592 0.2717 0.279 0.145 0.1349 0.0921 0.1592 0.1772 0.0896 0.1573 0.2195 0.2868 0.3773 0.4222 0.488 0.5394 0.5624 0.5561 0.6508 0.6757 0.6483 0.7779 0.6065 0.3778 0.3988 0.5991 0.7152 0.8703 0.965 0.8687 0.8105 0.4183 0.3338 0.3982 0.9064 2.3501 3.8364 5.6154 6.3812 6.4598 7.8062 8.4066 14.2308 28.5233 35.337 38.5248 40.822 40.5691 40.7358 41.2582 41.4711 37.3909 34.7946 28.9993 22.4816 17.8373 15.6828 17.5822 20.3276 22.7637 24.523 25.5903 26.2345 26.7979 27.2727 27.6606 28.0795 28.4615 29.0118 29.3737 
2.7818 2.7862 2.7922 2.8008 2.813 2.8307 2.8563 3.0267 3.0247 3.0055 2.9399 2.802 2.5151 2.1995 2.0334 1.6376 1.4792 1.3876 1.2529 1.1025 1.0387 0.8972 0.7171 0.6087 0.5892 0.6162 0.6266 0.6263 0.6217 0.5831 0.6253 0.618 0.6048 0.6459 0.5957 0.6325 0.6741 0.6502 0.5712 0.4916 0.4637 0.4069 0.3226 0.2575 0.3463 0.3167 0.2692 0.1763 0.187 0.1705 0.1651 0.1851 0.2321 0.2665 0.2892 0.2696 0.3586 0.4573 0.4909 0.5676 0.5901 0.6397 0.7606 0.7202 0.7738 0.8054 0.8445 0.942 0.6601 0.2887 0.4032 0.5402 0.8221 0.8845 0.9101 0.8883 0.8609 0.5682 0.5813 0.6693 1.5081 2.6455 5.0334 6.3783 7.0523 4.6911 7.0448 13.1032 22.4614 29.9613 29.3101 27.8399 32.7829 35.2237 40.3606 40.2528 41.158 36.6062 34.6262 30.3247 25.7344 22.418 19.8974 20.1601 21.7063 23.3093 24.5353 25.61 26.372 26.7213 27.2167 27.6473 27.9842 28.354 28.6876 29.1927 
2.8062 2.815 2.8266 2.8422 3.082 3.0874 3.0953 3.1074 3.0859 3.1263 3.1749 2.9288 2.4594 2.3263 2.0861 1.8752 1.498 1.3671 1.319 1.1957 0.9999 0.8914 0.7784 0.584 0.5619 0.5453 0.5426 0.5723 0.5183 0.5044 0.5166 0.5486 0.5188 0.53 0.3964 0.4814 0.5673 0.4068 0.3949 0.396 0.3226 0.2802 0.1703 0.137 0.1234 0.198 0.1782 0.0984 0.2166 0.2415 0.2665 0.2886 0.3965 0.3681 0.3742 0.572 0.5223 0.5452 0.7057 0.691 0.8222 0.8249 0.8793 0.9643 0.9332 0.9477 0.9916 0.9402 0.3415 0.1791 0.4454 0.6637 0.8761 0.8662 0.8981 0.8953 0.7891 0.6031 0.627 1.4577 2.5503 4.2997 5.5568 7.2786 8.5465 9.316 14.291 27.0417 32.4622 30.119 11.6003 14.2311 24.6802 31.2405 33.727 34.949 41.9161 36.0622 33.4757 31.5837 28.3414 25.892 22.8505 22.8259 23.1041 24.0969 25.0193 25.7205 26.426 26.9866 27.1905 27.6157 27.9924 28.2759 28.5994 28.891 
3.0732 3.0756 3.0786 3.0825 3.0878 3.0954 3.1067 3.1247 3.156 3.1912 3.2822 3.1655 2.5621 2.3876 2.1083 1.9239 1.7544 1.4091 1.2992 1.2113 1.0389 0.8769 0.779 0.5855 0.5353 0.5173 0.5022 0.4688 0.4665 0.4533 0.4052 0.3801 0.4198 0.334 0.328 0.2208 0.232 0.3255 0.2655 0.2129 0.2377 0.1856 0.21 0.1532 0.0908 0.1568 0.1785 0.1894 0.2632 0.3228 0.396 0.4261 0.4928 0.5358 0.6316 0.7021 0.7781 0.7933 0.8041 0.9384 1.1378 1.1142 1.0443 1.1208 1.189 1.2307 1.1439 0.9668 0.3831 0.31 0.4904 0.7845 0.7811 0.799 0.8705 0.8961 0.8883 0.8931 1.7042 1.8011 2.8977 4.7303 5.8708 5.5802 9.7225 17.6188 15.7847 26.0398 27.4354 23.9986 18.2454 17.9444 23.1439 28.9074 31.8195 33.3144 34.2153 30.6837 33.6751 32.57 30.2275 28.2441 25.1255 24.6889 24.8604 24.9299 25.5541 26.1247 26.5731 27.086 27.5246 27.6157 27.978 28.3034 28.538 28.8203 
2.9404 2.9448 2.9593 2.9653 2.9733 2.9844 3.0001 3.0239 3.0463 3.0749 3.0723 2.889 2.6329 2.2454 2.0343 1.8683 1.7361 1.539 1.3412 1.2647 1.0649 0.9024 0.6713 0.5441 0.4632 0.4111 0.4279 0.4 0.38 0.3904 0.3829 0.2878 0.2478 0.2422 0.1556 0.0892 0.1096 0.1843 0.1946 0.201 0.2649 0.2416 0.3241 0.2725 0.255 0.1863 0.2769 0.3268 0.4255 0.42 0.4877 0.5999 0.6232 0.7395 0.8115 0.9394 1.029 0.9278 1.0481 1.0615 1.1854 1.4333 1.4178 1.2888 1.3905 1.3936 1.4732 1.3441 0.6868 0.4559 0.4822 0.6603 0.7354 0.7635 0.8646 0.8686 0.9717 1.4198 1.9329 1.8201 3.3776 6.9086 14.5925 11.2432 14.3859 13.3109 15.9171 21.4233 23.749 23.2159 23.0351 21.6206 24.1148 27.5283 30.7994 32.3727 33.2528 28.9301 28.9418 27.8299 31.5622 30.0363 26.8358 26.2463 26.0653 26.2251 26.1229 26.5367 26.9234 27.237 27.6345 27.9898 27.9913 28.3003 28.5809 28.7728 
2.9271 2.9288 2.8666 2.8698 2.8738 2.8789 2.9566 2.9605 2.9613 2.9501 2.8629 2.6373 2.4457 2.0791 1.94 1.7692 1.6101 1.5297 1.3709 1.2159 1.1569 0.8654 0.5329 0.4292 0.3346 0.3263 0.3109 0.2971 0.2923 0.2889 0.2459 0.1827 0.1804 0.1484 0.0885 0.1517 0.1729 0.18 0.3019 0.2945 0.2796 0.3086 0.4685 0.3832 0.4284 0.5222 0.4269 0.4155 0.5443 0.657 0.5947 0.7134 0.8591 0.9195 1.0277 1.0864 1.1556 1.2949 1.2431 1.3867 1.5207 1.5221 1.6468 1.6335 1.5022 1.5158 1.5387 1.291 0.9436 0.6248 0.6106 0.6149 0.7127 0.7432 0.8049 0.8652 1.1945 1.7363 2.3499 5.5246 5.9492 4.2515 23.07 18.9689 16.0023 12.6615 15.7555 21.0743 21.835 21.3645 24.9846 24.0312 23.9941 26.5595 30.485 31.8067 32.7543 28.4667 28.6309 27.8407 26.9802 31.3228 28.1001 27.4912 27.1599 27.0627 27.1448 26.966 27.2602 27.4253 27.7757 28.0962 28.3904 28.3201 28.5849 28.8276 
2.848 2.8471 2.8457 2.8435 2.84 2.8341 2.8242 2.8071 2.7016 2.6751 2.5466 2.4772 2.2553 2.0291 1.7743 1.6669 1.546 1.369 1.27 1.0876 1.0272 0.933 0.5522 0.3469 0.2896 0.259 0.1015 0.0829 0.2068 0.2089 0.1108 0.1713 0.2345 0.1477 0.1326 0.2863 0.2353 0.2163 0.448 0.3225 0.2197 0.2442 0.2979 0.1867 0.3373 0.6383 0.7532 0.6113 0.608 0.8409 0.9146 1.0028 1.0429 1.033 1.158 1.2763 1.3545 1.448 1.5661 1.6692 1.6696 1.7959 1.8059 1.8003 1.576 1.5438 1.3985 1.31 0.9402 0.8066 0.6369 0.5706 0.6855 0.7076 0.795 0.9732 1.7374 2.5042 7.1302 7.3014 7.9971 9.9869 15.5083 16.5844 15.625 16.6227 15.4854 20.5693 22.0781 20.8467 25.9244 25.2977 25.0945 27.2175 29.4666 31.5736 32.396 28.1336 27.6164 27.8622 27.229 26.6242 29.0511 28.4646 28.0828 27.8734 27.8064 27.8673 27.6033 27.8261 27.9392 28.2232 28.4884 28.736 28.967 28.8359 
2.8343 2.8308 2.8259 2.819 2.8092 2.7946 2.5977 2.5344 2.5325 2.4639 2.4841 2.4537 2.1664 1.9351 1.7993 1.5762 1.437 1.3263 1.1873 1.0367 0.9441 0.8556 0.6924 0.4323 0.2992 0.3108 0.1897 0.1351 0.175 0.1938 0.2503 0.3277 0.3896 0.38 0.3727 0.3965 0.2696 0.2439 0.2704 0.2267 0.188 0.1976 0.1488 0.1217 0.1319 0.3844 0.6404 0.7383 0.832 0.9492 1.1856 1.2664 1.3425 1.3075 1.2653 1.6188 1.7221 1.6993 1.89 1.9147 1.8331 1.8693 1.7792 1.7504 1.6811 1.5667 1.5397 1.294 0.9399 0.9323 0.8708 0.7421 0.674 0.6929 0.7891 0.9813 2.5649 7.917 8.0351 8.4306 9.2748 12.0243 14.2657 15.0504 14.9554 17.236 16.6335 15.9891 21.503 20.5206 20.292 26.029 25.8178 25.8089 28.1127 30.6176 32.218 32.7727 27.554 27.8642 27.4106 26.948 24.1397 29.2334 28.8396 28.5824 28.4374 28.3374 28.4317 28.1092 28.2862 28.3646 28.6008 28.8245 29.0355 29.2342 
2.7707 2.608 2.6043 2.5993 2.5925 2.4076 2.413 2.421 2.4343 2.4602 2.5222 2.4667 2.2299 1.8805 1.7122 1.5773 1.4953 1.3048 1.2012 1.065 0.9433 0.7542 0.6208 0.5356 0.3349 0.2222 0.1177 0.1078 0.1651 0.2893 0.4087 0.4486 0.4516 0.4666 0.4762 0.2768 0.3051 0.3063 0.2695 0.2579 0.259 0.2814 0.1129 0.2485 0.1592 0.1978 0.3134 0.7484 0.861 1.0575 1.3107 1.5066 1.604 1.56 1.6297 1.9728 1.8526 1.858 1.8449 1.8631 1.8397 1.8249 1.8093 1.7324 1.7114 1.6497 1.5506 1.2844 1.2403 0.9494 0.9008 0.8678 0.7513 0.6833 0.871 1.2195 8.3589 8.4482 8.6752 9.1156 11.3176 12.3357 13.8506 14.3293 14.4475 17.5287 16.9972 20.7273 21.213 20.3217 20.2367 20.0714 26.3066 26.2482 26.2884 30.7341 31.1971 32.634 27.515 27.1239 27.5462 27.1849 24.3977 24.2012 29.4622 29.1848 29.0014 28.8951 28.813 28.8899 28.5246 28.5147 28.7231 28.9234 29.1146 29.2965 
2.4707 2.471 2.4713 2.4716 2.4007 2.4034 2.4069 2.4116 2.4179 2.4254 2.3982 2.2907 2.1186 2.0239 1.7607 1.5741 1.4362 1.3104 1.1874 1.0921 1.0095 0.8522 0.626 0.444 0.4102 0.2516 0.1187 0.151 0.1776 0.2261 0.4314 0.4948 0.4666 0.3476 0.2372 0.1896 0.2612 0.3236 0.3273 0.3559 0.3987 0.3331 0.3627 0.3927 0.3977 0.3185 0.2983 0.3155 0.5428 1.1267 1.5823 1.6481 1.7275 1.6776 1.7758 1.8658 1.8368 1.878 1.8692 1.8362 1.8323 1.867 1.8571 1.7823 1.713 1.6641 1.5573 1.3698 1.247 0.9558 0.9183 0.8897 0.7578 0.6771 0.8768 1.1633 8.7043 8.8496 9.1067 9.5112 11.7152 12.4198 13.6445 13.9521 14.0929 16.4244 17.2117 20.9939 21.07 16.3371 20.1792 20.0985 26.6504 26.5776 26.5753 28.4086 31.2438 32.466 27.4994 27.2014 26.8395 27.378 24.576 24.4266 24.3097 29.6962 29.4929 29.3568 29.2763 29.207 29.2721 28.8737 28.8514 29.0295 29.2017 29.3672 
2.4558 2.4562 2.4566 2.4571 2.4576 2.4582 2.4586 2.4587 2.4575 2.4516 2.3759 2.2755 2.1748 2.0568 1.8668 1.5844 1.4022 1.2791 1.1479 1.0817 0.9875 0.8633 0.674 0.4799 0.4914 0.4883 0.325 0.2385 0.2895 0.405 0.4393 0.5042 0.3299 0.1915 0.1776 0.2047 0.2435 0.4339 0.3284 0.4207 0.4866 0.5874 0.523 0.4868 0.5501 0.5334 0.3816 0.4029 0.6524 0.8588 1.5579 1.6985 1.6892 1.739 1.7997 1.8017 1.7888 1.882 1.8704 1.8553 1.8222 1.8643 1.862 1.8439 1.7757 1.6714 1.655 1.3757 1.3393 1.0782 0.9283 0.9043 0.8863 0.7611 1.1019 1.1722 8.9773 9.1426 9.3914 11.4935 11.9279 12.4366 13.5195 13.73 13.8538 13.8944 17.3294 17.0617 21.1278 16.2931 21.4835 20.0982 20.0438 26.8283 26.8056 26.8237 31.3186 31.5993 27.503 27.2681 26.9826 27.5213 24.7033 24.5927 24.4996 24.432 29.9198 29.7663 29.6625 29.6004 29.5406 29.5972 29.1721 29.14 29.2942 29.444 
2.548 2.5479 2.5476 2.5472 2.5467 2.4567 2.4567 2.4563 2.4552 2.4132 2.3864 2.4198 2.2984 2.1425 1.8755 1.6461 1.3703 1.2333 1.1965 1.0427 0.9372 0.8223 0.8241 0.7516 0.546 0.5394 0.5239 0.4876 0.6439 0.5852 0.4678 0.4284 0.2123 0.168 0.1769 0.1803 0.3298 0.8545 0.7039 0.6759 0.6768 0.6676 0.688 0.6238 0.6338 0.663 0.4856 0.4092 0.5852 0.852 1.2793 1.5475 1.6864 1.7486 1.7834 1.8164 1.8658 1.8801 1.8711 1.9253 1.8139 1.8621 1.8604 1.8454 1.7789 1.7617 1.6623 1.3786 1.3491 1.0834 0.9339 0.9141 0.8981 0.7645 1.1176 2.0355 9.1878 9.3531 9.5786 11.7061 12.0487 12.4308 13.4348 13.5864 13.6887 13.7389 16.2029 17.1636 21.2521 16.2627 16.1851 21.4214 20.0618 24.9283 26.9911 26.9911 29.0964 31.6368 26.5693 27.3295 27.0987 26.8461 27.4738 24.7182 24.6464 24.5902 24.5531 24.5357 30.0096 29.929 29.8806 29.8277 29.878 29.4304 29.3901 29.5251 
2.5498 2.5499 2.5501 2.5502 6.2391 6.169 6.0672 5.8451 5.4928 4.9014 2.4615 2.4829 2.3932 2.1182 1.9923 1.6626 1.3182 1.2711 1.3042 1.1077 0.9592 0.9963 0.8748 0.8607 0.7474 0.6014 0.5846 0.5076 0.5943 0.7608 0.6416 0.4857 0.0817 0.1389 0.1614 0.1062 0.5924 0.965 1.0477 0.9938 0.9017 0.7514 0.7411 0.7067 0.6687 0.5839 0.4956 0.4595 0.5125 0.8508 1.1656 1.4668 1.5653 1.7536 1.7692 1.7971 1.8514 1.9056 1.8705 1.9263 1.8756 1.8602 1.859 1.8578 1.8356 1.7666 1.6667 1.6533 1.3553 1.3333 0.937 0.9206 0.9066 0.7673 1.1295 8.486 9.3481 9.5039 11.6117 11.8462 12.1205 12.417 13.3731 13.487 13.5707 13.6205 16.124 17.2268 21.3486 16.2412 16.1821 21.4232 21.3935 21.3589 27.1421 27.1317 27.1418 29.3421 25.7386 26.4294 27.1968 26.9876 26.773 24.8161 24.7622 24.7173 24.6851 24.667 24.663 30.2272 30.1637 30.1257 30.0779 30.1231 29.7913 29.6089 
6.5408 6.5425 6.5456 6.5507 6.5576 6.467 6.4145 6.3255 6.1639 5.8491 5.2279 4.2913 2.2455 2.0877 1.987 1.8022 1.5952 1.3363 1.3213 1.3225 1.1506 1.0085 0.9817 0.9535 0.8324 0.7623 0.7189 0.6622 0.6944 0.8251 0.6669 0.2558 0.0814 0.095 0.1368 0.1982 0.7064 1.0695 1.1816 1.0988 1.0576 0.857 0.7552 0.7494 0.6852 0.611 0.5437 0.5209 0.5142 0.7268 0.9479 1.4278 1.4737 1.7561 1.766 1.7865 1.8425 1.9011 1.8693 1.9268 1.9257 1.8587 1.8577 1.8568 1.8376 1.7697 1.6693 1.658 1.3593 1.3407 0.9386 0.9248 0.9128 0.9027 1.0334 8.6399 9.4697 9.612 11.7436 11.9414 12.1646 12.4008 13.326 13.4145 13.4832 13.5292 13.5534 16.5778 21.4222 21.3722 16.1791 21.4239 21.4081 21.3867 21.365 27.2501 27.2509 29.395 25.8119 25.6156 26.3192 27.1061 26.9242 24.8953 24.8558 24.8211 24.7945 24.7779 24.7718 24.7758 30.4229 30.3724 30.3424 30.2981 30.3392 30.0015 
6.6939 6.7226 6.6798 6.7 6.727 6.7645 6.8189 6.9015 7.0319 7.2224 7.1779 3.4191 9.8166 4.0197 2.2591 1.9272 1.8054 1.6837 1.376 1.3558 1.3405 1.2061 1.0864 1.0392 1.0156 0.926 0.8051 0.7896 0.8451 0.7298 0.4045 0.3047 0.1521 0.093 0.1829 0.2811 0.9926 1.2631 1.2417 1.4055 1.3844 3.3522 3.1016 2.8152 0.6724 0.643 0.6077 0.5352 0.5184 0.7236 0.9212 1.2572 1.447 1.6013 1.7643 1.8189 1.7891 1.8977 1.868 1.9271 1.9262 1.9296 1.8567 1.8559 1.8387 1.7716 1.7632 1.6612 1.6527 1.3458 1.0726 0.9277 0.9173 0.9082 1.038 8.7618 9.064 11.6951 11.84 12.0077 12.1922 12.3847 13.2888 13.3594 13.4165 13.4577 13.483 16.5454 17.1658 21.4277 16.1763 16.1328 21.4183 21.4059 21.3919 25.1714 27.3453 27.3518 29.5644 25.7019 26.4187 26.2139 27.0515 24.1296 24.9335 24.9074 24.8863 24.8722 24.8658 24.8673 24.8762 30.5997 30.5592 30.5353 30.4936 30.5311 
13.2719 13.2431 13.2134 13.1839 13.1571 13.1374 13.1329 13.1583 15.7246 19.0966 17.7414 19.6413 19.5257 16.0441 12.7249 6.9901 2.202 3.6763 1.7998 2.9863 1.4318 1.3869 1.3 1.2169 1.0588 1.0121 1.1265 0.8946 1.0034 0.9806 0.4299 0.2672 0.1929 0.1013 0.1182 0.8097 1.4309 2.4752 2.474 1.5729 3.7224 7.0151 7.0124 6.1701 5.6132 0.6471 0.6263 0.6071 0.5377 0.785 0.9092 1.2317 1.2861 1.5856 1.7632 1.8156 1.8221 1.8953 1.898 1.9273 1.9265 1.9259 1.9285 1.8551 1.8392 1.8338 1.7656 1.6633 1.656 1.3494 1.3369 0.9296 0.9205 0.9125 1.0413 8.8583 9.1271 11.7844 11.9116 12.0549 12.2096 12.3693 13.2587 13.3162 13.3641 13.4007 13.4254 15.9931 16.4973 21.472 16.174 16.1384 21.4264 21.4201 21.4116 21.4032 27.4273 27.4283 29.5999 24.3036 25.6125 26.3483 27.1607 24.2196 24.1441 24.9805 24.9645 24.9531 24.9474 24.9477 24.954 24.9659 30.7601 30.7274 30.3429 30.6683 
13.5892 13.6165 13.6587 13.7232 13.8218 19.0864 21.9146 21.7888 21.7004 21.801 22.5963 25.2524 31.245 30.4103 30.7481 24.1387 14.7095 2.1988 11.2138 13.7483 3.535 1.5295 2.203 1.4625 1.3334 1.2005 1.48 1.7356 1.211 1.1771 0.9963 0.573 0.65 0.175 0.3871 1.9608 2.9688 4.434 4.4773 4.424 6.7908 9.7446 7.7268 7.0431 6.3751 6.0304 5.1404 0.6155 0.5409 0.7882 0.82 1.2179 1.2625 1.2973 1.5993 1.8136 1.8187 1.8936 1.896 1.9273 1.9267 1.9261 1.9294 1.8544 1.854 1.8349 1.7673 1.7616 1.6584 1.6526 1.3409 0.9308 0.9229 0.9157 1.0436 8.935 9.1745 11.8538 11.9657 12.0891 12.2205 12.355 13.2337 13.2814 13.3222 13.3545 13.3779 15.9581 16.4774 21.5072 17.5478 16.1424 16.1108 21.4313 21.4269 21.4218 21.4173 27.496 29.6364 24.3727 24.2283 25.5447 26.3008 27.1364 24.2308 25.0438 25.032 25.0233 25.0188 25.0188 25.0236 25.0329 25.0464 30.9062 30.8795 30.4987 
13.9009 13.9814 19.4921 22.5523 22.5449 22.5603 22.6225 22.7824 23.1517 23.9816 25.8285 33.3205 37.7778 38.1937 39.0928 37.0055 32.6862 20.6487 28.2445 24.8704 24.7052 7.0422 5.5793 4.8853 2.1065 1.8796 2.0725 1.4834 1.4139 1.3143 1.1444 0.7406 1.2112 2.047 3.8132 3.1591 2.781 3.5605 2.4594 2.5312 5.6563 8.1665 7.193 6.8374 6.6492 6.1979 5.9355 5.2076 2.0218 0.7913 0.8153 1.2109 1.2473 1.2774 1.5892 1.8123 1.8165 1.8717 1.8946 1.9273 1.9268 1.9263 1.9301 1.9287 1.8534 1.8356 1.7685 1.7635 1.6601 1.655 1.344 1.1982 0.9246 0.9182 1.2858 8.9961 11.8203 11.9084 12.0071 12.1142 12.2271 12.3419 13.2127 13.2529 13.2878 13.3164 13.3382 13.3532 16.4591 16.4464 21.5014 16.1455 16.1186 21.4408 21.4391 21.4366 21.4342 24.6657 27.5571 23.2595 24.3016 25.6328 26.398 26.2457 24.3067 24.2519 25.0913 25.085 25.0817 25.0819 25.0858 25.0935 25.1047 25.1191 31.0397 31.0179 
19.7001 22.8005 22.8197 22.857 22.9238 23.0396 23.2387 23.5824 24.1807 25.223 35.8311 36.8583 38.6542 40.9662 41.7745 39.5607 40.5923 42.3766 33.5106 37.2258 38.9726 25.0125 21.42 20.5486 10.6879 4.904 11.5631 6.0094 9.904 1.9841 2.559 4.6027 2.1086 1.4251 1.0943 2.4492 0.7268 0.7931 0.3574 1.5025 1.5014 4.3836 6.0605 6.3088 6.3512 6.3425 6.0505 5.7594 5.1974 2.2805 0.8127 1.2077 1.2376 1.2634 1.5819 1.5974 1.8149 1.8703 1.8934 1.895 1.9268 1.9264 1.9306 1.9294 1.8529 1.836 1.8486 1.7649 1.6613 1.6568 1.3462 1.3382 0.9259 0.9202 1.2884 9.0451 11.8724 11.9518 12.0392 12.133 12.2308 12.33 12.4276 13.229 13.2593 13.2847 13.3048 13.3194 15.922 16.433 21.5254 21.4984 16.1248 21.4493 21.4495 21.4488 21.448 21.4474 27.608 23.3388 24.3665 24.2452 25.586 26.3696 23.4148 24.3241 25.1439 25.1398 25.1378 25.1384 25.1419 25.1484 25.1579 25.1702 25.185 31.162 
22.9595 22.9961 23.0508 23.1325 23.2545 23.4377 23.7145 28.1456 28.8545 35.9248 36.5391 38.3784 39.0705 40.119 41.318 41.8303 41.8284 41.2937 38.5394 41.4888 38.9063 32.3731 25.7195 34.3069 35.0167 17.4173 22.995 24.9704 23.1699 16.8915 11.6951 13.0162 10.2142 5.1668 3.7558 6.8734 1.6268 0.4937 0.5609 0.6648 2.0315 4.4977 5.4454 5.8964 6.0827 6.1601 6.1908 5.8535 5.6558 5.14 2.3119 1.0195 1.2314 1.2535 1.5767 1.5903 1.8137 1.8164 1.8925 1.894 1.9268 1.9265 1.9262 1.9299 1.9289 1.8362 1.8492 1.766 1.7624 1.6582 1.6544 1.3407 0.9267 1.2453 8.1043 9.0845 11.9149 11.9865 12.0644 12.147 12.2326 12.3191 12.4042 13.2088 13.2353 13.2579 13.2763 13.2904 15.9077 16.4206 16.4115 21.5426 16.1298 16.1094 21.4586 21.4592 21.4595 21.4599 24.7175 23.4074 24.4241 24.3123 24.2025 25.5539 23.4867 23.4309 24.347 25.1891 25.1882 25.1892 25.1926 25.1984 25.2067 25.2173 25.2302 25.2451 
23.1138 23.1734 23.2552 23.3681 23.5248 27.9338 28.2861 35.6836 35.9512 36.345 36.8951 38.5073 38.9599 40.0904 41.9735 42.0126 41.5295 41.219 40.9996 40.0636 36.7036 33.4289 32.9508 32.5526 31.7652 26.5618 26.2727 29.045 30.7967 32.3854 23.0274 16.0405 14.4582 10.5353 6.8502 7.157 3.5285 1.4057 1.2219 0.6596 1.99 2.6094 5.3628 5.6992 5.902 6.0158 6.0784 6.1125 5.7389 5.5954 5.1105 2.2473 1.2275 1.2465 1.2632 1.5849 1.8128 1.8151 1.8704 1.8932 1.9268 1.9265 1.9262 1.9303 1.9294 1.8363 1.8497 1.8469 1.7635 1.6592 1.6558 1.3427 1.1981 1.2477 8.147 9.1163 11.9499 12.0147 12.0843 12.1576 12.2331 12.3092 12.3841 13.1915 13.2148 13.235 13.2519 13.2652 15.8819 16.4092 16.402 17.5982 21.4772 16.116 21.4668 21.4683 21.4695 21.4706 21.472 24.7535 23.3122 24.3719 24.2703 24.1717 23.5512 23.4984 23.4513 24.3735 25.2339 25.2354 25.2388 25.2441 25.2515 25.2609 25.2722 25.2853 
23.2521 23.3285 27.7095 27.8594 28.0644 28.3435 35.7546 35.9499 36.2196 36.5798 38.2481 38.4884 39.5548 41.2943 41.9761 42.0321 42.3966 40.9559 40.8064 40.7145 36.5699 33.575 33.4413 28.3184 29.2798 27.4659 28.2089 30.6538 32.2463 32.8801 26.8872 19.1972 17.2154 13.1302 9.6647 4.8353 3.6958 2.1664 1.7095 0.6691 1.6921 2.3002 5.0254 5.3075 5.8026 5.9171 5.9915 6.0389 6.0689 5.6674 5.5599 2.3379 2.2504 1.2415 1.2562 1.5807 1.5902 1.8142 1.8696 1.8925 1.9268 1.9265 1.9263 1.9307 1.9298 1.9291 1.85 1.8475 1.7644 1.7617 1.657 1.6541 1.2005 1.2497 8.1826 9.1421 11.9789 12.0377 12.1002 12.1656 12.2327 12.3001 12.3665 13.1764 13.1971 13.2153 13.2307 13.2433 13.2529 16.3987 16.393 17.6319 21.516 16.1215 16.1057 21.4765 21.4783 21.48 21.4817 21.4838 23.3749 24.4251 24.3307 24.239 25.6115 23.5593 23.5143 24.4306 25.2757 25.2776 25.281 25.2861 25.2928 25.3012 25.3113 25.323 
27.73 27.8313 27.964 28.1371 28.362 35.7909 35.9389 36.1338 36.3845 36.6963 38.2469 39.2824 39.4413 41.2507 41.9752 42.0185 42.3745 40.7241 40.6385 40.5467 39.1331 33.38 36.8171 28.2527 28.523 27.4162 29.9148 30.9629 31.7165 30.642 26.2183 22.6511 15.704 14.1023 10.8006 6.1284 3.565 2.9733 2.0426 1.7624 1.6696 2.2271 2.4206 5.2338 5.4032 5.8561 5.9295 5.9816 6.0178 6.0429 5.6218 5.2471 2.322 2.5282 1.251 1.3363 1.586 1.8135 1.8689 1.892 1.893 1.9265 1.9263 1.9261 1.9301 1.9294 1.8502 1.848 1.8459 1.7626 1.6579 1.6552 1.3404 1.2512 8.2125 9.163 12.0031 12.0566 12.113 12.1717 12.2317 12.2918 12.3511 13.1632 13.1817 13.1981 13.2122 13.224 13.2334 15.8689 16.3847 17.6592 21.5485 21.4676 16.112 21.484 21.4862 21.4883 21.4903 21.4926 19.4616 23.2992 24.3848 24.2993 24.2169 23.6145 23.5714 23.533 24.4554 25.3165 25.32 25.3248 25.331 25.3387 25.3478 25.3583 
27.9139 28.0304 28.1773 35.7196 35.8096 35.9252 36.0721 36.2555 36.4789 38.1023 38.2175 39.2428 41.1593 42.044 41.9684 41.9997 42.9506 40.5692 40.5118 40.4395 38.9936 33.0928 36.6766 27.14 27.8023 31.8932 30.1136 30.9511 31.3214 29.3491 25.4885 23.4199 18.074 13.8231 11.1354 10.0744 5.4274 3.1078 2.2238 1.9696 1.6695 1.8619 2.34 4.9011 5.3408 5.4527 5.888 5.9391 5.9774 6.0058 5.6634 5.5921 5.2174 2.3106 2.529 1.2575 1.5828 1.8129 1.8143 1.8697 1.8925 1.9265 1.9263 1.9262 1.9304 1.9298 1.9292 1.8484 1.8465 1.7634 1.6586 1.6562 1.4241 1.2524 8.2376 9.1801 12.0235 12.0722 12.1234 12.1763 12.2302 12.2842 12.3375 13.1516 13.1681 13.183 13.196 13.207 13.216 15.8509 16.377 16.3725 17.5906 21.5013 21.4308 21.4909 21.4934 21.4957 21.498 21.5004 19.4934 23.3562 24.4335 24.3535 24.2763 23.6647 23.6235 23.5864 23.5534 24.4813 25.3561 25.3607 25.3665 25.3736 25.3819 25.3914 
28.0731 28.1987 35.7443 35.8187 35.9114 36.0258 36.1653 36.3322 36.527 38.0884 39.1201 40.0944 41.9665 41.9405 41.9592 42.908 42.9446 40.4575 40.4157 42.2704 38.9035 36.8641 36.5504 30.6523 32.2645 34.1894 33.7762 30.8706 31.0788 28.4915 25.0227 23.7434 22.7066 13.6158 11.1899 10.3618 5.5981 3.1528 2.9241 2.1052 1.9325 1.8272 1.9641 2.3924 5.0095 5.4026 5.4817 5.9089 5.9464 5.9758 5.9985 5.6303 5.5724 2.3577 2.3023 1.2535 1.3389 1.5864 1.8137 1.8691 1.892 1.9265 1.9264 1.9262 1.9307 1.9301 1.9295 1.8487 1.8469 1.8452 1.7621 1.6569 1.6548 1.4671 8.2589 9.3412 12.0406 12.0852 12.1318 12.1797 12.2285 12.2772 12.3253 13.1412 13.1562 13.1697 13.1817 13.1919 13.2005 15.8353 16.3699 16.3662 17.6156 21.5302 21.4646 16.1106 21.5 21.5025 21.505 21.5075 21.5101 19.4314 24.4773 24.4023 24.3298 24.2603 23.6711 23.6353 23.6032 23.5748 25.3897 25.3941 25.3996 25.4062 25.4138 25.4225 
28.2088 35.7602 35.8225 35.8984 35.99 36.0994 36.2284 36.3775 37.9996 39.0402 39.9973 40.1075 41.9843 41.9343 41.9496 42.9113 42.9398 40.373 40.3411 42.2695 42.2246 36.7141 36.4506 30.3553 32.124 34.1569 33.8606 30.7885 31.052 27.9895 24.7241 23.8729 21.5772 16.8101 11.1537 10.5005 5.7053 5.3474 2.998 2.1906 2.0393 1.8101 1.92 2.0173 4.9389 5.3699 5.4415 5.5003 5.9234 5.9522 5.9754 5.994 5.6069 5.5592 2.3418 2.2961 1.3339 1.5837 1.8132 1.8687 1.8917 1.8923 1.9264 1.9262 1.9308 1.9303 1.9298 1.8489 1.8473 1.8457 1.7627 1.6576 1.6556 1.4682 9.2194 9.3433 12.0552 12.0961 12.1386 12.1823 12.2265 12.2708 12.3144 13.1319 13.1455 13.1579 13.1689 13.1785 13.1866 13.1933 15.8422 16.3602 16.4116 21.5551 21.4939 21.4362 21.5062 21.5088 21.5114 21.5139 21.5166 19.4614 19.3795 24.4465 24.3783 24.3127 23.7148 23.6803 23.6491 23.6213 23.5967 25.4254 25.4306 25.4368 25.4438 25.4518 
35.7704 35.8234 35.8866 35.9614 36.0495 36.1519 36.2692 36.401 37.9866 39.935 40.0188 41.9434 41.9953 41.928 41.9404 42.9131 42.9359 40.307 42.3054 42.2685 42.2335 36.5943 36.3737 32.2017 34.3858 34.1396 33.9169 30.7178 30.8832 27.6786 24.5215 23.9201 21.7681 17.0132 13.0762 10.5634 10.0623 5.482 3.0389 2.2438 2.1142 2.0107 1.8924 1.9741 2.0448 5.0147 5.4132 5.4676 5.5129 5.5501 5.9569 5.9757 5.9911 5.5902 5.2604 2.3297 2.5849 1.3402 1.5864 1.8683 1.8914 1.892 1.9264 1.9262 1.9261 1.9305 1.93 1.9296 1.8476 1.8462 1.7633 1.7617 1.6563 1.7803 9.2302 9.3448 12.0676 12.1053 12.1442 12.1841 12.2245 12.2648 12.3046 13.1236 13.1359 13.1473 13.1575 13.1664 13.1742 13.1806 15.829 16.3547 16.4124 17.585 21.5195 21.4653 21.5121 21.5147 21.5173 21.5199 21.5225 19.4876 19.411 24.4866 24.4223 24.3604 23.7548 23.7217 23.6914 23.6642 23.64 25.4548 25.4598 25.4655 25.4721 25.4795 
35.8225 35.8759 35.9382 36.0105 36.0936 36.1881 36.2938 37.9271 39.8936 39.9586 40.0315 41.9582 42.0019 41.9218 42.896 42.9141 42.9327 42.4648 42.2967 42.2674 42.2393 36.4994 36.314 32.0944 34.3184 34.1303 33.9569 30.6589 30.7664 27.4753 27.0458 23.931 21.8739 17.1456 16.5481 10.5874 10.1871 5.5729 3.0615 2.9585 2.1665 2.0744 1.8752 1.9443 2.0058 4.9714 5.0663 5.4433 5.4859 5.5219 5.552 5.9607 5.9762 5.6146 5.5781 2.3577 2.3204 2.8943 1.5842 1.868 1.8688 1.8917 1.9264 1.9262 1.9261 1.9307 1.9302 1.9298 1.8478 1.8465 1.8453 1.7622 1.6568 1.7808 9.2396 9.3458 12.0783 12.113 12.1488 12.1854 12.2224 12.2592 12.2956 13.116 13.1273 13.1377 13.1472 13.1556 13.1629 13.1691 15.8173 16.3496 16.4127 16.3847 21.5418 21.491 21.443 21.5202 21.5228 21.5254 21.528 21.5307 19.439 19.3686 24.4624 24.4038 24.3475 23.7598 23.7305 23.704 23.6801 23.659 25.4873 25.4927 25.4988 25.5057 
35.8662 35.9189 35.9794 36.0481 36.1256 36.2119 37.8813 39.8654 39.9168 39.9747 41.934 41.9685 42.0057 41.916 42.8995 42.9145 42.4862 42.4564 42.29 42.2663 42.2433 36.4238 36.6549 34.4203 34.2739 34.1255 33.9867 30.7693 30.6833 27.3359 26.9991 23.9257 21.9317 17.2302 16.733 10.5912 10.2666 5.6347 5.4642 2.9887 2.203 2.122 1.8647 1.9235 1.9772 2.0244 5.0274 5.1028 5.4651 5.4993 5.5286 5.5534 5.9639 5.9769 5.6005 5.5692 2.3448 2.5757 2.8842 1.813 1.8685 1.8914 1.9264 1.9262 1.9261 1.9308 1.9304 1.93 1.848 1.8468 1.8456 1.7627 1.6573 1.7812 8.5081 9.3464 12.0874 12.1196 12.1526 12.1863 12.2202 12.2541 12.2875 13.1091 13.1195 13.1291 13.1379 13.1458 13.1527 13.1586 15.8069 15.8228 16.3426 16.3868 21.5614 21.5136 21.4683 21.5255 21.528 21.5306 21.5331 21.5358 19.4637 19.3976 24.4989 24.4434 24.3901 23.7951 23.7668 23.7409 23.7175 23.6965 23.678 25.5183 25.5241 25.5305 